i	x_from_vent	y_from_vent	x_coord	y_coord	sigma_square	mass_released
0	192.7917	-280.1577	678155.7917	3531882.8423	120195.4358	2.9059e+02
1	225.9630	-334.5840	678188.9630	3531828.4160	142041.2651	2.6061e+02
2	266.4739	-402.1911	678229.4739	3531760.8089	178800.9087	2.3373e+02
3	314.0216	-480.3591	678277.0216	3531682.6409	220238.6040	2.0964e+02
4	368.8022	-564.4890	678331.8022	3531598.5110	265480.2392	1.8804e+02
5	430.6647	-652.3382	678393.6647	3531510.6618	316923.5526	1.6867e+02
6	499.0503	-742.6755	678462.0503	3531420.3245	376309.3784	1.5130e+02
7	573.6766	-834.6892	678536.6766	3531328.3108	444680.6160	1.3573e+02
8	653.8635	-927.3622	678616.8635	3531235.6378	522262.3889	1.2177e+02
9	738.7496	-1019.7529	678701.7496	3531143.2471	608228.8522	1.0925e+02
10	827.6524	-1111.1524	678790.6524	3531051.8476	702251.6171	9.8015e+01
11	920.4409	-1201.1014	678883.4409	3530961.8986	804329.5681	8.7943e+01
12	1017.0253	-1289.2431	678980.0253	3530873.7569	914361.8774	7.8909e+01
13	1116.7290	-1375.5918	679079.7290	3530787.4082	1032179.8224	7.0807e+01
14	1219.2926	-1460.0334	679182.2926	3530702.9666	1157548.3380	6.3539e+01
15	1324.8219	-1542.2568	679287.8219	3530620.7432	1290178.9377	5.7019e+01
16	1433.2244	-1622.0448	679396.2244	3530540.9552	1429747.7765	5.1171e+01
17	1543.7919	-1699.6644	679506.7919	3530463.3356	1575910.2156	4.5924e+01
18	1656.5427	-1774.9316	679619.5427	3530388.0684	1728286.0079	4.1217e+01
19	1771.7339	-1847.4170	679734.7339	3530315.5830	1886471.3186	3.6994e+01
20	1888.4601	-1917.6815	679851.4601	3530245.3185	2050066.0026	3.3204e+01
21	2007.0390	-1985.3075	679970.0390	3530177.6925	2218638.0943	2.9805e+01
22	2127.2666	-2050.4698	680090.2666	3530112.5302	2391755.8959	2.6754e+01
23	2248.4160	-2113.7415	680211.4160	3530049.2585	2565835.4007	2.4016e+01
24	2370.9342	-2175.6246	680333.9342	3529987.3754	2746142.9281	2.1560e+01
25	2493.6445	-2236.6629	680456.6445	3529926.3371	2929214.5325	1.9355e+01
26	2617.2471	-2296.7286	680580.2471	3529866.2714	3114546.4007	1.7376e+01
27	2741.0489	-2355.9090	680704.0489	3529807.0910	3301682.1183	1.5601e+01
28	2865.4320	-2414.1151	680828.4320	3529748.8849	3490169.6618	1.4007e+01
29	2989.9366	-2471.4145	680952.9366	3529691.5855	3679594.9835	1.2576e+01
30	3114.8608	-2527.7304	681077.8608	3529635.2696	3869553.2555	1.1292e+01
31	3239.7130	-2583.1598	681202.7130	3529579.8402	4059675.4122	1.0140e+01
32	3364.9629	-2637.5764	681327.9629	3529525.4236	4249596.0908	9.1051e+00
33	3489.8378	-2691.1762	681452.8378	3529471.8238	4438991.7766	8.1764e+00
34	3615.2187	-2743.7018	681578.2187	3529419.2982	4627527.9233	7.3426e+00
35	3740.1251	-2795.4380	681703.1251	3529367.5620	4814920.8108	6.5940e+00
36	3865.1537	-2846.1934	681828.1537	3529316.8066	5000874.6561	5.9220e+00
37	3989.9628	-2896.0804	681952.9628	3529266.9196	5185303.1162	5.3186e+00
38	4114.3285	-2945.1688	682077.3285	3529217.8312	5368703.6377	4.7769e+00
39	4238.8708	-2993.2389	682201.8708	3529169.7611	5550853.7103	4.2904e+00
40	4362.8202	-3040.5654	682325.8202	3529122.4346	5731479.1841	3.8536e+00
41	4486.4205	-3087.0560	682449.4205	3529075.9440	5910302.1251	3.4614e+00
42	4609.8901	-3132.6297	682572.8901	3529030.3703	6087059.1366	3.1092e+00
43	4732.7090	-3177.4925	682695.7090	3528985.5075	6261513.8041	2.7930e+00
44	4855.0575	-3221.5734	682818.0575	3528941.4266	6433429.5947	2.5089e+00
45	4977.2080	-3264.7635	682940.2080	3528898.2365	6602580.4296	2.2539e+00
46	5098.6588	-3307.2808	683061.6588	3528855.7192	6768766.1251	2.0248e+00
47	5219.4027	-3349.1351	683182.4027	3528813.8649	6931788.3115	1.8190e+00
48	5339.9301	-3390.1109	683302.9301	3528772.8891	7091449.7550	1.6342e+00
49	5459.8018	-3430.4159	683422.8018	3528732.5841	7247580.5562	1.4683e+00
50	5578.9260	-3470.1001	683541.9260	3528692.8999	7400013.7900	1.3192e+00
51	5697.2973	-3509.1747	683660.2973	3528653.8253	7548589.9534	1.1853e+00
52	5815.3824	-3547.4520	683778.3824	3528615.5480	7693149.8699	1.0650e+00
53	5932.7297	-3585.1323	683895.7297	3528577.8677	7824569.3246	9.5691e-01
54	6049.2628	-3622.2580	684012.2628	3528540.7420	7961126.4804	8.5984e-01
55	6164.9381	-3658.8334	684127.9381	3528504.1666	8093545.5758	7.7264e-01
56	6279.7762	-3694.8351	684242.7762	3528468.1649	8221356.1927	6.9430e-01
57	6394.0417	-3730.1501	684357.0417	3528432.8499	8344108.1366	6.2392e-01
58	6507.3075	-3764.9276	684470.3075	3528398.0724	8461389.1107	5.6068e-01
59	6619.5390	-3799.1713	684582.5390	3528363.8287	8572806.1741	5.0387e-01
60	6730.7032	-3832.8856	684693.7032	3528330.1144	8677993.4460	4.5283e-01
61	6840.7694	-3866.0759	684803.7694	3528296.9241	8776612.7309	4.0697e-01
62	6949.7086	-3898.7485	684912.7086	3528264.2515	8868354.0442	3.6576e-01
63	7055.4259	-3930.2591	685018.4259	3528232.7409	8952798.5022	3.2873e-01
64	7156.4666	-3960.1651	685119.4666	3528202.8349	9029598.6843	2.9546e-01
65	7256.9718	-3989.7875	685219.9718	3528173.2125	9098808.5557	2.6556e-01
66	7356.9215	-4019.1363	685319.9215	3528143.8637	9160234.6203	2.3869e-01
67	7456.2965	-4048.2217	685419.2965	3528114.7783	9213712.8904	2.1455e-01
68	7555.0782	-4077.0543	685518.0782	3528085.9457	9259108.9474	1.9285e-01
69	7653.2491	-4105.6453	685616.2491	3528057.3547	9296317.9435	1.7335e-01
70	7750.7921	-4134.0057	685713.7921	3528028.9943	9325264.5466	1.5583e-01
71	7847.6914	-4162.1471	685810.6914	3528000.8529	9345902.8352	1.4008e-01
72	7943.9444	-4190.0848	685906.9444	3527972.9152	9357356.9612	1.2593e-01
73	8039.9814	-4217.9576	686002.9814	3527945.0424	9357356.9612	1.1320e-01
74	8136.0184	-4245.8303	686099.0184	3527917.1697	9357356.9612	1.0177e-01
75	8232.0555	-4273.7030	686195.0555	3527889.2970	9357356.9612	9.1492e-02
76	8328.0925	-4301.5758	686291.0925	3527861.4242	9357356.9612	8.2254e-02
77	8424.1295	-4329.4485	686387.1295	3527833.5515	9357356.9612	7.3951e-02
78	8520.1665	-4357.3212	686483.1665	3527805.6788	9357356.9612	6.6487e-02
79	8616.2036	-4385.1939	686579.2036	3527777.8061	9357356.9612	5.9777e-02
80	8712.2406	-4413.0667	686675.2406	3527749.9333	9357356.9612	5.3746e-02
81	8808.2776	-4440.9394	686771.2776	3527722.0606	9357356.9612	4.8325e-02
82	8904.3147	-4468.8121	686867.3147	3527694.1879	9357356.9612	4.3451e-02
83	9000.3517	-4496.6849	686963.3517	3527666.3151	9357356.9612	3.9069e-02
84	9096.3887	-4524.5576	687059.3887	3527638.4424	9357356.9612	3.5130e-02
85	9192.4257	-4552.4303	687155.4257	3527610.5697	9357356.9612	3.1589e-02
86	9288.4628	-4580.3030	687251.4628	3527582.6970	9357356.9612	2.8405e-02
87	9384.4998	-4608.1758	687347.4998	3527554.8242	9357356.9612	2.5543e-02
88	9480.5368	-4636.0485	687443.5368	3527526.9515	9357356.9612	2.2969e-02
89	9576.5739	-4663.9212	687539.5739	3527499.0788	9357356.9612	2.0655e-02
90	9672.6109	-4691.7940	687635.6109	3527471.2060	9357356.9612	1.8575e-02
91	9768.6479	-4719.6667	687731.6479	3527443.3333	9357356.9612	1.6705e-02
92	9864.6850	-4747.5394	687827.6850	3527415.4606	9357356.9612	1.5023e-02
93	9960.7220	-4775.4122	687923.7220	3527387.5878	9357356.9612	1.3510e-02
94	10056.7590	-4803.2849	688019.7590	3527359.7151	9357356.9612	1.2150e-02
95	10152.7960	-4831.1576	688115.7960	3527331.8424	9357356.9612	1.0928e-02
96	10248.8331	-4859.0303	688211.8331	3527303.9697	9357356.9612	9.8281e-03
97	10344.8701	-4886.9031	688307.8701	3527276.0969	9357356.9612	8.8394e-03
98	10440.9071	-4914.7758	688403.9071	3527248.2242	9357356.9612	7.9502e-03
99	10536.9442	-4942.6485	688499.9442	3527220.3515	9357356.9612	7.1507e-03
100	10632.9812	-4970.5213	688595.9812	3527192.4787	9357356.9612	6.4316e-03
101	10729.0182	-4998.3940	688692.0182	3527164.6060	9357356.9612	5.7849e-03
102	10825.0552	-5026.2667	688788.0552	3527136.7333	9357356.9612	5.2034e-03
103	10921.0923	-5054.1394	688884.0923	3527108.8606	9357356.9612	4.6804e-03
104	11017.1293	-5082.0122	688980.1293	3527080.9878	9357356.9612	4.2100e-03
105	11113.1663	-5109.8849	689076.1663	3527053.1151	9357356.9612	3.7870e-03
106	11209.2034	-5137.7576	689172.2034	3527025.2424	9357356.9612	3.4065e-03
107	11305.2404	-5165.6304	689268.2404	3526997.3696	9357356.9612	3.0643e-03
108	11401.2774	-5193.5031	689364.2774	3526969.4969	9357356.9612	2.7565e-03
109	11497.3144	-5221.3758	689460.3144	3526941.6242	9357356.9612	2.4797e-03
110	11593.3515	-5249.2486	689556.3515	3526913.7514	9357356.9612	2.2307e-03
111	11689.3885	-5277.1213	689652.3885	3526885.8787	9357356.9612	2.0067e-03
112	11785.4255	-5304.9940	689748.4255	3526858.0060	9357356.9612	1.8053e-03
113	11881.4626	-5332.8667	689844.4626	3526830.1333	9357356.9612	1.6241e-03
114	11977.4996	-5360.7395	689940.4996	3526802.2605	9357356.9612	1.4611e-03
115	12073.5366	-5388.6122	690036.5366	3526774.3878	9357356.9612	1.3145e-03
116	12169.5736	-5416.4849	690132.5736	3526746.5151	9357356.9612	1.1826e-03
117	12265.6107	-5444.3577	690228.6107	3526718.6423	9357356.9612	1.0640e-03
118	12361.6477	-5472.2304	690324.6477	3526690.7696	9357356.9612	9.5726e-04
119	12457.6847	-5500.1031	690420.6847	3526662.8969	9357356.9612	8.6125e-04
120	12553.7218	-5527.9758	690516.7218	3526635.0242	9357356.9612	7.7489e-04
121	12649.7588	-5555.8486	690612.7588	3526607.1514	9357356.9612	6.9720e-04
122	12745.7958	-5583.7213	690708.7958	3526579.2787	9357356.9612	6.2730e-04
123	12841.8329	-5611.5940	690804.8329	3526551.4060	9357356.9612	5.6442e-04
124	12937.8699	-5639.4668	690900.8699	3526523.5332	9357356.9612	5.0785e-04
125	13033.9069	-5667.3395	690996.9069	3526495.6605	9357356.9612	4.5695e-04
126	13129.9439	-5695.2122	691092.9439	3526467.7878	9357356.9612	4.1117e-04
127	13225.9810	-5723.0850	691188.9810	3526439.9150	9357356.9612	3.6997e-04
128	13322.0180	-5750.9577	691285.0180	3526412.0423	9357356.9612	3.3291e-04
129	13418.0550	-5778.8304	691381.0550	3526384.1696	9357356.9612	2.9956e-04
130	13514.0921	-5806.7031	691477.0921	3526356.2969	9357356.9612	2.6956e-04
131	13610.1291	-5834.5759	691573.1291	3526328.4241	9357356.9612	2.4257e-04
132	13706.1661	-5862.4486	691669.1661	3526300.5514	9357356.9612	2.1828e-04
133	13802.2031	-5890.3213	691765.2031	3526272.6787	9357356.9612	1.9642e-04
134	13898.2402	-5918.1941	691861.2402	3526244.8059	9357356.9612	1.7676e-04
135	13994.2772	-5946.0668	691957.2772	3526216.9332	9357356.9612	1.5907e-04
136	14090.3142	-5973.9395	692053.3142	3526189.0605	9357356.9612	1.4315e-04
137	14186.3513	-6001.8122	692149.3513	3526161.1878	9357356.9612	1.2882e-04
138	14282.3883	-6029.6850	692245.3883	3526133.3150	9357356.9612	1.1593e-04
139	14378.4253	-6057.5577	692341.4253	3526105.4423	9357356.9612	1.0433e-04
140	14474.4623	-6085.4304	692437.4623	3526077.5696	9357356.9612	9.3894e-05
141	14570.4994	-6113.3032	692533.4994	3526049.6968	9357356.9612	8.4502e-05
142	14666.5364	-6141.1759	692629.5364	3526021.8241	9357356.9612	7.6050e-05
143	14762.5734	-6169.0486	692725.5734	3525993.9514	9357356.9612	6.8444e-05
144	14858.6105	-6196.9214	692821.6105	3525966.0786	9357356.9612	6.1600e-05
145	14954.6475	-6224.7941	692917.6475	3525938.2059	9357356.9612	5.5441e-05
146	15050.6845	-6252.6668	693013.6845	3525910.3332	9357356.9612	4.9898e-05
147	15146.7216	-6280.5395	693109.7216	3525882.4605	9357356.9612	4.4910e-05
148	15242.7586	-6308.4123	693205.7586	3525854.5877	9357356.9612	4.0421e-05
149	15338.7956	-6336.2850	693301.7956	3525826.7150	9357356.9612	3.6381e-05
150	15434.8326	-6364.1577	693397.8326	3525798.8423	9357356.9612	3.2745e-05
151	15530.8697	-6392.0305	693493.8697	3525770.9695	9357356.9612	2.9473e-05
152	15626.9067	-6419.9032	693589.9067	3525743.0968	9357356.9612	2.6528e-05
153	15722.9437	-6447.7759	693685.9437	3525715.2241	9357356.9612	2.3878e-05
154	15818.9808	-6475.6486	693781.9808	3525687.3514	9357356.9612	2.1493e-05
155	15915.0178	-6503.5214	693878.0178	3525659.4786	9357356.9612	1.9346e-05
156	16011.0548	-6531.3941	693974.0548	3525631.6059	9357356.9612	1.7414e-05
157	16107.0918	-6559.2668	694070.0918	3525603.7332	9357356.9612	1.5674e-05
158	16203.1289	-6587.1396	694166.1289	3525575.8604	9357356.9612	1.4109e-05
159	16299.1659	-6615.0123	694262.1659	3525547.9877	9357356.9612	1.2700e-05
160	16395.2029	-6642.8850	694358.2029	3525520.1150	9357356.9612	1.1432e-05
161	16491.2400	-6670.7578	694454.2400	3525492.2422	9357356.9612	1.0291e-05
162	16587.2770	-6698.6305	694550.2770	3525464.3695	9357356.9612	9.2639e-06
163	16683.3140	-6726.5032	694646.3140	3525436.4968	9357356.9612	8.3392e-06
164	16779.3510	-6754.3759	694742.3510	3525408.6241	9357356.9612	7.5070e-06
165	16875.3881	-6782.2487	694838.3881	3525380.7513	9357356.9612	6.7578e-06
166	16971.4251	-6810.1214	694934.4251	3525352.8786	9357356.9612	6.0835e-06
167	17067.4621	-6837.9941	695030.4621	3525325.0059	9357356.9612	5.4765e-06
168	17163.4992	-6865.8669	695126.4992	3525297.1331	9357356.9612	4.9301e-06
169	17259.5362	-6893.7396	695222.5362	3525269.2604	9357356.9612	4.4383e-06
170	17355.5732	-6921.6123	695318.5732	3525241.3877	9357356.9612	3.9956e-06
171	17451.6102	-6949.4850	695414.6102	3525213.5150	9357356.9612	3.5971e-06
172	17547.6473	-6977.3578	695510.6473	3525185.6422	9357356.9612	3.2383e-06
173	17643.6843	-7005.2305	695606.6843	3525157.7695	9357356.9612	2.9154e-06
174	17739.7213	-7033.1032	695702.7213	3525129.8968	9357356.9612	2.6247e-06
175	17835.7584	-7060.9760	695798.7584	3525102.0240	9357356.9612	2.3630e-06
176	17931.7954	-7088.8487	695894.7954	3525074.1513	9357356.9612	2.1274e-06
177	18027.8324	-7116.7214	695990.8324	3525046.2786	9357356.9612	1.9153e-06
178	18123.8695	-7144.5942	696086.8695	3525018.4058	9357356.9612	1.7244e-06
179	18219.9065	-7172.4669	696182.9065	3524990.5331	9357356.9612	1.5525e-06
180	18315.9435	-7200.3396	696278.9435	3524962.6604	9357356.9612	1.3978e-06
181	18411.9805	-7228.2123	696374.9805	3524934.7877	9357356.9612	1.2585e-06
182	18508.0176	-7256.0851	696471.0176	3524906.9149	9357356.9612	1.1331e-06
183	18604.0546	-7283.9578	696567.0546	3524879.0422	9357356.9612	1.0202e-06
184	18700.0916	-7311.8305	696663.0916	3524851.1695	9357356.9612	9.1854e-07
185	18796.1287	-7339.7033	696759.1287	3524823.2967	9357356.9612	8.2703e-07
186	18892.1657	-7367.5760	696855.1657	3524795.4240	9357356.9612	7.4464e-07
187	18988.2027	-7395.4487	696951.2027	3524767.5513	9357356.9612	6.7047e-07
188	19084.2397	-7423.3214	697047.2397	3524739.6786	9357356.9612	6.0369e-07
189	19180.2768	-7451.1942	697143.2768	3524711.8058	9357356.9612	5.4357e-07
190	19276.3138	-7479.0669	697239.3138	3524683.9331	9357356.9612	4.8943e-07
191	19372.3508	-7506.9396	697335.3508	3524656.0604	9357356.9612	4.4070e-07
192	19468.3879	-7534.8124	697431.3879	3524628.1876	9357356.9612	3.9681e-07
193	19564.4249	-7562.6851	697527.4249	3524600.3149	9357356.9612	3.5731e-07
194	19660.4619	-7590.5578	697623.4619	3524572.4422	9357356.9612	3.2173e-07
195	19756.4989	-7618.4306	697719.4989	3524544.5694	9357356.9612	2.8970e-07
196	19852.5360	-7646.3033	697815.5360	3524516.6967	9357356.9612	2.6087e-07
197	19948.5730	-7674.1760	697911.5730	3524488.8240	9357356.9612	2.3490e-07
198	20044.6100	-7702.0487	698007.6100	3524460.9513	9357356.9612	2.1152e-07
199	20140.6471	-7729.9215	698103.6471	3524433.0785	9357356.9612	1.9047e-07
200	20236.6841	-7757.7942	698199.6841	3524405.2058	9357356.9612	1.7152e-07
201	20332.7211	-7785.6669	698295.7211	3524377.3331	9357356.9612	1.5445e-07
202	20428.7582	-7813.5397	698391.7582	3524349.4603	9357356.9612	1.3908e-07
203	20524.7952	-7841.4124	698487.7952	3524321.5876	9357356.9612	1.2524e-07
204	20620.8322	-7869.2851	698583.8322	3524293.7149	9357356.9612	1.1278e-07
205	20716.8692	-7897.1578	698679.8692	3524265.8422	9357356.9612	1.0156e-07
206	20812.9063	-7925.0306	698775.9063	3524237.9694	9357356.9612	9.1461e-08
207	20908.9433	-7952.9033	698871.9433	3524210.0967	9357356.9612	8.2364e-08
208	21004.9803	-7980.7760	698967.9803	3524182.2240	9357356.9612	7.4172e-08
209	21101.0174	-8008.6488	699064.0174	3524154.3512	9357356.9612	6.6796e-08
210	21197.0544	-8036.5215	699160.0544	3524126.4785	9357356.9612	6.0153e-08
211	21293.0914	-8064.3942	699256.0914	3524098.6058	9357356.9612	5.4172e-08
212	21389.1284	-8092.2670	699352.1284	3524070.7330	9357356.9612	4.8785e-08
213	21485.1655	-8120.1397	699448.1655	3524042.8603	9357356.9612	4.3935e-08
214	21581.2025	-8148.0124	699544.2025	3524014.9876	9357356.9612	3.9567e-08
215	21677.2395	-8175.8851	699640.2395	3523987.1149	9357356.9612	3.5633e-08
216	21773.2766	-8203.7579	699736.2766	3523959.2421	9357356.9612	3.2091e-08
217	21869.3136	-8231.6306	699832.3136	3523931.3694	9357356.9612	2.8901e-08
218	21965.3506	-8259.5033	699928.3506	3523903.4967	9357356.9612	2.6028e-08
219	22061.3876	-8287.3761	700024.3876	3523875.6239	9357356.9612	2.3442e-08
220	22157.4247	-8315.2488	700120.4247	3523847.7512	9357356.9612	2.1112e-08
221	22253.4617	-8343.1215	700216.4617	3523819.8785	9357356.9612	1.9014e-08
222	22349.4987	-8370.9942	700312.4987	3523792.0058	9357356.9612	1.7124e-08
223	22445.5358	-8398.8670	700408.5358	3523764.1330	9357356.9612	1.5423e-08
224	22541.5728	-8426.7397	700504.5728	3523736.2603	9357356.9612	1.3891e-08
225	22637.6098	-8454.6124	700600.6098	3523708.3876	9357356.9612	1.2510e-08
226	22733.6468	-8482.4852	700696.6468	3523680.5148	9357356.9612	1.1268e-08
227	22829.6839	-8510.3579	700792.6839	3523652.6421	9357356.9612	1.0148e-08
228	22925.7209	-8538.2306	700888.7209	3523624.7694	9357356.9612	9.1402e-09
229	23021.7579	-8566.1034	700984.7579	3523596.8966	9357356.9612	8.2324e-09
230	23117.7950	-8593.9761	701080.7950	3523569.0239	9357356.9612	7.4147e-09
231	23213.8320	-8621.8488	701176.8320	3523541.1512	9357356.9612	6.6783e-09
232	23309.8690	-8649.7215	701272.8690	3523513.2785	9357356.9612	6.0151e-09
233	23405.9061	-8677.5943	701368.9061	3523485.4057	9357356.9612	5.4177e-09
234	23501.9431	-8705.4670	701464.9431	3523457.5330	9357356.9612	4.8798e-09
235	23597.9801	-8733.3397	701560.9801	3523429.6603	9357356.9612	4.3952e-09
236	23694.0171	-8761.2125	701657.0171	3523401.7875	9357356.9612	3.9588e-09
237	23790.0542	-8789.0852	701753.0542	3523373.9148	9357356.9612	3.5658e-09
238	23886.0912	-8816.9579	701849.0912	3523346.0421	9357356.9612	3.2118e-09
239	23982.1282	-8844.8306	701945.1282	3523318.1694	9357356.9612	2.8930e-09
240	24078.1653	-8872.7034	702041.1653	3523290.2966	9357356.9612	2.6058e-09
241	24174.2023	-8900.5761	702137.2023	3523262.4239	9357356.9612	2.3471e-09
242	24270.2393	-8928.4488	702233.2393	3523234.5512	9357356.9612	2.1142e-09
243	24366.2763	-8956.3216	702329.2763	3523206.6784	9357356.9612	1.9043e-09
244	24462.3134	-8984.1943	702425.3134	3523178.8057	9357356.9612	1.7153e-09
245	24558.3504	-9012.0670	702521.3504	3523150.9330	9357356.9612	1.5451e-09
246	24654.3874	-9039.9398	702617.3874	3523123.0602	9357356.9612	1.3918e-09
247	24750.4245	-9067.8125	702713.4245	3523095.1875	9357356.9612	1.2537e-09
248	24846.4615	-9095.6852	702809.4615	3523067.3148	9357356.9612	1.1293e-09
249	24942.4985	-9123.5579	702905.4985	3523039.4421	9357356.9612	1.0172e-09
250	25038.5355	-9151.4307	703001.5355	3523011.5693	9357356.9612	9.1632e-10
251	25134.5726	-9179.3034	703097.5726	3522983.6966	9357356.9612	8.2541e-10
252	25230.6096	-9207.1761	703193.6096	3522955.8239	9357356.9612	7.4353e-10
253	25326.6466	-9235.0489	703289.6466	3522927.9511	9357356.9612	6.6977e-10
254	25422.6837	-9262.9216	703385.6837	3522900.0784	9357356.9612	6.0334e-10
255	25518.7207	-9290.7943	703481.7207	3522872.2057	9357356.9612	5.4349e-10
256	25614.7577	-9318.6670	703577.7577	3522844.3330	9357356.9612	4.8959e-10
257	25710.7947	-9346.5398	703673.7947	3522816.4602	9357356.9612	4.4103e-10
258	25806.8318	-9374.4125	703769.8318	3522788.5875	9357356.9612	3.9729e-10
259	25902.8688	-9402.2852	703865.8688	3522760.7148	9357356.9612	3.5789e-10
260	25998.9058	-9430.1580	703961.9058	3522732.8420	9357356.9612	3.2240e-10
261	26094.9429	-9458.0307	704057.9429	3522704.9693	9357356.9612	2.9044e-10
262	26190.9799	-9485.9034	704153.9799	3522677.0966	9357356.9612	2.6164e-10
263	26287.0169	-9513.7762	704250.0169	3522649.2238	9357356.9612	2.3570e-10
264	26383.0540	-9541.6489	704346.0540	3522621.3511	9357356.9612	2.1233e-10
265	26479.0910	-9569.5216	704442.0910	3522593.4784	9357356.9612	1.9128e-10
266	26575.1280	-9597.3943	704538.1280	3522565.6057	9357356.9612	1.7232e-10
267	26671.1650	-9625.2671	704634.1650	3522537.7329	9357356.9612	1.5523e-10
268	26767.2021	-9653.1398	704730.2021	3522509.8602	9357356.9612	1.3985e-10
269	26863.2391	-9681.0125	704826.2391	3522481.9875	9357356.9612	1.2599e-10
270	26959.2761	-9708.8853	704922.2761	3522454.1147	9357356.9612	1.1350e-10
271	27055.3132	-9736.7580	705018.3132	3522426.2420	9357356.9612	1.0225e-10
272	27151.3502	-9764.6307	705114.3502	3522398.3693	9357356.9612	9.2116e-11
273	27247.3872	-9792.5034	705210.3872	3522370.4966	9357356.9612	8.2987e-11
274	27343.4242	-9820.3762	705306.4242	3522342.6238	9357356.9612	7.4763e-11
275	27439.4613	-9848.2489	705402.4613	3522314.7511	9357356.9612	6.7354e-11
276	27535.4983	-9876.1216	705498.4983	3522286.8784	9357356.9612	6.0680e-11
277	27631.5353	-9903.9944	705594.5353	3522259.0056	9357356.9612	5.4668e-11
278	27727.5724	-9931.8671	705690.5724	3522231.1329	9357356.9612	4.9251e-11
279	27823.6094	-9959.7398	705786.6094	3522203.2602	9357356.9612	4.4372e-11
280	27919.6464	-9987.6126	705882.6464	3522175.3874	9357356.9612	3.9976e-11
281	28015.6834	-10015.4853	705978.6834	3522147.5147	9357356.9612	3.6015e-11
282	28111.7205	-10043.3580	706074.7205	3522119.6420	9357356.9612	3.2448e-11
283	28207.7575	-10071.2307	706170.7575	3522091.7693	9357356.9612	2.9233e-11
284	28303.7945	-10099.1035	706266.7945	3522063.8965	9357356.9612	2.6338e-11
285	28399.8316	-10126.9762	706362.8316	3522036.0238	9357356.9612	2.3729e-11
286	28495.8686	-10154.8489	706458.8686	3522008.1511	9357356.9612	2.1379e-11
287	28591.9056	-10182.7217	706554.9056	3521980.2783	9357356.9612	1.9261e-11
288	28687.9427	-10210.5944	706650.9427	3521952.4056	9357356.9612	1.7354e-11
289	28783.9797	-10238.4671	706746.9797	3521924.5329	9357356.9612	1.5635e-11
290	28880.0167	-10266.3399	706843.0167	3521896.6601	9357356.9612	1.4087e-11
291	28976.0537	-10294.2126	706939.0537	3521868.7874	9357356.9612	1.2692e-11
292	29072.0908	-10322.0853	707035.0908	3521840.9147	9357356.9612	1.1435e-11
293	29168.1278	-10349.9580	707131.1278	3521813.0420	9357356.9612	1.0303e-11
294	29264.1648	-10377.8308	707227.1648	3521785.1692	9357356.9612	9.2826e-12
295	29360.2019	-10405.7035	707323.2019	3521757.2965	9357356.9612	8.3635e-12
296	29456.2389	-10433.5762	707419.2389	3521729.4238	9357356.9612	7.5355e-12
297	29552.2759	-10461.4490	707515.2759	3521701.5510	9357356.9612	6.7895e-12
298	29648.3129	-10489.3217	707611.3129	3521673.6783	9357356.9612	6.1173e-12
299	29744.3500	-10517.1944	707707.3500	3521645.8056	9357356.9612	5.5117e-12
300	29840.3870	-10545.0671	707803.3870	3521617.9329	9357356.9612	4.9661e-12
301	29936.4240	-10572.9399	707899.4240	3521590.0601	9357356.9612	4.4746e-12
302	30032.4611	-10600.8126	707995.4611	3521562.1874	9357356.9612	4.0316e-12
303	30128.4981	-10628.6853	708091.4981	3521534.3147	9357356.9612	3.6326e-12
304	30224.5351	-10656.5581	708187.5351	3521506.4419	9357356.9612	3.2731e-12
305	30320.5721	-10684.4308	708283.5721	3521478.5692	9357356.9612	2.9491e-12
306	30416.6092	-10712.3035	708379.6092	3521450.6965	9357356.9612	2.6573e-12
307	30512.6462	-10740.1763	708475.6462	3521422.8237	9357356.9612	2.3943e-12
308	30608.6832	-10768.0490	708571.6832	3521394.9510	9357356.9612	2.1573e-12
309	30704.7203	-10795.9217	708667.7203	3521367.0783	9357356.9612	1.9439e-12
310	30800.7573	-10823.7944	708763.7573	3521339.2056	9357356.9612	1.7515e-12
311	30896.7943	-10851.6672	708859.7943	3521311.3328	9357356.9612	1.5782e-12
312	30992.8313	-10879.5399	708955.8313	3521283.4601	9357356.9612	1.4220e-12
313	31088.8684	-10907.4126	709051.8684	3521255.5874	9357356.9612	1.2813e-12
314	31184.9054	-10935.2854	709147.9054	3521227.7146	9357356.9612	1.1546e-12
315	31280.9424	-10963.1581	709243.9424	3521199.8419	9357356.9612	1.0403e-12
316	31376.9795	-10991.0308	709339.9795	3521171.9692	9357356.9612	9.3742e-13
317	31473.0165	-11018.9035	709436.0165	3521144.0965	9357356.9612	8.4468e-13
318	31569.0535	-11046.7763	709532.0535	3521116.2237	9357356.9612	7.6112e-13
319	31665.0906	-11074.6490	709628.0906	3521088.3510	9357356.9612	6.8583e-13
320	31761.1276	-11102.5217	709724.1276	3521060.4783	9357356.9612	6.1799e-13
321	31857.1646	-11130.3945	709820.1646	3521032.6055	9357356.9612	5.5686e-13
322	31953.2016	-11158.2672	709916.2016	3521004.7328	9357356.9612	5.0178e-13
323	32049.2387	-11186.1399	710012.2387	3520976.8601	9357356.9612	4.5215e-13
324	32145.2757	-11214.0127	710108.2757	3520948.9873	9357356.9612	4.0743e-13
325	32241.3127	-11241.8854	710204.3127	3520921.1146	9357356.9612	3.6714e-13
326	32337.3498	-11269.7581	710300.3498	3520893.2419	9357356.9612	3.3083e-13
327	32433.3868	-11297.6308	710396.3868	3520865.3692	9357356.9612	2.9811e-13
328	32529.4238	-11325.5036	710492.4238	3520837.4964	9357356.9612	2.6863e-13
329	32625.4608	-11353.3763	710588.4608	3520809.6237	9357356.9612	2.4207e-13
330	32721.4979	-11381.2490	710684.4979	3520781.7510	9357356.9612	2.1813e-13
331	32817.5349	-11409.1218	710780.5349	3520753.8782	9357356.9612	1.9656e-13
332	32913.5719	-11436.9945	710876.5719	3520726.0055	9357356.9612	1.7713e-13
333	33009.6090	-11464.8672	710972.6090	3520698.1328	9357356.9612	1.5961e-13
334	33105.6460	-11492.7399	711068.6460	3520670.2601	9357356.9612	1.4383e-13
335	33201.6830	-11520.6127	711164.6830	3520642.3873	9357356.9612	1.2961e-13
336	33297.7200	-11548.4854	711260.7200	3520614.5146	9357356.9612	1.1680e-13
337	33393.7571	-11576.3581	711356.7571	3520586.6419	9357356.9612	1.0525e-13
338	33489.7941	-11604.2309	711452.7941	3520558.7691	9357356.9612	9.4847e-14
339	33585.8311	-11632.1036	711548.8311	3520530.8964	9357356.9612	8.5471e-14
340	33681.8682	-11659.9763	711644.8682	3520503.0237	9357356.9612	7.7022e-14
341	33777.9052	-11687.8491	711740.9052	3520475.1509	9357356.9612	6.9408e-14
342	33873.9422	-11715.7218	711836.9422	3520447.2782	9357356.9612	6.2547e-14
343	33969.9792	-11743.5945	711932.9792	3520419.4055	9357356.9612	5.6365e-14
344	34066.0163	-11771.4672	712029.0163	3520391.5328	9357356.9612	5.0794e-14
345	34162.0533	-11799.3400	712125.0533	3520363.6600	9357356.9612	4.5774e-14
346	34258.0903	-11827.2127	712221.0903	3520335.7873	9357356.9612	4.1250e-14
347	34354.1274	-11855.0854	712317.1274	3520307.9146	9357356.9612	3.7173e-14
348	34450.1644	-11882.9582	712413.1644	3520280.0418	9357356.9612	3.3499e-14
349	34546.2014	-11910.8309	712509.2014	3520252.1691	9357356.9612	3.0189e-14
350	34642.2385	-11938.7036	712605.2385	3520224.2964	9357356.9612	2.7205e-14
351	34738.2755	-11966.5763	712701.2755	3520196.4237	9357356.9612	2.4517e-14
352	34834.3125	-11994.4491	712797.3125	3520168.5509	9357356.9612	2.2094e-14
353	34930.3495	-12022.3218	712893.3495	3520140.6782	9357356.9612	1.9911e-14
354	35026.3866	-12050.1945	712989.3866	3520112.8055	9357356.9612	1.7944e-14
355	35122.4236	-12078.0673	713085.4236	3520084.9327	9357356.9612	1.6171e-14
356	35218.4606	-12105.9400	713181.4606	3520057.0600	9357356.9612	1.4573e-14
357	35314.4977	-12133.8127	713277.4977	3520029.1873	9357356.9612	1.3133e-14
358	35410.5347	-12161.6855	713373.5347	3520001.3145	9357356.9612	1.1836e-14
359	35506.5717	-12189.5582	713469.5717	3519973.4418	9357356.9612	1.0666e-14
360	35602.6087	-12217.4309	713565.6087	3519945.5691	9357356.9612	9.6126e-15
361	35698.6458	-12245.3036	713661.6458	3519917.6964	9357356.9612	8.6630e-15
362	35794.6828	-12273.1764	713757.6828	3519889.8236	9357356.9612	7.8072e-15
363	35890.7198	-12301.0491	713853.7198	3519861.9509	9357356.9612	7.0360e-15
364	35986.7569	-12328.9218	713949.7569	3519834.0782	9357356.9612	6.3409e-15
365	36082.7939	-12356.7946	714045.7939	3519806.2054	9357356.9612	5.7146e-15
366	36178.8309	-12384.6673	714141.8309	3519778.3327	9357356.9612	5.1501e-15
367	36274.8679	-12412.5400	714237.8679	3519750.4600	9357356.9612	4.6414e-15
368	36370.9050	-12440.4127	714333.9050	3519722.5873	9357356.9612	4.1830e-15
369	36466.9420	-12468.2855	714429.9420	3519694.7145	9357356.9612	3.7698e-15
370	36562.9790	-12496.1582	714525.9790	3519666.8418	9357356.9612	3.3975e-15
371	36659.0161	-12524.0309	714622.0161	3519638.9691	9357356.9612	3.0620e-15
372	36755.0531	-12551.9037	714718.0531	3519611.0963	9357356.9612	2.7596e-15
373	36851.0901	-12579.7764	714814.0901	3519583.2236	9357356.9612	2.4870e-15
374	36947.1272	-12607.6491	714910.1272	3519555.3509	9357356.9612	2.2414e-15
375	37043.1642	-12635.5219	715006.1642	3519527.4781	9357356.9612	2.0201e-15
376	37139.2012	-12663.3946	715102.2012	3519499.6054	9357356.9612	1.8206e-15
377	37235.2382	-12691.2673	715198.2382	3519471.7327	9357356.9612	1.6408e-15
378	37331.2753	-12719.1400	715294.2753	3519443.8600	9357356.9612	1.4788e-15
379	37427.3123	-12747.0128	715390.3123	3519415.9872	9357356.9612	1.3328e-15
380	37523.3493	-12774.8855	715486.3493	3519388.1145	9357356.9612	1.2012e-15
381	37619.3864	-12802.7582	715582.3864	3519360.2418	9357356.9612	1.0826e-15
382	37715.4234	-12830.6310	715678.4234	3519332.3690	9357356.9612	9.7570e-16
383	37811.4604	-12858.5037	715774.4604	3519304.4963	9357356.9612	8.7936e-16
384	37907.4974	-12886.3764	715870.4974	3519276.6236	9357356.9612	7.9255e-16
385	38003.5345	-12914.2491	715966.5345	3519248.7509	9357356.9612	7.1430e-16
386	38099.5715	-12942.1219	716062.5715	3519220.8781	9357356.9612	6.4378e-16
387	38195.6085	-12969.9946	716158.6085	3519193.0054	9357356.9612	5.8023e-16
388	38291.6456	-12997.8673	716254.6456	3519165.1327	9357356.9612	5.2295e-16
389	38387.6826	-13025.7401	716350.6826	3519137.2599	9357356.9612	4.7132e-16
390	38483.7196	-13053.6128	716446.7196	3519109.3872	9357356.9612	4.2480e-16
391	38579.7566	-13081.4855	716542.7566	3519081.5145	9357356.9612	3.8286e-16
392	38675.7937	-13109.3583	716638.7937	3519053.6417	9357356.9612	3.4507e-16
393	38771.8307	-13137.2310	716734.8307	3519025.7690	9357356.9612	3.1101e-16
394	38867.8677	-13165.1037	716830.8677	3518997.8963	9357356.9612	2.8031e-16
395	38963.9048	-13192.9764	716926.9048	3518970.0236	9357356.9612	2.5265e-16
396	39059.9418	-13220.8492	717022.9418	3518942.1508	9357356.9612	2.2771e-16
397	39155.9788	-13248.7219	717118.9788	3518914.2781	9357356.9612	2.0523e-16
398	39252.0158	-13276.5946	717215.0158	3518886.4054	9357356.9612	1.8498e-16
399	39348.0529	-13304.4674	717311.0529	3518858.5326	9357356.9612	1.6672e-16
400	39444.0899	-13332.3401	717407.0899	3518830.6599	9357356.9612	1.5027e-16
401	39540.1269	-13360.2128	717503.1269	3518802.7872	9357356.9612	1.3544e-16
402	39636.1640	-13388.0855	717599.1640	3518774.9145	9357356.9612	1.2207e-16
403	39732.2010	-13415.9583	717695.2010	3518747.0417	9357356.9612	1.1003e-16
404	39828.2380	-13443.8310	717791.2380	3518719.1690	9357356.9612	9.9169e-17
405	39924.2751	-13471.7037	717887.2751	3518691.2963	9357356.9612	8.9383e-17
406	40020.3121	-13499.5765	717983.3121	3518663.4235	9357356.9612	8.0563e-17
407	40116.3491	-13527.4492	718079.3491	3518635.5508	9357356.9612	7.2613e-17
408	40212.3861	-13555.3219	718175.3861	3518607.6781	9357356.9612	6.5448e-17
409	40308.4232	-13583.1947	718271.4232	3518579.8053	9357356.9612	5.8991e-17
410	40404.4602	-13611.0674	718367.4602	3518551.9326	9357356.9612	5.3170e-17
411	40500.4972	-13638.9401	718463.4972	3518524.0599	9357356.9612	4.7924e-17
412	40596.5343	-13666.8128	718559.5343	3518496.1872	9357356.9612	4.3196e-17
413	40692.5713	-13694.6856	718655.5713	3518468.3144	9357356.9612	3.8934e-17
414	40788.6083	-13722.5583	718751.6083	3518440.4417	9357356.9612	3.5093e-17
415	40884.6453	-13750.4310	718847.6453	3518412.5690	9357356.9612	3.1630e-17
416	40980.6824	-13778.3038	718943.6824	3518384.6962	9357356.9612	2.8510e-17
417	41076.7194	-13806.1765	719039.7194	3518356.8235	9357356.9612	2.5697e-17
418	41172.7564	-13834.0492	719135.7564	3518328.9508	9357356.9612	2.3162e-17
419	41268.7935	-13861.9219	719231.7935	3518301.0781	9357356.9612	2.0877e-17
420	41364.8305	-13889.7947	719327.8305	3518273.2053	9357356.9612	1.8818e-17
421	41460.8675	-13917.6674	719423.8675	3518245.3326	9357356.9612	1.6962e-17
422	41556.9045	-13945.5401	719519.9045	3518217.4599	9357356.9612	1.5288e-17
423	41652.9416	-13973.4129	719615.9416	3518189.5871	9357356.9612	1.3780e-17
424	41748.9786	-14001.2856	719711.9786	3518161.7144	9357356.9612	1.2421e-17
425	41845.0156	-14029.1583	719808.0156	3518133.8417	9357356.9612	1.1196e-17
426	41941.0527	-14057.0311	719904.0527	3518105.9689	9357356.9612	1.0092e-17
427	42037.0897	-14084.9038	720000.0897	3518078.0962	9357356.9612	9.0963e-18
428	42133.1267	-14112.7765	720096.1267	3518050.2235	9357356.9612	8.1991e-18
429	42229.1638	-14140.6492	720192.1638	3518022.3508	9357356.9612	7.3904e-18
430	42325.2008	-14168.5220	720288.2008	3517994.4780	9357356.9612	6.6615e-18
431	42421.2378	-14196.3947	720384.2378	3517966.6053	9357356.9612	6.0046e-18
432	42517.2748	-14224.2674	720480.2748	3517938.7326	9357356.9612	5.4124e-18
433	42613.3119	-14252.1402	720576.3119	3517910.8598	9357356.9612	4.8786e-18
434	42709.3489	-14280.0129	720672.3489	3517882.9871	9357356.9612	4.3975e-18
435	42805.3859	-14307.8856	720768.3859	3517855.1144	9357356.9612	3.9638e-18
436	42901.4230	-14335.7583	720864.4230	3517827.2417	9357356.9612	3.5729e-18
437	42997.4600	-14363.6311	720960.4600	3517799.3689	9357356.9612	3.2206e-18
438	43093.4970	-14391.5038	721056.4970	3517771.4962	9357356.9612	2.9030e-18
439	43189.5340	-14419.3765	721152.5340	3517743.6235	9357356.9612	2.6167e-18
440	43285.5711	-14447.2493	721248.5711	3517715.7507	9357356.9612	2.3587e-18
441	43381.6081	-14475.1220	721344.6081	3517687.8780	9357356.9612	2.1261e-18
442	43477.6451	-14502.9947	721440.6451	3517660.0053	9357356.9612	1.9165e-18
443	43573.6822	-14530.8675	721536.6822	3517632.1325	9357356.9612	1.7275e-18
444	43669.7192	-14558.7402	721632.7192	3517604.2598	9357356.9612	1.5572e-18
445	43765.7562	-14586.6129	721728.7562	3517576.3871	9357356.9612	1.4037e-18
446	43861.7932	-14614.4856	721824.7932	3517548.5144	9357356.9612	1.2653e-18
447	43957.8303	-14642.3584	721920.8303	3517520.6416	9357356.9612	1.1405e-18
448	44053.8673	-14670.2311	722016.8673	3517492.7689	9357356.9612	1.0281e-18
449	44149.9043	-14698.1038	722112.9043	3517464.8962	9357356.9612	9.2671e-19
450	44245.9414	-14725.9766	722208.9414	3517437.0234	9357356.9612	8.3535e-19
451	44341.9784	-14753.8493	722304.9784	3517409.1507	9357356.9612	7.5300e-19
452	44438.0154	-14781.7220	722401.0154	3517381.2780	9357356.9612	6.7876e-19
453	44534.0524	-14809.5947	722497.0524	3517353.4053	9357356.9612	6.1185e-19
454	44630.0895	-14837.4675	722593.0895	3517325.5325	9357356.9612	5.5153e-19
455	44726.1265	-14865.3402	722689.1265	3517297.6598	9357356.9612	4.9716e-19
456	44822.1635	-14893.2129	722785.1635	3517269.7871	9357356.9612	4.4815e-19
457	44918.2006	-14921.0857	722881.2006	3517241.9143	9357356.9612	4.0398e-19
458	45014.2376	-14948.9584	722977.2376	3517214.0416	9357356.9612	3.6415e-19
459	45110.2746	-14976.8311	723073.2746	3517186.1689	9357356.9612	3.2826e-19
460	45206.3117	-15004.7039	723169.3117	3517158.2961	9357356.9612	2.9590e-19
461	45302.3487	-15032.5766	723265.3487	3517130.4234	9357356.9612	2.6674e-19
462	45398.3857	-15060.4493	723361.3857	3517102.5507	9357356.9612	2.4044e-19
463	45494.4227	-15088.3220	723457.4227	3517074.6780	9357356.9612	2.1674e-19
464	45590.4598	-15116.1948	723553.4598	3517046.8052	9357356.9612	1.9538e-19
465	45686.4968	-15144.0675	723649.4968	3517018.9325	9357356.9612	1.7612e-19
466	45782.5338	-15171.9402	723745.5338	3516991.0598	9357356.9612	1.5877e-19
467	45878.5709	-15199.8130	723841.5709	3516963.1870	9357356.9612	1.4312e-19
468	45974.6079	-15227.6857	723937.6079	3516935.3143	9357356.9612	1.2901e-19
469	46070.6449	-15255.5584	724033.6449	3516907.4416	9357356.9612	1.1630e-19
470	46166.6819	-15283.4311	724129.6819	3516879.5689	9357356.9612	1.0484e-19
471	46262.7190	-15311.3039	724225.7190	3516851.6961	9357356.9612	9.4505e-20
472	46358.7560	-15339.1766	724321.7560	3516823.8234	9357356.9612	8.5191e-20
473	46454.7930	-15367.0493	724417.7930	3516795.9507	9357356.9612	7.6796e-20
474	46550.8301	-15394.9221	724513.8301	3516768.0779	9357356.9612	6.9228e-20
475	46646.8671	-15422.7948	724609.8671	3516740.2052	9357356.9612	6.2406e-20
476	46742.9041	-15450.6675	724705.9041	3516712.3325	9357356.9612	5.6256e-20
477	46838.9411	-15478.5403	724801.9411	3516684.4597	9357356.9612	5.0712e-20
478	46934.9782	-15506.4130	724897.9782	3516656.5870	9357356.9612	4.5715e-20
479	47031.0152	-15534.2857	724994.0152	3516628.7143	9357356.9612	4.1210e-20
480	47127.0522	-15562.1584	725090.0522	3516600.8416	9357356.9612	3.7150e-20
481	47223.0893	-15590.0312	725186.0893	3516572.9688	9357356.9612	3.3489e-20
482	47319.1263	-15617.9039	725282.1263	3516545.0961	9357356.9612	3.0189e-20
483	47415.1633	-15645.7766	725378.1633	3516517.2234	9357356.9612	2.7215e-20
484	47511.2003	-15673.6494	725474.2003	3516489.3506	9357356.9612	2.4533e-20
485	47607.2374	-15701.5221	725570.2374	3516461.4779	9357356.9612	2.2116e-20
486	47703.2744	-15729.3948	725666.2744	3516433.6052	9357356.9612	1.9937e-20
487	47799.3114	-15757.2675	725762.3114	3516405.7325	9357356.9612	1.7973e-20
488	47895.3485	-15785.1403	725858.3485	3516377.8597	9357356.9612	1.6202e-20
489	47991.3855	-15813.0130	725954.3855	3516349.9870	9357356.9612	1.4606e-20
490	48087.4225	-15840.8857	726050.4225	3516322.1143	9357356.9612	1.3167e-20
491	48183.4596	-15868.7585	726146.4596	3516294.2415	9357356.9612	1.1869e-20
492	48279.4966	-15896.6312	726242.4966	3516266.3688	9357356.9612	1.0700e-20
493	48375.5336	-15924.5039	726338.5336	3516238.4961	9357356.9612	9.6460e-21
494	48471.5706	-15952.3767	726434.5706	3516210.6233	9357356.9612	8.6957e-21
495	48567.6077	-15980.2494	726530.6077	3516182.7506	9357356.9612	7.8391e-21
496	48663.6447	-16008.1221	726626.6447	3516154.8779	9357356.9612	7.0668e-21
497	48759.6817	-16035.9948	726722.6817	3516127.0052	9357356.9612	6.3706e-21
498	48855.7188	-16063.8676	726818.7188	3516099.1324	9357356.9612	5.7431e-21
499	48951.7558	-16091.7403	726914.7558	3516071.2597	9357356.9612	5.1773e-21
500	49047.7928	-16119.6130	727010.7928	3516043.3870	9357356.9612	4.6673e-21
501	49143.8298	-16147.4858	727106.8298	3516015.5142	9357356.9612	4.2076e-21
502	49239.8669	-16175.3585	727202.8669	3515987.6415	9357356.9612	3.7931e-21
503	49335.9039	-16203.2312	727298.9039	3515959.7688	9357356.9612	3.4195e-21
504	49431.9409	-16231.1040	727394.9409	3515931.8960	9357356.9612	3.0827e-21
505	49527.9780	-16258.9767	727490.9780	3515904.0233	9357356.9612	2.7790e-21
506	49624.0150	-16286.8494	727587.0150	3515876.1506	9357356.9612	2.5053e-21
507	49720.0520	-16314.7221	727683.0520	3515848.2779	9357356.9612	2.2585e-21
508	49816.0890	-16342.5949	727779.0890	3515820.4051	9357356.9612	2.0361e-21
509	49912.1261	-16370.4676	727875.1261	3515792.5324	9357356.9612	1.8355e-21
510	50008.1631	-16398.3403	727971.1631	3515764.6597	9357356.9612	1.6548e-21
511	50104.2001	-16426.2131	728067.2001	3515736.7869	9357356.9612	1.4918e-21
512	50200.2372	-16454.0858	728163.2372	3515708.9142	9357356.9612	1.3448e-21
513	50296.2742	-16481.9585	728259.2742	3515681.0415	9357356.9612	1.2124e-21
514	50392.3112	-16509.8312	728355.3112	3515653.1688	9357356.9612	1.0930e-21
515	50488.3483	-16537.7040	728451.3483	3515625.2960	9357356.9612	9.8535e-22
516	50584.3853	-16565.5767	728547.3853	3515597.4233	9357356.9612	8.8831e-22
517	50680.4223	-16593.4494	728643.4223	3515569.5506	9357356.9612	8.0082e-22
518	50776.4593	-16621.3222	728739.4593	3515541.6778	9357356.9612	7.2196e-22
519	50872.4964	-16649.1949	728835.4964	3515513.8051	9357356.9612	6.5086e-22
520	50968.5334	-16677.0676	728931.5334	3515485.9324	9357356.9612	5.8676e-22
521	51064.5704	-16704.9404	729027.5704	3515458.0596	9357356.9612	5.2898e-22
522	51160.6075	-16732.8131	729123.6075	3515430.1869	9357356.9612	4.7689e-22
523	51256.6445	-16760.6858	729219.6445	3515402.3142	9357356.9612	4.2993e-22
524	51352.6815	-16788.5585	729315.6815	3515374.4415	9357356.9612	3.8759e-22
525	51448.7185	-16816.4313	729411.7185	3515346.5687	9357356.9612	3.4942e-22
526	51544.7556	-16844.3040	729507.7556	3515318.6960	9357356.9612	3.1502e-22
527	51640.7926	-16872.1767	729603.7926	3515290.8233	9357356.9612	2.8400e-22
528	51736.8296	-16900.0495	729699.8296	3515262.9505	9357356.9612	2.5603e-22
529	51832.8667	-16927.9222	729795.8667	3515235.0778	9357356.9612	2.3082e-22
530	51928.9037	-16955.7949	729891.9037	3515207.2051	9357356.9612	2.0809e-22
531	52024.9407	-16983.6676	729987.9407	3515179.3324	9357356.9612	1.8760e-22
532	52120.9777	-17011.5404	730083.9777	3515151.4596	9357356.9612	1.6913e-22
533	52217.0148	-17039.4131	730180.0148	3515123.5869	9357356.9612	1.5248e-22
534	52313.0518	-17067.2858	730276.0518	3515095.7142	9357356.9612	1.3747e-22
535	52409.0888	-17095.1586	730372.0888	3515067.8414	9357356.9612	1.2393e-22
536	52505.1259	-17123.0313	730468.1259	3515039.9687	9357356.9612	1.1173e-22
537	52601.1629	-17150.9040	730564.1629	3515012.0960	9357356.9612	1.0073e-22
538	52697.1999	-17178.7768	730660.1999	3514984.2232	9357356.9612	9.0811e-23
539	52793.2369	-17206.6495	730756.2369	3514956.3505	9357356.9612	8.1870e-23
540	52889.2740	-17234.5222	730852.2740	3514928.4778	9357356.9612	7.3810e-23
541	52985.3110	-17262.3949	730948.3110	3514900.6051	9357356.9612	6.6543e-23
542	53081.3480	-17290.2677	731044.3480	3514872.7323	9357356.9612	5.9992e-23
543	53177.3851	-17318.1404	731140.3851	3514844.8596	9357356.9612	5.4086e-23
544	53273.4221	-17346.0131	731236.4221	3514816.9869	9357356.9612	4.8761e-23
545	53369.4591	-17373.8859	731332.4591	3514789.1141	9357356.9612	4.3961e-23
546	53465.4962	-17401.7586	731428.4962	3514761.2414	9357356.9612	3.9633e-23
547	53561.5332	-17429.6313	731524.5332	3514733.3687	9357356.9612	3.5731e-23
548	53657.5702	-17457.5040	731620.5702	3514705.4960	9357356.9612	3.2214e-23
549	53753.6072	-17485.3768	731716.6072	3514677.6232	9357356.9612	2.9042e-23
550	53849.6443	-17513.2495	731812.6443	3514649.7505	9357356.9612	2.6183e-23
551	53945.6813	-17541.1222	731908.6813	3514621.8778	9357356.9612	2.3606e-23
552	54041.7183	-17568.9950	732004.7183	3514594.0050	9357356.9612	2.1282e-23
553	54137.7554	-17596.8677	732100.7554	3514566.1323	9357356.9612	1.9187e-23
554	54233.7924	-17624.7404	732196.7924	3514538.2596	9357356.9612	1.7299e-23
555	54329.8294	-17652.6132	732292.8294	3514510.3868	9357356.9612	1.5596e-23
556	54425.8664	-17680.4859	732388.8664	3514482.5141	9357356.9612	1.4061e-23
557	54521.9035	-17708.3586	732484.9035	3514454.6414	9357356.9612	1.2677e-23
558	54617.9405	-17736.2313	732580.9405	3514426.7687	9357356.9612	1.1429e-23
559	54713.9775	-17764.1041	732676.9775	3514398.8959	9357356.9612	1.0304e-23
560	54810.0146	-17791.9768	732773.0146	3514371.0232	9357356.9612	9.2896e-24
561	54906.0516	-17819.8495	732869.0516	3514343.1505	9357356.9612	8.3753e-24
562	55002.0886	-17847.7223	732965.0886	3514315.2777	9357356.9612	7.5509e-24
563	55098.1256	-17875.5950	733061.1256	3514287.4050	9357356.9612	6.8077e-24
564	55194.1627	-17903.4677	733157.1627	3514259.5323	9357356.9612	6.1376e-24
565	55290.1997	-17931.3404	733253.1997	3514231.6596	9357356.9612	5.5336e-24
566	55386.2367	-17959.2132	733349.2367	3514203.7868	9357356.9612	4.9889e-24
567	55482.2738	-17987.0859	733445.2738	3514175.9141	9357356.9612	4.4979e-24
568	55578.3108	-18014.9586	733541.3108	3514148.0414	9357356.9612	4.0552e-24
569	55674.3478	-18042.8314	733637.3478	3514120.1686	9357356.9612	3.6561e-24
570	55770.3848	-18070.7041	733733.3848	3514092.2959	9357356.9612	3.2963e-24
571	55866.4219	-18098.5768	733829.4219	3514064.4232	9357356.9612	2.9719e-24
572	55962.4589	-18126.4496	733925.4589	3514036.5504	9357356.9612	2.6794e-24
573	56058.4959	-18154.3223	734021.4959	3514008.6777	9357356.9612	2.4157e-24
574	56154.5330	-18182.1950	734117.5330	3513980.8050	9357356.9612	2.1779e-24
575	56250.5700	-18210.0677	734213.5700	3513952.9323	9357356.9612	1.9636e-24
576	56346.6070	-18237.9405	734309.6070	3513925.0595	9357356.9612	1.7704e-24
577	56442.6441	-18265.8132	734405.6441	3513897.1868	9357356.9612	1.5961e-24
578	56538.6811	-18293.6859	734501.6811	3513869.3141	9357356.9612	1.4391e-24
579	56634.7181	-18321.5587	734597.7181	3513841.4413	9357356.9612	1.2974e-24
580	56730.7551	-18349.4314	734693.7551	3513813.5686	9357356.9612	1.1698e-24
581	56826.7922	-18377.3041	734789.7922	3513785.6959	9357356.9612	1.0547e-24
582	56922.8292	-18405.1768	734885.8292	3513757.8232	9357356.9612	9.5087e-25
583	57018.8662	-18433.0496	734981.8662	3513729.9504	9357356.9612	8.5730e-25
584	57114.9033	-18460.9223	735077.9033	3513702.0777	9357356.9612	7.7294e-25
585	57210.9403	-18488.7950	735173.9403	3513674.2050	9357356.9612	6.9688e-25
586	57306.9773	-18516.6678	735269.9773	3513646.3322	9357356.9612	6.2830e-25
587	57403.0143	-18544.5405	735366.0143	3513618.4595	9357356.9612	5.6648e-25
588	57499.0514	-18572.4132	735462.0514	3513590.5868	9357356.9612	5.1074e-25
589	57595.0884	-18600.2860	735558.0884	3513562.7140	9357356.9612	4.6048e-25
590	57691.1254	-18628.1587	735654.1254	3513534.8413	9357356.9612	4.1517e-25
591	57787.1625	-18656.0314	735750.1625	3513506.9686	9357356.9612	3.7432e-25
592	57883.1995	-18683.9041	735846.1995	3513479.0959	9357356.9612	3.3749e-25
593	57979.2365	-18711.7769	735942.2365	3513451.2231	9357356.9612	3.0428e-25
594	58075.2735	-18739.6496	736038.2735	3513423.3504	9357356.9612	2.7434e-25
595	58171.3106	-18767.5223	736134.3106	3513395.4777	9357356.9612	2.4735e-25
596	58267.3476	-18795.3951	736230.3476	3513367.6049	9357356.9612	2.2301e-25
597	58363.3846	-18823.2678	736326.3846	3513339.7322	9357356.9612	2.0107e-25
598	58459.4217	-18851.1405	736422.4217	3513311.8595	9357356.9612	1.8128e-25
599	58555.4587	-18879.0132	736518.4587	3513283.9868	9357356.9612	1.6345e-25
600	58651.4957	-18906.8860	736614.4957	3513256.1140	9357356.9612	1.4737e-25
601	58747.5328	-18934.7587	736710.5328	3513228.2413	9357356.9612	1.3287e-25
602	58843.5698	-18962.6314	736806.5698	3513200.3686	9357356.9612	1.1980e-25
603	58939.6068	-18990.5042	736902.6068	3513172.4958	9357356.9612	1.0801e-25
604	59035.6438	-19018.3769	736998.6438	3513144.6231	9357356.9612	9.7383e-26
605	59131.6809	-19046.2496	737094.6809	3513116.7504	9357356.9612	8.7802e-26
606	59227.7179	-19074.1224	737190.7179	3513088.8776	9357356.9612	7.9164e-26
607	59323.7549	-19101.9951	737286.7549	3513061.0049	9357356.9612	7.1375e-26
608	59419.7920	-19129.8678	737382.7920	3513033.1322	9357356.9612	6.4353e-26
609	59515.8290	-19157.7405	737478.8290	3513005.2595	9357356.9612	5.8022e-26
610	59611.8660	-19185.6133	737574.8660	3512977.3867	9357356.9612	5.2314e-26
611	59707.9030	-19213.4860	737670.9030	3512949.5140	9357356.9612	4.7168e-26
612	59803.9401	-19241.3587	737766.9401	3512921.6413	9357356.9612	4.2527e-26
613	59899.9771	-19269.2315	737862.9771	3512893.7685	9357356.9612	3.8344e-26
614	59996.0141	-19297.1042	737959.0141	3512865.8958	9357356.9612	3.4572e-26
615	60092.0512	-19324.9769	738055.0512	3512838.0231	9357356.9612	3.1171e-26
616	60188.0882	-19352.8496	738151.0882	3512810.1504	9357356.9612	2.8104e-26
617	60284.1252	-19380.7224	738247.1252	3512782.2776	9357356.9612	2.5340e-26
618	60380.1622	-19408.5951	738343.1622	3512754.4049	9357356.9612	2.2847e-26
619	60476.1993	-19436.4678	738439.1993	3512726.5322	9357356.9612	2.0599e-26
620	60572.2363	-19464.3406	738535.2363	3512698.6594	9357356.9612	1.8573e-26
621	60668.2733	-19492.2133	738631.2733	3512670.7867	9357356.9612	1.6746e-26
622	60764.3104	-19520.0860	738727.3104	3512642.9140	9357356.9612	1.5099e-26
623	60860.3474	-19547.9588	738823.3474	3512615.0412	9357356.9612	1.3613e-26
624	60956.3844	-19575.8315	738919.3844	3512587.1685	9357356.9612	1.2274e-26
625	61052.4214	-19603.7042	739015.4214	3512559.2958	9357356.9612	1.1067e-26
626	61148.4585	-19631.5769	739111.4585	3512531.4231	9357356.9612	9.9784e-27
627	61244.4955	-19659.4497	739207.4955	3512503.5503	9357356.9612	8.9969e-27
628	61340.5325	-19687.3224	739303.5325	3512475.6776	9357356.9612	8.1119e-27
629	61436.5696	-19715.1951	739399.5696	3512447.8049	9357356.9612	7.3140e-27
630	61532.6066	-19743.0679	739495.6066	3512419.9321	9357356.9612	6.5946e-27
631	61628.6436	-19770.9406	739591.6436	3512392.0594	9357356.9612	5.9459e-27
632	61724.6807	-19798.8133	739687.6807	3512364.1867	9357356.9612	5.3611e-27
633	61820.7177	-19826.6860	739783.7177	3512336.3140	9357356.9612	4.8338e-27
634	61916.7547	-19854.5588	739879.7547	3512308.4412	9357356.9612	4.3583e-27
635	62012.7917	-19882.4315	739975.7917	3512280.5685	9357356.9612	3.9297e-27
636	62108.8288	-19910.3042	740071.8288	3512252.6958	9357356.9612	3.5432e-27
637	62204.8658	-19938.1770	740167.8658	3512224.8230	9357356.9612	3.1947e-27
638	62300.9028	-19966.0497	740263.9028	3512196.9503	9357356.9612	2.8805e-27
639	62396.9399	-19993.9224	740359.9399	3512169.0776	9357356.9612	2.5971e-27
640	62492.9769	-20021.7952	740455.9769	3512141.2048	9357356.9612	2.3417e-27
641	62589.0139	-20049.6679	740552.0139	3512113.3321	9357356.9612	2.1114e-27
642	62685.0509	-20077.5406	740648.0509	3512085.4594	9357356.9612	1.9037e-27
643	62781.0880	-20105.4133	740744.0880	3512057.5867	9357356.9612	1.7165e-27
644	62877.1250	-20133.2861	740840.1250	3512029.7139	9357356.9612	1.5477e-27
645	62973.1620	-20161.1588	740936.1620	3512001.8412	9357356.9612	1.3955e-27
646	63069.1991	-20189.0315	741032.1991	3511973.9685	9357356.9612	1.2582e-27
647	63165.2361	-20216.9043	741128.2361	3511946.0957	9357356.9612	1.1345e-27
648	63261.2731	-20244.7770	741224.2731	3511918.2230	9357356.9612	1.0229e-27
649	63357.3101	-20272.6497	741320.3101	3511890.3503	9357356.9612	9.2231e-28
650	63453.3472	-20300.5224	741416.3472	3511862.4776	9357356.9612	8.3161e-28
651	63549.3842	-20328.3952	741512.3842	3511834.6048	9357356.9612	7.4982e-28
652	63645.4212	-20356.2679	741608.4212	3511806.7321	9357356.9612	6.7608e-28
653	63741.4583	-20384.1406	741704.4583	3511778.8594	9357356.9612	6.0959e-28
654	63837.4953	-20412.0134	741800.4953	3511750.9866	9357356.9612	5.4964e-28
655	63933.5323	-20439.8861	741896.5323	3511723.1139	9357356.9612	4.9559e-28
656	64029.5694	-20467.7588	741992.5694	3511695.2412	9357356.9612	4.4685e-28
657	64125.6064	-20495.6316	742088.6064	3511667.3684	9357356.9612	4.0291e-28
658	64221.6434	-20523.5043	742184.6434	3511639.4957	9357356.9612	3.6329e-28
659	64317.6804	-20551.3770	742280.6804	3511611.6230	9357356.9612	3.2756e-28
660	64413.7175	-20579.2497	742376.7175	3511583.7503	9357356.9612	2.9535e-28
661	64509.7545	-20607.1225	742472.7545	3511555.8775	9357356.9612	2.6631e-28
662	64605.7915	-20634.9952	742568.7915	3511528.0048	9357356.9612	2.4012e-28
663	64701.8286	-20662.8679	742664.8286	3511500.1321	9357356.9612	2.1651e-28
664	64797.8656	-20690.7407	742760.8656	3511472.2593	9357356.9612	1.9522e-28
665	64893.9026	-20718.6134	742856.9026	3511444.3866	9357356.9612	1.7602e-28
666	64989.9396	-20746.4861	742952.9396	3511416.5139	9357356.9612	1.5871e-28
667	65085.9767	-20774.3588	743048.9767	3511388.6412	9357356.9612	1.4311e-28
668	65182.0137	-20802.2316	743145.0137	3511360.7684	9357356.9612	1.2903e-28
669	65278.0507	-20830.1043	743241.0507	3511332.8957	9357356.9612	1.1635e-28
670	65374.0878	-20857.9770	743337.0878	3511305.0230	9357356.9612	1.0491e-28
671	65470.1248	-20885.8498	743433.1248	3511277.1502	9357356.9612	9.4590e-29
672	65566.1618	-20913.7225	743529.1618	3511249.2775	9357356.9612	8.5289e-29
673	65662.1988	-20941.5952	743625.1988	3511221.4048	9357356.9612	7.6902e-29
674	65758.2359	-20969.4680	743721.2359	3511193.5320	9357356.9612	6.9341e-29
675	65854.2729	-20997.3407	743817.2729	3511165.6593	9357356.9612	6.2523e-29
676	65950.3099	-21025.2134	743913.3099	3511137.7866	9357356.9612	5.6375e-29
677	66046.3470	-21053.0861	744009.3470	3511109.9139	9357356.9612	5.0832e-29
678	66142.3840	-21080.9589	744105.3840	3511082.0411	9357356.9612	4.5834e-29
679	66238.4210	-21108.8316	744201.4210	3511054.1684	9357356.9612	4.1327e-29
680	66334.4580	-21136.7043	744297.4580	3511026.2957	9357356.9612	3.7264e-29
681	66430.4951	-21164.5771	744393.4951	3510998.4229	9357356.9612	3.3600e-29
682	66526.5321	-21192.4498	744489.5321	3510970.5502	9357356.9612	3.0296e-29
683	66622.5691	-21220.3225	744585.5691	3510942.6775	9357356.9612	2.7318e-29
684	66718.6062	-21248.1952	744681.6062	3510914.8048	9357356.9612	2.4632e-29
685	66814.6432	-21276.0680	744777.6432	3510886.9320	9357356.9612	2.2210e-29
686	66910.6802	-21303.9407	744873.6802	3510859.0593	9357356.9612	2.0026e-29
687	67006.7173	-21331.8134	744969.7173	3510831.1866	9357356.9612	1.8057e-29
688	67102.7543	-21359.6862	745065.7543	3510803.3138	9357356.9612	1.6282e-29
689	67198.7913	-21387.5589	745161.7913	3510775.4411	9357356.9612	1.4681e-29
690	67294.8283	-21415.4316	745257.8283	3510747.5684	9357356.9612	1.3238e-29
691	67390.8654	-21443.3044	745353.8654	3510719.6956	9357356.9612	1.1936e-29
692	67486.9024	-21471.1771	745449.9024	3510691.8229	9357356.9612	1.0763e-29
693	67582.9394	-21499.0498	745545.9394	3510663.9502	9357356.9612	9.7046e-30
694	67678.9765	-21526.9225	745641.9765	3510636.0775	9357356.9612	8.7505e-30
695	67775.0135	-21554.7953	745738.0135	3510608.2047	9357356.9612	7.8902e-30
696	67871.0505	-21582.6680	745834.0505	3510580.3320	9357356.9612	7.1145e-30
697	67967.0875	-21610.5407	745930.0875	3510552.4593	9357356.9612	6.4150e-30
698	68063.1246	-21638.4135	746026.1246	3510524.5865	9357356.9612	5.7844e-30
699	68159.1616	-21666.2862	746122.1616	3510496.7138	9357356.9612	5.2157e-30
700	68255.1986	-21694.1589	746218.1986	3510468.8411	9357356.9612	4.7029e-30
701	68351.2357	-21722.0316	746314.2357	3510440.9684	9357356.9612	4.2406e-30
702	68447.2727	-21749.9044	746410.2727	3510413.0956	9357356.9612	3.8237e-30
703	68543.3097	-21777.7771	746506.3097	3510385.2229	9357356.9612	3.4478e-30
704	68639.3467	-21805.6498	746602.3467	3510357.3502	9357356.9612	3.1088e-30
705	68735.3838	-21833.5226	746698.3838	3510329.4774	9357356.9612	2.8032e-30
706	68831.4208	-21861.3953	746794.4208	3510301.6047	9357356.9612	2.5276e-30
707	68927.4578	-21889.2680	746890.4578	3510273.7320	9357356.9612	2.2792e-30
708	69023.4949	-21917.1408	746986.4949	3510245.8592	9357356.9612	2.0551e-30
709	69119.5319	-21945.0135	747082.5319	3510217.9865	9357356.9612	1.8531e-30
710	69215.5689	-21972.8862	747178.5689	3510190.1138	9357356.9612	1.6709e-30
711	69311.6059	-22000.7589	747274.6059	3510162.2411	9357356.9612	1.5067e-30
712	69407.6430	-22028.6317	747370.6430	3510134.3683	9357356.9612	1.3586e-30
713	69503.6800	-22056.5044	747466.6800	3510106.4956	9357356.9612	1.2250e-30
714	69599.7170	-22084.3771	747562.7170	3510078.6229	9357356.9612	1.1046e-30
715	69695.7541	-22112.2499	747658.7541	3510050.7501	9357356.9612	9.9600e-31
716	69791.7911	-22140.1226	747754.7911	3510022.8774	9357356.9612	8.9809e-31
717	69887.8281	-22167.9953	747850.8281	3509995.0047	9357356.9612	8.0981e-31
718	69983.8652	-22195.8680	747946.8652	3509967.1320	9357356.9612	7.3021e-31
719	70079.9022	-22223.7408	748042.9022	3509939.2592	9357356.9612	6.5843e-31
720	70175.9392	-22251.6135	748138.9392	3509911.3865	9357356.9612	5.9371e-31
721	70271.9762	-22279.4862	748234.9762	3509883.5138	9357356.9612	5.3535e-31
722	70368.0133	-22307.3590	748331.0133	3509855.6410	9357356.9612	4.8272e-31
723	70464.0503	-22335.2317	748427.0503	3509827.7683	9357356.9612	4.3527e-31
724	70560.0873	-22363.1044	748523.0873	3509799.8956	9357356.9612	3.9249e-31
725	70656.1244	-22390.9772	748619.1244	3509772.0228	9357356.9612	3.5391e-31
726	70752.1614	-22418.8499	748715.1614	3509744.1501	9357356.9612	3.1912e-31
727	70848.1984	-22446.7226	748811.1984	3509716.2774	9357356.9612	2.8775e-31
728	70944.2354	-22474.5953	748907.2354	3509688.4047	9357356.9612	2.5947e-31
729	71040.2725	-22502.4681	749003.2725	3509660.5319	9357356.9612	2.3396e-31
730	71136.3095	-22530.3408	749099.3095	3509632.6592	9357356.9612	2.1097e-31
731	71232.3465	-22558.2135	749195.3465	3509604.7865	9357356.9612	1.9023e-31
732	71328.3836	-22586.0863	749291.3836	3509576.9137	9357356.9612	1.7153e-31
733	71424.4206	-22613.9590	749387.4206	3509549.0410	9357356.9612	1.5467e-31
734	71520.4576	-22641.8317	749483.4576	3509521.1683	9357356.9612	1.3947e-31
735	71616.4946	-22669.7045	749579.4946	3509493.2955	9357356.9612	1.2576e-31
736	71712.5317	-22697.5772	749675.5317	3509465.4228	9357356.9612	1.1340e-31
737	71808.5687	-22725.4499	749771.5687	3509437.5501	9357356.9612	1.0225e-31
738	71904.6057	-22753.3226	749867.6057	3509409.6774	9357356.9612	9.2204e-32
739	72000.6428	-22781.1954	749963.6428	3509381.8046	9357356.9612	8.3141e-32
740	72096.6798	-22809.0681	750059.6798	3509353.9319	9357356.9612	7.4970e-32
741	72192.7168	-22836.9408	750155.7168	3509326.0592	9357356.9612	6.7601e-32
742	72288.7539	-22864.8136	750251.7539	3509298.1864	9357356.9612	6.0957e-32
743	72384.7909	-22892.6863	750347.7909	3509270.3137	9357356.9612	5.4966e-32
744	72480.8279	-22920.5590	750443.8279	3509242.4410	9357356.9612	4.9563e-32
745	72576.8649	-22948.4317	750539.8649	3509214.5683	9357356.9612	4.4692e-32
746	72672.9020	-22976.3045	750635.9020	3509186.6955	9357356.9612	4.0300e-32
747	72768.9390	-23004.1772	750731.9390	3509158.8228	9357356.9612	3.6339e-32
748	72864.9760	-23032.0499	750827.9760	3509130.9501	9357356.9612	3.2767e-32
749	72961.0131	-23059.9227	750924.0131	3509103.0773	9357356.9612	2.9547e-32
750	73057.0501	-23087.7954	751020.0501	3509075.2046	9357356.9612	2.6643e-32
751	73153.0871	-23115.6681	751116.0871	3509047.3319	9357356.9612	2.4024e-32
752	73249.1241	-23143.5409	751212.1241	3509019.4591	9357356.9612	2.1663e-32
753	73345.1612	-23171.4136	751308.1612	3508991.5864	9357356.9612	1.9534e-32
754	73441.1982	-23199.2863	751404.1982	3508963.7137	9357356.9612	1.7614e-32
755	73537.2352	-23227.1590	751500.2352	3508935.8410	9357356.9612	1.5883e-32
756	73633.2723	-23255.0318	751596.2723	3508907.9682	9357356.9612	1.4322e-32
757	73729.3093	-23282.9045	751692.3093	3508880.0955	9357356.9612	1.2915e-32
758	73825.3463	-23310.7772	751788.3463	3508852.2228	9357356.9612	1.1645e-32
759	73921.3833	-23338.6500	751884.3833	3508824.3500	9357356.9612	1.0501e-32
760	74017.4204	-23366.5227	751980.4204	3508796.4773	9357356.9612	9.4690e-33
761	74113.4574	-23394.3954	752076.4574	3508768.6046	9357356.9612	8.5384e-33
762	74209.4944	-23422.2681	752172.4944	3508740.7319	9357356.9612	7.6993e-33
763	74305.5315	-23450.1409	752268.5315	3508712.8591	9357356.9612	6.9427e-33
764	74401.5685	-23478.0136	752364.5685	3508684.9864	9357356.9612	6.2604e-33
765	74497.6055	-23505.8863	752460.6055	3508657.1137	9357356.9612	5.6451e-33
766	74593.6425	-23533.7591	752556.6425	3508629.2409	9357356.9612	5.0904e-33
767	74689.6796	-23561.6318	752652.6796	3508601.3682	9357356.9612	4.5901e-33
768	74785.7166	-23589.5045	752748.7166	3508573.4955	9357356.9612	4.1390e-33
769	74881.7536	-23617.3773	752844.7536	3508545.6227	9357356.9612	3.7323e-33
770	74977.7907	-23645.2500	752940.7907	3508517.7500	9357356.9612	3.3655e-33
771	75073.8277	-23673.1227	753036.8277	3508489.8773	9357356.9612	3.0348e-33
772	75169.8647	-23700.9954	753132.8647	3508462.0046	9357356.9612	2.7365e-33
773	75265.9018	-23728.8682	753228.9018	3508434.1318	9357356.9612	2.4676e-33
774	75361.9388	-23756.7409	753324.9388	3508406.2591	9357356.9612	2.2251e-33
775	75457.9758	-23784.6136	753420.9758	3508378.3864	9357356.9612	2.0065e-33
776	75554.0128	-23812.4864	753517.0128	3508350.5136	9357356.9612	1.8093e-33
777	75650.0499	-23840.3591	753613.0499	3508322.6409	9357356.9612	1.6315e-33
778	75746.0869	-23868.2318	753709.0869	3508294.7682	9357356.9612	1.4712e-33
779	75842.1239	-23896.1045	753805.1239	3508266.8955	9357356.9612	1.3266e-33
780	75938.1610	-23923.9773	753901.1610	3508239.0227	9357356.9612	1.1962e-33
781	76034.1980	-23951.8500	753997.1980	3508211.1500	9357356.9612	1.0787e-33
782	76130.2350	-23979.7227	754093.2350	3508183.2773	9357356.9612	9.7269e-34
783	76226.2720	-24007.5955	754189.2720	3508155.4045	9357356.9612	8.7711e-34
784	76322.3091	-24035.4682	754285.3091	3508127.5318	9357356.9612	7.9092e-34
785	76418.3461	-24063.3409	754381.3461	3508099.6591	9357356.9612	7.1320e-34
786	76514.3831	-24091.2137	754477.3831	3508071.7863	9357356.9612	6.4312e-34
787	76610.4202	-24119.0864	754573.4202	3508043.9136	9357356.9612	5.7992e-34
788	76706.4572	-24146.9591	754669.4572	3508016.0409	9357356.9612	5.2294e-34
789	76802.4942	-24174.8318	754765.4942	3507988.1682	9357356.9612	4.7155e-34
790	76898.5312	-24202.7046	754861.5312	3507960.2954	9357356.9612	4.2522e-34
791	76994.5683	-24230.5773	754957.5683	3507932.4227	9357356.9612	3.8343e-34
792	77090.6053	-24258.4500	755053.6053	3507904.5500	9357356.9612	3.4576e-34
793	77186.6423	-24286.3228	755149.6423	3507876.6772	9357356.9612	3.1178e-34
794	77282.6794	-24314.1955	755245.6794	3507848.8045	9357356.9612	2.8115e-34
795	77378.7164	-24342.0682	755341.7164	3507820.9318	9357356.9612	2.5352e-34
796	77474.7534	-24369.9409	755437.7534	3507793.0591	9357356.9612	2.2861e-34
797	77570.7905	-24397.8137	755533.7905	3507765.1863	9357356.9612	2.0615e-34
798	77666.8275	-24425.6864	755629.8275	3507737.3136	9357356.9612	1.8589e-34
799	77762.8645	-24453.5591	755725.8645	3507709.4409	9357356.9612	1.6763e-34
800	77858.9015	-24481.4319	755821.9015	3507681.5681	9357356.9612	1.5116e-34
801	77954.9386	-24509.3046	755917.9386	3507653.6954	9357356.9612	1.3630e-34
802	78050.9756	-24537.1773	756013.9756	3507625.8227	9357356.9612	1.2291e-34
803	78147.0126	-24565.0501	756110.0126	3507597.9499	9357356.9612	1.1083e-34
804	78243.0497	-24592.9228	756206.0497	3507570.0772	9357356.9612	9.9943e-35
805	78339.0867	-24620.7955	756302.0867	3507542.2045	9357356.9612	9.0123e-35
806	78435.1237	-24648.6682	756398.1237	3507514.3318	9357356.9612	8.1268e-35
807	78531.1607	-24676.5410	756494.1607	3507486.4590	9357356.9612	7.3283e-35
808	78627.1978	-24704.4137	756590.1978	3507458.5863	9357356.9612	6.6083e-35
809	78723.2348	-24732.2864	756686.2348	3507430.7136	9357356.9612	5.9590e-35
810	78819.2718	-24760.1592	756782.2718	3507402.8408	9357356.9612	5.3735e-35
811	78915.3089	-24788.0319	756878.3089	3507374.9681	9357356.9612	4.8455e-35
812	79011.3459	-24815.9046	756974.3459	3507347.0954	9357356.9612	4.3694e-35
813	79107.3829	-24843.7773	757070.3829	3507319.2227	9357356.9612	3.9401e-35
814	79203.4199	-24871.6501	757166.4199	3507291.3499	9357356.9612	3.5530e-35
815	79299.4570	-24899.5228	757262.4570	3507263.4772	9357356.9612	3.2039e-35
816	79395.4940	-24927.3955	757358.4940	3507235.6045	9357356.9612	2.8891e-35
817	79491.5310	-24955.2683	757454.5310	3507207.7317	9357356.9612	2.6053e-35
818	79587.5681	-24983.1410	757550.5681	3507179.8590	9357356.9612	2.3493e-35
819	79683.6051	-25011.0137	757646.6051	3507151.9863	9357356.9612	2.1185e-35
820	79779.6421	-25038.8865	757742.6421	3507124.1135	9357356.9612	1.9103e-35
821	79875.6791	-25066.7592	757838.6791	3507096.2408	9357356.9612	1.7226e-35
822	79971.7162	-25094.6319	757934.7162	3507068.3681	9357356.9612	1.5534e-35
823	80067.7532	-25122.5046	758030.7532	3507040.4954	9357356.9612	1.4008e-35
824	80163.7902	-25150.3774	758126.7902	3507012.6226	9357356.9612	1.2631e-35
825	80259.8273	-25178.2501	758222.8273	3506984.7499	9357356.9612	1.1390e-35
826	80355.8643	-25206.1228	758318.8643	3506956.8772	9357356.9612	1.0271e-35
827	80451.9013	-25233.9956	758414.9013	3506929.0044	9357356.9612	9.2623e-36
828	80547.9384	-25261.8683	758510.9384	3506901.1317	9357356.9612	8.3523e-36
829	80643.9754	-25289.7410	758606.9754	3506873.2590	9357356.9612	7.5317e-36
830	80740.0124	-25317.6137	758703.0124	3506845.3863	9357356.9612	6.7917e-36
831	80836.0494	-25345.4865	758799.0494	3506817.5135	9357356.9612	6.1245e-36
832	80932.0865	-25373.3592	758895.0865	3506789.6408	9357356.9612	5.5228e-36
833	81028.1235	-25401.2319	758991.1235	3506761.7681	9357356.9612	4.9802e-36
834	81124.1605	-25429.1047	759087.1605	3506733.8953	9357356.9612	4.4909e-36
835	81220.1976	-25456.9774	759183.1976	3506706.0226	9357356.9612	4.0497e-36
836	81316.2346	-25484.8501	759279.2346	3506678.1499	9357356.9612	3.6518e-36
837	81412.2716	-25512.7229	759375.2716	3506650.2771	9357356.9612	3.2931e-36
838	81508.3086	-25540.5956	759471.3086	3506622.4044	9357356.9612	2.9696e-36
839	81604.3457	-25568.4683	759567.3457	3506594.5317	9357356.9612	2.6778e-36
840	81700.3827	-25596.3410	759663.3827	3506566.6590	9357356.9612	2.4147e-36
841	81796.4197	-25624.2138	759759.4197	3506538.7862	9357356.9612	2.1775e-36
842	81892.4568	-25652.0865	759855.4568	3506510.9135	9357356.9612	1.9636e-36
843	81988.4938	-25679.9592	759951.4938	3506483.0408	9357356.9612	1.7707e-36
844	82084.5308	-25707.8320	760047.5308	3506455.1680	9357356.9612	1.5967e-36
845	82180.5678	-25735.7047	760143.5678	3506427.2953	9357356.9612	1.4399e-36
846	82276.6049	-25763.5774	760239.6049	3506399.4226	9357356.9612	1.2984e-36
847	82372.6419	-25791.4501	760335.6419	3506371.5499	9357356.9612	1.1709e-36
848	82468.6789	-25819.3229	760431.6789	3506343.6771	9357356.9612	1.0558e-36
849	82564.7160	-25847.1956	760527.7160	3506315.8044	9357356.9612	9.5211e-37
850	82660.7530	-25875.0683	760623.7530	3506287.9317	9357356.9612	8.5857e-37
851	82756.7900	-25902.9411	760719.7900	3506260.0589	9357356.9612	7.7423e-37
852	82852.8270	-25930.8138	760815.8270	3506232.1862	9357356.9612	6.9817e-37
853	82948.8641	-25958.6865	760911.8641	3506204.3135	9357356.9612	6.2958e-37
854	83044.9011	-25986.5593	761007.9011	3506176.4407	9357356.9612	5.6774e-37
855	83140.9381	-26014.4320	761103.9381	3506148.5680	9357356.9612	5.1196e-37
856	83236.9752	-26042.3047	761199.9752	3506120.6953	9357356.9612	4.6167e-37
857	83333.0122	-26070.1774	761296.0122	3506092.8226	9357356.9612	4.1632e-37
858	83429.0492	-26098.0502	761392.0492	3506064.9498	9357356.9612	3.7542e-37
859	83525.0863	-26125.9229	761488.0863	3506037.0771	9357356.9612	3.3854e-37
860	83621.1233	-26153.7956	761584.1233	3506009.2044	9357356.9612	3.0528e-37
861	83717.1603	-26181.6684	761680.1603	3505981.3316	9357356.9612	2.7529e-37
862	83813.1973	-26209.5411	761776.1973	3505953.4589	9357356.9612	2.4825e-37
863	83909.2344	-26237.4138	761872.2344	3505925.5862	9357356.9612	2.2386e-37
864	84005.2714	-26265.2865	761968.2714	3505897.7135	9357356.9612	2.0187e-37
865	84101.3084	-26293.1593	762064.3084	3505869.8407	9357356.9612	1.8204e-37
866	84197.3455	-26321.0320	762160.3455	3505841.9680	9357356.9612	1.6416e-37
867	84293.3825	-26348.9047	762256.3825	3505814.0953	9357356.9612	1.4803e-37
868	84389.4195	-26376.7775	762352.4195	3505786.2225	9357356.9612	1.3349e-37
869	84485.4565	-26404.6502	762448.4565	3505758.3498	9357356.9612	1.2038e-37
870	84581.4936	-26432.5229	762544.4936	3505730.4771	9357356.9612	1.0855e-37
871	84677.5306	-26460.3957	762640.5306	3505702.6043	9357356.9612	9.7890e-38
872	84773.5676	-26488.2684	762736.5676	3505674.7316	9357356.9612	8.8274e-38
873	84869.6047	-26516.1411	762832.6047	3505646.8589	9357356.9612	7.9603e-38
874	84965.6417	-26544.0138	762928.6417	3505618.9862	9357356.9612	7.1783e-38
875	85061.6787	-26571.8866	763024.6787	3505591.1134	9357356.9612	6.4732e-38
876	85157.7157	-26599.7593	763120.7157	3505563.2407	9357356.9612	5.8374e-38
877	85253.7528	-26627.6320	763216.7528	3505535.3680	9357356.9612	5.2640e-38
878	85349.7898	-26655.5048	763312.7898	3505507.4952	9357356.9612	4.7469e-38
879	85445.8268	-26683.3775	763408.8268	3505479.6225	9357356.9612	4.2806e-38
880	85541.8639	-26711.2502	763504.8639	3505451.7498	9357356.9612	3.8601e-38
881	85637.9009	-26739.1229	763600.9009	3505423.8771	9357356.9612	3.4809e-38
882	85733.9379	-26766.9957	763696.9379	3505396.0043	9357356.9612	3.1390e-38
883	85829.9750	-26794.8684	763792.9750	3505368.1316	9357356.9612	2.8307e-38
884	85926.0120	-26822.7411	763889.0120	3505340.2589	9357356.9612	2.5526e-38
885	86022.0490	-26850.6139	763985.0490	3505312.3861	9357356.9612	2.3019e-38
886	86118.0860	-26878.4866	764081.0860	3505284.5134	9357356.9612	2.0758e-38
887	86214.1231	-26906.3593	764177.1231	3505256.6407	9357356.9612	1.8719e-38
888	86310.1601	-26934.2321	764273.1601	3505228.7679	9357356.9612	1.6880e-38
889	86406.1971	-26962.1048	764369.1971	3505200.8952	9357356.9612	1.5222e-38
890	86502.2342	-26989.9775	764465.2342	3505173.0225	9357356.9612	1.3727e-38
891	86598.2712	-27017.8502	764561.2712	3505145.1498	9357356.9612	1.2379e-38
892	86694.3082	-27045.7230	764657.3082	3505117.2770	9357356.9612	1.1163e-38
893	86790.3452	-27073.5957	764753.3452	3505089.4043	9357356.9612	1.0066e-38
894	86886.3823	-27101.4684	764849.3823	3505061.5316	9357356.9612	9.0775e-39
895	86982.4193	-27129.3412	764945.4193	3505033.6588	9357356.9612	8.1858e-39
896	87078.4563	-27157.2139	765041.4563	3505005.7861	9357356.9612	7.3818e-39
897	87174.4934	-27185.0866	765137.4934	3504977.9134	9357356.9612	6.6567e-39
898	87270.5304	-27212.9593	765233.5304	3504950.0407	9357356.9612	6.0029e-39
899	87366.5674	-27240.8321	765329.5674	3504922.1679	9357356.9612	5.4133e-39
900	87462.6044	-27268.7048	765425.6044	3504894.2952	9357356.9612	4.8816e-39
901	87558.6415	-27296.5775	765521.6415	3504866.4225	9357356.9612	4.4021e-39
902	87654.6785	-27324.4503	765617.6785	3504838.5497	9357356.9612	3.9697e-39
903	87750.7155	-27352.3230	765713.7155	3504810.6770	9357356.9612	3.5798e-39
904	87846.7526	-27380.1957	765809.7526	3504782.8043	9357356.9612	3.2282e-39
905	87942.7896	-27408.0685	765905.7896	3504754.9315	9357356.9612	2.9111e-39
906	88038.8266	-27435.9412	766001.8266	3504727.0588	9357356.9612	2.6252e-39
907	88134.8636	-27463.8139	766097.8636	3504699.1861	9357356.9612	2.3673e-39
908	88230.9007	-27491.6866	766193.9007	3504671.3134	9357356.9612	2.1348e-39
909	88326.9377	-27519.5594	766289.9377	3504643.4406	9357356.9612	1.9251e-39
910	88422.9747	-27547.4321	766385.9747	3504615.5679	9357356.9612	1.7360e-39
911	88519.0118	-27575.3048	766482.0118	3504587.6952	9357356.9612	1.5655e-39
912	88615.0488	-27603.1776	766578.0488	3504559.8224	9357356.9612	1.4118e-39
913	88711.0858	-27631.0503	766674.0858	3504531.9497	9357356.9612	1.2731e-39
914	88807.1229	-27658.9230	766770.1229	3504504.0770	9357356.9612	1.1481e-39
915	88903.1599	-27686.7957	766866.1599	3504476.2043	9357356.9612	1.0353e-39
916	88999.1969	-27714.6685	766962.1969	3504448.3315	9357356.9612	9.3361e-40
917	89095.2339	-27742.5412	767058.2339	3504420.4588	9357356.9612	8.4191e-40
918	89191.2710	-27770.4139	767154.2710	3504392.5861	9357356.9612	7.5922e-40
919	89287.3080	-27798.2867	767250.3080	3504364.7133	9357356.9612	6.8465e-40
920	89383.3450	-27826.1594	767346.3450	3504336.8406	9357356.9612	6.1741e-40
921	89479.3821	-27854.0321	767442.3821	3504308.9679	9357356.9612	5.5677e-40
922	89575.4191	-27881.9049	767538.4191	3504281.0951	9357356.9612	5.0209e-40
923	89671.4561	-27909.7776	767634.4561	3504253.2224	9357356.9612	4.5277e-40
924	89767.4931	-27937.6503	767730.4931	3504225.3497	9357356.9612	4.0830e-40
925	89863.5302	-27965.5230	767826.5302	3504197.4770	9357356.9612	3.6820e-40
926	89959.5672	-27993.3958	767922.5672	3504169.6042	9357356.9612	3.3204e-40
927	90055.6042	-28021.2685	768018.6042	3504141.7315	9357356.9612	2.9943e-40
928	90151.6413	-28049.1412	768114.6413	3504113.8588	9357356.9612	2.7002e-40
929	90247.6783	-28077.0140	768210.6783	3504085.9860	9357356.9612	2.4350e-40
930	90343.7153	-28104.8867	768306.7153	3504058.1133	9357356.9612	2.1958e-40
931	90439.7523	-28132.7594	768402.7523	3504030.2406	9357356.9612	1.9802e-40
932	90535.7894	-28160.6321	768498.7894	3504002.3679	9357356.9612	1.7857e-40
933	90631.8264	-28188.5049	768594.8264	3503974.4951	9357356.9612	1.6103e-40
934	90727.8634	-28216.3776	768690.8634	3503946.6224	9357356.9612	1.4522e-40
935	90823.9005	-28244.2503	768786.9005	3503918.7497	9357356.9612	1.3095e-40
936	90919.9375	-28272.1231	768882.9375	3503890.8769	9357356.9612	1.1809e-40
937	91015.9745	-28299.9958	768978.9745	3503863.0042	9357356.9612	1.0649e-40
938	91112.0115	-28327.8685	769075.0115	3503835.1315	9357356.9612	9.6035e-41
939	91208.0486	-28355.7413	769171.0486	3503807.2587	9357356.9612	8.6603e-41
940	91304.0856	-28383.6140	769267.0856	3503779.3860	9357356.9612	7.8098e-41
941	91400.1226	-28411.4867	769363.1226	3503751.5133	9357356.9612	7.0428e-41
942	91496.1597	-28439.3594	769459.1597	3503723.6406	9357356.9612	6.3511e-41
943	91592.1967	-28467.2322	769555.1967	3503695.7678	9357356.9612	5.7273e-41
944	91688.2337	-28495.1049	769651.2337	3503667.8951	9357356.9612	5.1649e-41
945	91784.2708	-28522.9776	769747.2708	3503640.0224	9357356.9612	4.6576e-41
946	91880.3078	-28550.8504	769843.3078	3503612.1496	9357356.9612	4.2002e-41
947	91976.3448	-28578.7231	769939.3448	3503584.2769	9357356.9612	3.7877e-41
948	92072.3818	-28606.5958	770035.3818	3503556.4042	9357356.9612	3.4157e-41
949	92168.4189	-28634.4686	770131.4189	3503528.5314	9357356.9612	3.0802e-41
950	92264.4559	-28662.3413	770227.4559	3503500.6587	9357356.9612	2.7777e-41
951	92360.4929	-28690.2140	770323.4929	3503472.7860	9357356.9612	2.5049e-41
952	92456.5300	-28718.0867	770419.5300	3503444.9133	9357356.9612	2.2589e-41
953	92552.5670	-28745.9595	770515.5670	3503417.0405	9357356.9612	2.0371e-41
954	92648.6040	-28773.8322	770611.6040	3503389.1678	9357356.9612	1.8370e-41
955	92744.6410	-28801.7049	770707.6410	3503361.2951	9357356.9612	1.6566e-41
956	92840.6781	-28829.5777	770803.6781	3503333.4223	9357356.9612	1.4939e-41
957	92936.7151	-28857.4504	770899.7151	3503305.5496	9357356.9612	1.3472e-41
958	93032.7521	-28885.3231	770995.7521	3503277.6769	9357356.9612	1.2149e-41
959	93128.7892	-28913.1958	771091.7892	3503249.8042	9357356.9612	1.0956e-41
960	93224.8262	-28941.0686	771187.8262	3503221.9314	9357356.9612	9.8799e-42
961	93320.8632	-28968.9413	771283.8632	3503194.0587	9357356.9612	8.9096e-42
962	93416.9002	-28996.8140	771379.9002	3503166.1860	9357356.9612	8.0347e-42
963	93512.9373	-29024.6868	771475.9373	3503138.3132	9357356.9612	7.2456e-42
964	93608.9743	-29052.5595	771571.9743	3503110.4405	9357356.9612	6.5340e-42
965	93705.0113	-29080.4322	771668.0113	3503082.5678	9357356.9612	5.8924e-42
966	93801.0484	-29108.3050	771764.0484	3503054.6950	9357356.9612	5.3137e-42
967	93897.0854	-29136.1777	771860.0854	3503026.8223	9357356.9612	4.7919e-42
968	93993.1224	-29164.0504	771956.1224	3502998.9496	9357356.9612	4.3213e-42
969	94089.1595	-29191.9231	772052.1595	3502971.0769	9357356.9612	3.8969e-42
970	94185.1965	-29219.7959	772148.1965	3502943.2041	9357356.9612	3.5142e-42
971	94281.2335	-29247.6686	772244.2335	3502915.3314	9357356.9612	3.1691e-42
972	94377.2705	-29275.5413	772340.2705	3502887.4587	9357356.9612	2.8579e-42
973	94473.3076	-29303.4141	772436.3076	3502859.5859	9357356.9612	2.5772e-42
974	94569.3446	-29331.2868	772532.3446	3502831.7132	9357356.9612	2.3241e-42
975	94665.3816	-29359.1595	772628.3816	3502803.8405	9357356.9612	2.0959e-42
976	94761.4187	-29387.0322	772724.4187	3502775.9678	9357356.9612	1.8901e-42
977	94857.4557	-29414.9050	772820.4557	3502748.0950	9357356.9612	1.7045e-42
978	94953.4927	-29442.7777	772916.4927	3502720.2223	9357356.9612	1.5371e-42
979	95049.5297	-29470.6504	773012.5297	3502692.3496	9357356.9612	1.3861e-42
980	95145.5668	-29498.5232	773108.5668	3502664.4768	9357356.9612	1.2500e-42
981	95241.6038	-29526.3959	773204.6038	3502636.6041	9357356.9612	1.1273e-42
982	95337.6408	-29554.2686	773300.6408	3502608.7314	9357356.9612	1.0166e-42
983	95433.6779	-29582.1414	773396.6779	3502580.8586	9357356.9612	9.1673e-43
984	95529.7149	-29610.0141	773492.7149	3502552.9859	9357356.9612	8.2670e-43
985	95625.7519	-29637.8868	773588.7519	3502525.1132	9357356.9612	7.4552e-43
986	95721.7889	-29665.7595	773684.7889	3502497.2405	9357356.9612	6.7231e-43
987	95817.8260	-29693.6323	773780.8260	3502469.3677	9357356.9612	6.0629e-43
988	95913.8630	-29721.5050	773876.8630	3502441.4950	9357356.9612	5.4675e-43
989	96009.9000	-29749.3777	773972.9000	3502413.6223	9357356.9612	4.9306e-43
990	96105.9371	-29777.2505	774068.9371	3502385.7495	9357356.9612	4.4464e-43
991	96201.9741	-29805.1232	774164.9741	3502357.8768	9357356.9612	4.0098e-43
992	96298.0111	-29832.9959	774261.0111	3502330.0041	9357356.9612	3.6160e-43
993	96394.0481	-29860.8686	774357.0481	3502302.1314	9357356.9612	3.2609e-43
994	96490.0852	-29888.7414	774453.0852	3502274.2586	9357356.9612	2.9407e-43
995	96586.1222	-29916.6141	774549.1222	3502246.3859	9357356.9612	2.6519e-43
996	96682.1592	-29944.4868	774645.1592	3502218.5132	9357356.9612	2.3915e-43
997	96778.1963	-29972.3596	774741.1963	3502190.6404	9357356.9612	2.1567e-43
998	96874.2333	-30000.2323	774837.2333	3502162.7677	9357356.9612	1.9449e-43
999	96970.2703	-30028.1050	774933.2703	3502134.8950	9357356.9612	1.7539e-43
