i	x_from_vent	y_from_vent	x_coord	y_coord	sigma_square	mass_released
0	3601.6826	-5235.6978	681564.6826	3526927.3022	2226376.0022	2.5576e+07
1	4181.9771	-6187.6861	682144.9771	3525975.3139	2404230.3397	2.5377e+07
2	4787.4384	-7197.4299	682750.4384	3524965.5701	2594123.8012	2.5180e+07
3	5424.6637	-8240.9210	683387.6637	3523922.0790	2784151.4076	2.4985e+07
4	6115.7769	-9301.1762	684078.7769	3522861.8238	2973727.4655	2.4791e+07
5	6870.3884	-10369.9999	684833.3884	3521793.0001	3165646.2611	2.4599e+07
6	7682.2544	-11439.5058	685645.2544	3520723.4942	3361793.5623	2.4408e+07
7	8547.1239	-12503.0333	686510.1239	3519659.9667	3563160.2794	2.4219e+07
8	9452.3025	-13547.3979	687415.3025	3518615.6021	3769875.1411	2.4031e+07
9	10384.8333	-14561.6059	688347.8333	3517601.3941	3981203.9110	2.3845e+07
10	11336.1136	-15540.2653	689299.1136	3516622.7347	4197061.6933	2.3661e+07
11	12307.0989	-16481.1130	690270.0989	3515681.8870	4417580.8144	2.3477e+07
12	13298.9370	-17382.4099	691261.9370	3514780.5901	4642766.4711	2.3296e+07
13	14300.8240	-18248.3084	692263.8240	3513914.6916	4872654.2675	2.3116e+07
14	15309.8964	-19080.0312	693272.8964	3513082.9688	5107114.8489	2.2937e+07
15	16330.3775	-19874.6732	694293.3775	3512288.3268	5345878.6522	2.2759e+07
16	17362.5057	-20630.6096	695325.5057	3511532.3904	5588672.3316	2.2583e+07
17	18394.1686	-21354.9108	696357.1686	3510808.0892	5835330.5240	2.2409e+07
18	19427.5869	-22046.0284	697390.5869	3510116.9716	6085494.6539	2.2236e+07
19	20469.7763	-22697.5147	698432.7763	3509465.4853	6338721.3592	2.2064e+07
20	21504.4138	-23321.2810	699467.4138	3508841.7190	6594829.5985	2.1893e+07
21	22539.5873	-23910.7209	700502.5873	3508252.2791	6853331.7715	2.1724e+07
22	23572.8254	-24470.1802	701535.8254	3507692.8198	7113865.3420	2.1557e+07
23	24592.8770	-25008.2288	702555.8770	3507154.7712	7373001.1747	2.1390e+07
24	25616.6124	-25523.1242	703579.6124	3506639.8758	7635830.8295	2.1225e+07
25	26622.1776	-26024.2913	704585.1776	3506138.7087	7899173.2121	2.1062e+07
26	27624.6908	-26509.9810	705587.6908	3505653.0190	8162372.0951	2.0899e+07
27	28611.2075	-26982.0390	706574.2075	3505180.9610	8425175.4758	2.0738e+07
28	29590.3947	-27439.2506	707553.3947	3504723.7494	8687064.3695	2.0578e+07
29	30553.9077	-27883.0773	708516.9077	3504279.9227	8947773.4239	2.0420e+07
30	31508.6603	-28312.4243	709471.6603	3503850.5757	9206853.6093	2.0262e+07
31	32445.5578	-28729.2334	710408.5578	3503433.7666	9464094.4316	2.0106e+07
32	33374.9331	-29131.4308	711337.9331	3503031.5692	9719041.4608	1.9951e+07
33	34281.8800	-29522.7102	712244.8800	3502640.2898	9971603.1599	1.9798e+07
34	35185.0380	-29898.5360	713148.0380	3502264.4640	10221246.8291	1.9646e+07
35	36065.1647	-30264.1962	714028.1647	3501898.8038	10467975.0118	1.9494e+07
36	36935.0849	-30616.2736	714898.0849	3501546.7264	10711364.8442	1.9344e+07
37	37788.4514	-30956.8889	715751.4514	3501206.1111	10951447.9452	1.9196e+07
38	38621.2714	-31287.3469	716584.2714	3500875.6531	11188799.6771	1.9048e+07
39	39446.7415	-31603.5985	717409.7415	3500559.4015	11423047.9020	1.8902e+07
40	40249.6445	-31910.6988	718212.6445	3500252.3012	11654138.2403	1.8757e+07
41	41035.4761	-32206.9155	718998.4761	3499956.0845	11881743.9358	1.8612e+07
42	41809.1959	-32490.7084	719772.1959	3499672.2916	12105560.1146	1.8470e+07
43	42560.6123	-32765.8580	720523.6123	3499397.1420	12325506.9346	1.8328e+07
44	43293.8900	-33030.9830	721256.8900	3499132.0170	12541316.4640	1.8187e+07
45	44015.0625	-33283.9865	721978.0625	3498879.0135	12752706.4337	1.8048e+07
46	44714.2413	-33528.8587	722677.2413	3498634.1413	12959629.7569	1.7909e+07
47	45391.6900	-33765.7044	723354.6900	3498397.2956	13161907.1326	1.7772e+07
48	46057.9076	-33990.3835	724020.9076	3498172.6165	13359224.0605	1.7635e+07
49	46704.2235	-34206.6943	724667.2235	3497956.3057	13551547.2998	1.7500e+07
50	47329.1111	-34415.4702	725292.1111	3497747.5298	13738751.1864	1.7366e+07
51	47932.8144	-34616.8056	725895.8144	3497546.1944	13920693.3710	1.7233e+07
52	48525.3445	-34807.0758	726488.3445	3497355.9242	14097113.6076	1.7101e+07
53	49097.6824	-34989.8787	727060.6824	3497173.1213	14259014.0761	1.6970e+07
54	49648.6099	-35165.5578	727611.6099	3496997.4422	14424672.4516	1.6840e+07
55	50177.4620	-35333.9189	728140.4620	3496829.0811	14584771.3386	1.6711e+07
56	50684.9140	-35494.3528	728647.9140	3496668.6472	14738787.2190	1.6584e+07
57	51176.7979	-35644.5952	729139.7979	3496518.4048	14886163.8484	1.6457e+07
58	51644.4162	-35787.2194	729607.4162	3496375.7806	15026552.3221	1.6331e+07
59	52087.3407	-35922.1089	730050.3407	3496240.8911	15159534.0435	1.6206e+07
60	52505.1997	-36049.1652	730468.1997	3496113.8348	15284721.0335	1.6082e+07
61	52897.6739	-36168.3059	730860.6739	3495994.6941	15401756.2798	1.5959e+07
62	53264.4921	-36279.4636	731227.4921	3495883.5364	15510314.0170	1.5837e+07
63	53564.9158	-36369.8192	731527.9158	3495793.1808	15607404.7623	1.5716e+07
64	53770.7584	-36430.5087	731733.7584	3495732.4913	15690902.9161	1.5596e+07
65	53963.4816	-36487.2183	731926.4816	3495675.7817	15766006.5125	1.5477e+07
66	54143.0223	-36539.9454	732106.0223	3495623.0546	15832519.3059	1.5359e+07
67	54309.3352	-36588.6924	732272.3352	3495574.3076	15890275.6350	1.5242e+07
68	54462.3917	-36633.4673	732425.3917	3495529.5327	15939140.4314	1.5126e+07
69	54602.1791	-36674.2822	732565.1791	3495488.7178	15979009.1761	1.5011e+07
70	54728.7005	-36711.1545	732691.7005	3495451.8455	16009807.8101	1.4896e+07
71	54841.9742	-36744.1055	732804.9742	3495418.8945	16031492.6018	1.4783e+07
72	54942.2839	-36773.2348	732905.2839	3495389.7652	16043205.9953	1.4670e+07
73	55038.3209	-36801.1076	733001.3209	3495361.8924	16043205.9953	1.4558e+07
74	55134.3580	-36828.9803	733097.3580	3495334.0197	16043205.9953	1.4447e+07
75	55230.3950	-36856.8530	733193.3950	3495306.1470	16043205.9953	1.4337e+07
76	55326.4320	-36884.7258	733289.4320	3495278.2742	16043205.9953	1.4228e+07
77	55422.4690	-36912.5985	733385.4690	3495250.4015	16043205.9953	1.4120e+07
78	55518.5061	-36940.4712	733481.5061	3495222.5288	16043205.9953	1.4013e+07
79	55614.5431	-36968.3440	733577.5431	3495194.6560	16043205.9953	1.3906e+07
80	55710.5801	-36996.2167	733673.5801	3495166.7833	16043205.9953	1.3800e+07
81	55806.6172	-37024.0894	733769.6172	3495138.9106	16043205.9953	1.3695e+07
82	55902.6542	-37051.9621	733865.6542	3495111.0379	16043205.9953	1.3591e+07
83	55998.6912	-37079.8349	733961.6912	3495083.1651	16043205.9953	1.3488e+07
84	56094.7283	-37107.7076	734057.7283	3495055.2924	16043205.9953	1.3386e+07
85	56190.7653	-37135.5803	734153.7653	3495027.4197	16043205.9953	1.3284e+07
86	56286.8023	-37163.4531	734249.8023	3494999.5469	16043205.9953	1.3183e+07
87	56382.8393	-37191.3258	734345.8393	3494971.6742	16043205.9953	1.3083e+07
88	56478.8764	-37219.1985	734441.8764	3494943.8015	16043205.9953	1.2984e+07
89	56574.9134	-37247.0713	734537.9134	3494915.9287	16043205.9953	1.2885e+07
90	56670.9504	-37274.9440	734633.9504	3494888.0560	16043205.9953	1.2788e+07
91	56766.9875	-37302.8167	734729.9875	3494860.1833	16043205.9953	1.2691e+07
92	56863.0245	-37330.6894	734826.0245	3494832.3106	16043205.9953	1.2595e+07
93	56959.0615	-37358.5622	734922.0615	3494804.4378	16043205.9953	1.2499e+07
94	57055.0985	-37386.4349	735018.0985	3494776.5651	16043205.9953	1.2405e+07
95	57151.1356	-37414.3076	735114.1356	3494748.6924	16043205.9953	1.2311e+07
96	57247.1726	-37442.1804	735210.1726	3494720.8196	16043205.9953	1.2217e+07
97	57343.2096	-37470.0531	735306.2096	3494692.9469	16043205.9953	1.2125e+07
98	57439.2467	-37497.9258	735402.2467	3494665.0742	16043205.9953	1.2033e+07
99	57535.2837	-37525.7985	735498.2837	3494637.2015	16043205.9953	1.1942e+07
100	57631.3207	-37553.6713	735594.3207	3494609.3287	16043205.9953	1.1852e+07
101	57727.3577	-37581.5440	735690.3577	3494581.4560	16043205.9953	1.1762e+07
102	57823.3948	-37609.4167	735786.3948	3494553.5833	16043205.9953	1.1673e+07
103	57919.4318	-37637.2895	735882.4318	3494525.7105	16043205.9953	1.1585e+07
104	58015.4688	-37665.1622	735978.4688	3494497.8378	16043205.9953	1.1498e+07
105	58111.5059	-37693.0349	736074.5059	3494469.9651	16043205.9953	1.1411e+07
106	58207.5429	-37720.9077	736170.5429	3494442.0923	16043205.9953	1.1325e+07
107	58303.5799	-37748.7804	736266.5799	3494414.2196	16043205.9953	1.1239e+07
108	58399.6169	-37776.6531	736362.6169	3494386.3469	16043205.9953	1.1154e+07
109	58495.6540	-37804.5258	736458.6540	3494358.4742	16043205.9953	1.1070e+07
110	58591.6910	-37832.3986	736554.6910	3494330.6014	16043205.9953	1.0987e+07
111	58687.7280	-37860.2713	736650.7280	3494302.7287	16043205.9953	1.0904e+07
112	58783.7651	-37888.1440	736746.7651	3494274.8560	16043205.9953	1.0822e+07
113	58879.8021	-37916.0168	736842.8021	3494246.9832	16043205.9953	1.0740e+07
114	58975.8391	-37943.8895	736938.8391	3494219.1105	16043205.9953	1.0659e+07
115	59071.8762	-37971.7622	737034.8762	3494191.2378	16043205.9953	1.0579e+07
116	59167.9132	-37999.6349	737130.9132	3494163.3651	16043205.9953	1.0499e+07
117	59263.9502	-38027.5077	737226.9502	3494135.4923	16043205.9953	1.0420e+07
118	59359.9872	-38055.3804	737322.9872	3494107.6196	16043205.9953	1.0342e+07
119	59456.0243	-38083.2531	737419.0243	3494079.7469	16043205.9953	1.0264e+07
120	59552.0613	-38111.1259	737515.0613	3494051.8741	16043205.9953	1.0187e+07
121	59648.0983	-38138.9986	737611.0983	3494024.0014	16043205.9953	1.0110e+07
122	59744.1354	-38166.8713	737707.1354	3493996.1287	16043205.9953	1.0034e+07
123	59840.1724	-38194.7441	737803.1724	3493968.2559	16043205.9953	9.9588e+06
124	59936.2094	-38222.6168	737899.2094	3493940.3832	16043205.9953	9.8839e+06
125	60032.2464	-38250.4895	737995.2464	3493912.5105	16043205.9953	9.8097e+06
126	60128.2835	-38278.3622	738091.2835	3493884.6378	16043205.9953	9.7360e+06
127	60224.3205	-38306.2350	738187.3205	3493856.7650	16043205.9953	9.6629e+06
128	60320.3575	-38334.1077	738283.3575	3493828.8923	16043205.9953	9.5904e+06
129	60416.3946	-38361.9804	738379.3946	3493801.0196	16043205.9953	9.5184e+06
130	60512.4316	-38389.8532	738475.4316	3493773.1468	16043205.9953	9.4470e+06
131	60608.4686	-38417.7259	738571.4686	3493745.2741	16043205.9953	9.3762e+06
132	60704.5056	-38445.5986	738667.5056	3493717.4014	16043205.9953	9.3059e+06
133	60800.5427	-38473.4713	738763.5427	3493689.5287	16043205.9953	9.2361e+06
134	60896.5797	-38501.3441	738859.5797	3493661.6559	16043205.9953	9.1669e+06
135	60992.6167	-38529.2168	738955.6167	3493633.7832	16043205.9953	9.0982e+06
136	61088.6538	-38557.0895	739051.6538	3493605.9105	16043205.9953	9.0301e+06
137	61184.6908	-38584.9623	739147.6908	3493578.0377	16043205.9953	8.9625e+06
138	61280.7278	-38612.8350	739243.7278	3493550.1650	16043205.9953	8.8954e+06
139	61376.7648	-38640.7077	739339.7648	3493522.2923	16043205.9953	8.8288e+06
140	61472.8019	-38668.5805	739435.8019	3493494.4195	16043205.9953	8.7628e+06
141	61568.8389	-38696.4532	739531.8389	3493466.5468	16043205.9953	8.6972e+06
142	61664.8759	-38724.3259	739627.8759	3493438.6741	16043205.9953	8.6322e+06
143	61760.9130	-38752.1986	739723.9130	3493410.8014	16043205.9953	8.5677e+06
144	61856.9500	-38780.0714	739819.9500	3493382.9286	16043205.9953	8.5036e+06
145	61952.9870	-38807.9441	739915.9870	3493355.0559	16043205.9953	8.4401e+06
146	62049.0241	-38835.8168	740012.0241	3493327.1832	16043205.9953	8.3771e+06
147	62145.0611	-38863.6896	740108.0611	3493299.3104	16043205.9953	8.3145e+06
148	62241.0981	-38891.5623	740204.0981	3493271.4377	16043205.9953	8.2524e+06
149	62337.1351	-38919.4350	740300.1351	3493243.5650	16043205.9953	8.1908e+06
150	62433.1722	-38947.3077	740396.1722	3493215.6923	16043205.9953	8.1297e+06
151	62529.2092	-38975.1805	740492.2092	3493187.8195	16043205.9953	8.0691e+06
152	62625.2462	-39003.0532	740588.2462	3493159.9468	16043205.9953	8.0089e+06
153	62721.2833	-39030.9259	740684.2833	3493132.0741	16043205.9953	7.9492e+06
154	62817.3203	-39058.7987	740780.3203	3493104.2013	16043205.9953	7.8899e+06
155	62913.3573	-39086.6714	740876.3573	3493076.3286	16043205.9953	7.8312e+06
156	63009.3943	-39114.5441	740972.3943	3493048.4559	16043205.9953	7.7728e+06
157	63105.4314	-39142.4169	741068.4314	3493020.5831	16043205.9953	7.7149e+06
158	63201.4684	-39170.2896	741164.4684	3492992.7104	16043205.9953	7.6575e+06
159	63297.5054	-39198.1623	741260.5054	3492964.8377	16043205.9953	7.6005e+06
160	63393.5425	-39226.0350	741356.5425	3492936.9650	16043205.9953	7.5439e+06
161	63489.5795	-39253.9078	741452.5795	3492909.0922	16043205.9953	7.4878e+06
162	63585.6165	-39281.7805	741548.6165	3492881.2195	16043205.9953	7.4321e+06
163	63681.6535	-39309.6532	741644.6535	3492853.3468	16043205.9953	7.3769e+06
164	63777.6906	-39337.5260	741740.6906	3492825.4740	16043205.9953	7.3220e+06
165	63873.7276	-39365.3987	741836.7276	3492797.6013	16043205.9953	7.2676e+06
166	63969.7646	-39393.2714	741932.7646	3492769.7286	16043205.9953	7.2136e+06
167	64065.8017	-39421.1441	742028.8017	3492741.8559	16043205.9953	7.1600e+06
168	64161.8387	-39449.0169	742124.8387	3492713.9831	16043205.9953	7.1069e+06
169	64257.8757	-39476.8896	742220.8757	3492686.1104	16043205.9953	7.0541e+06
170	64353.9128	-39504.7623	742316.9128	3492658.2377	16043205.9953	7.0018e+06
171	64449.9498	-39532.6351	742412.9498	3492630.3649	16043205.9953	6.9498e+06
172	64545.9868	-39560.5078	742508.9868	3492602.4922	16043205.9953	6.8983e+06
173	64642.0238	-39588.3805	742605.0238	3492574.6195	16043205.9953	6.8471e+06
174	64738.0609	-39616.2533	742701.0609	3492546.7467	16043205.9953	6.7964e+06
175	64834.0979	-39644.1260	742797.0979	3492518.8740	16043205.9953	6.7460e+06
176	64930.1349	-39671.9987	742893.1349	3492491.0013	16043205.9953	6.6960e+06
177	65026.1720	-39699.8714	742989.1720	3492463.1286	16043205.9953	6.6464e+06
178	65122.2090	-39727.7442	743085.2090	3492435.2558	16043205.9953	6.5972e+06
179	65218.2460	-39755.6169	743181.2460	3492407.3831	16043205.9953	6.5484e+06
180	65314.2830	-39783.4896	743277.2830	3492379.5104	16043205.9953	6.4999e+06
181	65410.3201	-39811.3624	743373.3201	3492351.6376	16043205.9953	6.4518e+06
182	65506.3571	-39839.2351	743469.3571	3492323.7649	16043205.9953	6.4041e+06
183	65602.3941	-39867.1078	743565.3941	3492295.8922	16043205.9953	6.3567e+06
184	65698.4312	-39894.9805	743661.4312	3492268.0195	16043205.9953	6.3097e+06
185	65794.4682	-39922.8533	743757.4682	3492240.1467	16043205.9953	6.2631e+06
186	65890.5052	-39950.7260	743853.5052	3492212.2740	16043205.9953	6.2168e+06
187	65986.5422	-39978.5987	743949.5422	3492184.4013	16043205.9953	6.1709e+06
188	66082.5793	-40006.4715	744045.5793	3492156.5285	16043205.9953	6.1253e+06
189	66178.6163	-40034.3442	744141.6163	3492128.6558	16043205.9953	6.0801e+06
190	66274.6533	-40062.2169	744237.6533	3492100.7831	16043205.9953	6.0352e+06
191	66370.6904	-40090.0897	744333.6904	3492072.9103	16043205.9953	5.9907e+06
192	66466.7274	-40117.9624	744429.7274	3492045.0376	16043205.9953	5.9465e+06
193	66562.7644	-40145.8351	744525.7644	3492017.1649	16043205.9953	5.9026e+06
194	66658.8014	-40173.7078	744621.8014	3491989.2922	16043205.9953	5.8591e+06
195	66754.8385	-40201.5806	744717.8385	3491961.4194	16043205.9953	5.8159e+06
196	66850.8755	-40229.4533	744813.8755	3491933.5467	16043205.9953	5.7730e+06
197	66946.9125	-40257.3260	744909.9125	3491905.6740	16043205.9953	5.7305e+06
198	67042.9496	-40285.1988	745005.9496	3491877.8012	16043205.9953	5.6883e+06
199	67138.9866	-40313.0715	745101.9866	3491849.9285	16043205.9953	5.6464e+06
200	67235.0236	-40340.9442	745198.0236	3491822.0558	16043205.9953	5.6049e+06
201	67331.0607	-40368.8169	745294.0607	3491794.1831	16043205.9953	5.5636e+06
202	67427.0977	-40396.6897	745390.0977	3491766.3103	16043205.9953	5.5227e+06
203	67523.1347	-40424.5624	745486.1347	3491738.4376	16043205.9953	5.4821e+06
204	67619.1717	-40452.4351	745582.1717	3491710.5649	16043205.9953	5.4417e+06
205	67715.2088	-40480.3079	745678.2088	3491682.6921	16043205.9953	5.4017e+06
206	67811.2458	-40508.1806	745774.2458	3491654.8194	16043205.9953	5.3620e+06
207	67907.2828	-40536.0533	745870.2828	3491626.9467	16043205.9953	5.3226e+06
208	68003.3199	-40563.9261	745966.3199	3491599.0739	16043205.9953	5.2836e+06
209	68099.3569	-40591.7988	746062.3569	3491571.2012	16043205.9953	5.2448e+06
210	68195.3939	-40619.6715	746158.3939	3491543.3285	16043205.9953	5.2062e+06
211	68291.4309	-40647.5442	746254.4309	3491515.4558	16043205.9953	5.1680e+06
212	68387.4680	-40675.4170	746350.4680	3491487.5830	16043205.9953	5.1301e+06
213	68483.5050	-40703.2897	746446.5050	3491459.7103	16043205.9953	5.0925e+06
214	68579.5420	-40731.1624	746542.5420	3491431.8376	16043205.9953	5.0551e+06
215	68675.5791	-40759.0352	746638.5791	3491403.9648	16043205.9953	5.0181e+06
216	68771.6161	-40786.9079	746734.6161	3491376.0921	16043205.9953	4.9813e+06
217	68867.6531	-40814.7806	746830.6531	3491348.2194	16043205.9953	4.9448e+06
218	68963.6901	-40842.6533	746926.6901	3491320.3467	16043205.9953	4.9086e+06
219	69059.7272	-40870.5261	747022.7272	3491292.4739	16043205.9953	4.8726e+06
220	69155.7642	-40898.3988	747118.7642	3491264.6012	16043205.9953	4.8370e+06
221	69251.8012	-40926.2715	747214.8012	3491236.7285	16043205.9953	4.8016e+06
222	69347.8383	-40954.1443	747310.8383	3491208.8557	16043205.9953	4.7664e+06
223	69443.8753	-40982.0170	747406.8753	3491180.9830	16043205.9953	4.7315e+06
224	69539.9123	-41009.8897	747502.9123	3491153.1103	16043205.9953	4.6969e+06
225	69635.9493	-41037.7625	747598.9493	3491125.2375	16043205.9953	4.6626e+06
226	69731.9864	-41065.6352	747694.9864	3491097.3648	16043205.9953	4.6285e+06
227	69828.0234	-41093.5079	747791.0234	3491069.4921	16043205.9953	4.5947e+06
228	69924.0604	-41121.3806	747887.0604	3491041.6194	16043205.9953	4.5611e+06
229	70020.0975	-41149.2534	747983.0975	3491013.7466	16043205.9953	4.5278e+06
230	70116.1345	-41177.1261	748079.1345	3490985.8739	16043205.9953	4.4948e+06
231	70212.1715	-41204.9988	748175.1715	3490958.0012	16043205.9953	4.4619e+06
232	70308.2086	-41232.8716	748271.2086	3490930.1284	16043205.9953	4.4294e+06
233	70404.2456	-41260.7443	748367.2456	3490902.2557	16043205.9953	4.3971e+06
234	70500.2826	-41288.6170	748463.2826	3490874.3830	16043205.9953	4.3650e+06
235	70596.3196	-41316.4897	748559.3196	3490846.5103	16043205.9953	4.3332e+06
236	70692.3567	-41344.3625	748655.3567	3490818.6375	16043205.9953	4.3016e+06
237	70788.3937	-41372.2352	748751.3937	3490790.7648	16043205.9953	4.2702e+06
238	70884.4307	-41400.1079	748847.4307	3490762.8921	16043205.9953	4.2391e+06
239	70980.4678	-41427.9807	748943.4678	3490735.0193	16043205.9953	4.2082e+06
240	71076.5048	-41455.8534	749039.5048	3490707.1466	16043205.9953	4.1776e+06
241	71172.5418	-41483.7261	749135.5418	3490679.2739	16043205.9953	4.1472e+06
242	71268.5788	-41511.5989	749231.5788	3490651.4011	16043205.9953	4.1170e+06
243	71364.6159	-41539.4716	749327.6159	3490623.5284	16043205.9953	4.0870e+06
244	71460.6529	-41567.3443	749423.6529	3490595.6557	16043205.9953	4.0573e+06
245	71556.6899	-41595.2170	749519.6899	3490567.7830	16043205.9953	4.0278e+06
246	71652.7270	-41623.0898	749615.7270	3490539.9102	16043205.9953	3.9985e+06
247	71748.7640	-41650.9625	749711.7640	3490512.0375	16043205.9953	3.9695e+06
248	71844.8010	-41678.8352	749807.8010	3490484.1648	16043205.9953	3.9406e+06
249	71940.8380	-41706.7080	749903.8380	3490456.2920	16043205.9953	3.9120e+06
250	72036.8751	-41734.5807	749999.8751	3490428.4193	16043205.9953	3.8836e+06
251	72132.9121	-41762.4534	750095.9121	3490400.5466	16043205.9953	3.8554e+06
252	72228.9491	-41790.3261	750191.9491	3490372.6739	16043205.9953	3.8274e+06
253	72324.9862	-41818.1989	750287.9862	3490344.8011	16043205.9953	3.7996e+06
254	72421.0232	-41846.0716	750384.0232	3490316.9284	16043205.9953	3.7721e+06
255	72517.0602	-41873.9443	750480.0602	3490289.0557	16043205.9953	3.7447e+06
256	72613.0973	-41901.8171	750576.0973	3490261.1829	16043205.9953	3.7176e+06
257	72709.1343	-41929.6898	750672.1343	3490233.3102	16043205.9953	3.6906e+06
258	72805.1713	-41957.5625	750768.1713	3490205.4375	16043205.9953	3.6639e+06
259	72901.2083	-41985.4353	750864.2083	3490177.5647	16043205.9953	3.6373e+06
260	72997.2454	-42013.3080	750960.2454	3490149.6920	16043205.9953	3.6110e+06
261	73093.2824	-42041.1807	751056.2824	3490121.8193	16043205.9953	3.5848e+06
262	73189.3194	-42069.0534	751152.3194	3490093.9466	16043205.9953	3.5589e+06
263	73285.3565	-42096.9262	751248.3565	3490066.0738	16043205.9953	3.5331e+06
264	73381.3935	-42124.7989	751344.3935	3490038.2011	16043205.9953	3.5076e+06
265	73477.4305	-42152.6716	751440.4305	3490010.3284	16043205.9953	3.4822e+06
266	73573.4675	-42180.5444	751536.4675	3489982.4556	16043205.9953	3.4570e+06
267	73669.5046	-42208.4171	751632.5046	3489954.5829	16043205.9953	3.4320e+06
268	73765.5416	-42236.2898	751728.5416	3489926.7102	16043205.9953	3.4072e+06
269	73861.5786	-42264.1625	751824.5786	3489898.8375	16043205.9953	3.3826e+06
270	73957.6157	-42292.0353	751920.6157	3489870.9647	16043205.9953	3.3582e+06
271	74053.6527	-42319.9080	752016.6527	3489843.0920	16043205.9953	3.3339e+06
272	74149.6897	-42347.7807	752112.6897	3489815.2193	16043205.9953	3.3098e+06
273	74245.7267	-42375.6535	752208.7267	3489787.3465	16043205.9953	3.2860e+06
274	74341.7638	-42403.5262	752304.7638	3489759.4738	16043205.9953	3.2623e+06
275	74437.8008	-42431.3989	752400.8008	3489731.6011	16043205.9953	3.2387e+06
276	74533.8378	-42459.2717	752496.8378	3489703.7283	16043205.9953	3.2154e+06
277	74629.8749	-42487.1444	752592.8749	3489675.8556	16043205.9953	3.1922e+06
278	74725.9119	-42515.0171	752688.9119	3489647.9829	16043205.9953	3.1692e+06
279	74821.9489	-42542.8898	752784.9489	3489620.1102	16043205.9953	3.1463e+06
280	74917.9859	-42570.7626	752880.9859	3489592.2374	16043205.9953	3.1237e+06
281	75014.0230	-42598.6353	752977.0230	3489564.3647	16043205.9953	3.1012e+06
282	75110.0600	-42626.5080	753073.0600	3489536.4920	16043205.9953	3.0788e+06
283	75206.0970	-42654.3808	753169.0970	3489508.6192	16043205.9953	3.0567e+06
284	75302.1341	-42682.2535	753265.1341	3489480.7465	16043205.9953	3.0347e+06
285	75398.1711	-42710.1262	753361.1711	3489452.8738	16043205.9953	3.0129e+06
286	75494.2081	-42737.9989	753457.2081	3489425.0011	16043205.9953	2.9912e+06
287	75590.2452	-42765.8717	753553.2452	3489397.1283	16043205.9953	2.9697e+06
288	75686.2822	-42793.7444	753649.2822	3489369.2556	16043205.9953	2.9483e+06
289	75782.3192	-42821.6171	753745.3192	3489341.3829	16043205.9953	2.9271e+06
290	75878.3562	-42849.4899	753841.3562	3489313.5101	16043205.9953	2.9061e+06
291	75974.3933	-42877.3626	753937.3933	3489285.6374	16043205.9953	2.8852e+06
292	76070.4303	-42905.2353	754033.4303	3489257.7647	16043205.9953	2.8645e+06
293	76166.4673	-42933.1081	754129.4673	3489229.8919	16043205.9953	2.8440e+06
294	76262.5044	-42960.9808	754225.5044	3489202.0192	16043205.9953	2.8236e+06
295	76358.5414	-42988.8535	754321.5414	3489174.1465	16043205.9953	2.8033e+06
296	76454.5784	-43016.7262	754417.5784	3489146.2738	16043205.9953	2.7832e+06
297	76550.6154	-43044.5990	754513.6154	3489118.4010	16043205.9953	2.7632e+06
298	76646.6525	-43072.4717	754609.6525	3489090.5283	16043205.9953	2.7434e+06
299	76742.6895	-43100.3444	754705.6895	3489062.6556	16043205.9953	2.7238e+06
300	76838.7265	-43128.2172	754801.7265	3489034.7828	16043205.9953	2.7042e+06
301	76934.7636	-43156.0899	754897.7636	3489006.9101	16043205.9953	2.6849e+06
302	77030.8006	-43183.9626	754993.8006	3488979.0374	16043205.9953	2.6656e+06
303	77126.8376	-43211.8354	755089.8376	3488951.1646	16043205.9953	2.6466e+06
304	77222.8746	-43239.7081	755185.8746	3488923.2919	16043205.9953	2.6276e+06
305	77318.9117	-43267.5808	755281.9117	3488895.4192	16043205.9953	2.6088e+06
306	77414.9487	-43295.4535	755377.9487	3488867.5465	16043205.9953	2.5901e+06
307	77510.9857	-43323.3263	755473.9857	3488839.6737	16043205.9953	2.5716e+06
308	77607.0228	-43351.1990	755570.0228	3488811.8010	16043205.9953	2.5532e+06
309	77703.0598	-43379.0717	755666.0598	3488783.9283	16043205.9953	2.5350e+06
310	77799.0968	-43406.9445	755762.0968	3488756.0555	16043205.9953	2.5169e+06
311	77895.1339	-43434.8172	755858.1339	3488728.1828	16043205.9953	2.4989e+06
312	77991.1709	-43462.6899	755954.1709	3488700.3101	16043205.9953	2.4810e+06
313	78087.2079	-43490.5626	756050.2079	3488672.4374	16043205.9953	2.4633e+06
314	78183.2449	-43518.4354	756146.2449	3488644.5646	16043205.9953	2.4457e+06
315	78279.2820	-43546.3081	756242.2820	3488616.6919	16043205.9953	2.4283e+06
316	78375.3190	-43574.1808	756338.3190	3488588.8192	16043205.9953	2.4110e+06
317	78471.3560	-43602.0536	756434.3560	3488560.9464	16043205.9953	2.3938e+06
318	78567.3931	-43629.9263	756530.3931	3488533.0737	16043205.9953	2.3767e+06
319	78663.4301	-43657.7990	756626.4301	3488505.2010	16043205.9953	2.3598e+06
320	78759.4671	-43685.6718	756722.4671	3488477.3282	16043205.9953	2.3429e+06
321	78855.5041	-43713.5445	756818.5041	3488449.4555	16043205.9953	2.3262e+06
322	78951.5412	-43741.4172	756914.5412	3488421.5828	16043205.9953	2.3097e+06
323	79047.5782	-43769.2899	757010.5782	3488393.7101	16043205.9953	2.2932e+06
324	79143.6152	-43797.1627	757106.6152	3488365.8373	16043205.9953	2.2769e+06
325	79239.6523	-43825.0354	757202.6523	3488337.9646	16043205.9953	2.2607e+06
326	79335.6893	-43852.9081	757298.6893	3488310.0919	16043205.9953	2.2446e+06
327	79431.7263	-43880.7809	757394.7263	3488282.2191	16043205.9953	2.2286e+06
328	79527.7633	-43908.6536	757490.7633	3488254.3464	16043205.9953	2.2128e+06
329	79623.8004	-43936.5263	757586.8004	3488226.4737	16043205.9953	2.1971e+06
330	79719.8374	-43964.3990	757682.8374	3488198.6010	16043205.9953	2.1814e+06
331	79815.8744	-43992.2718	757778.8744	3488170.7282	16043205.9953	2.1659e+06
332	79911.9115	-44020.1445	757874.9115	3488142.8555	16043205.9953	2.1506e+06
333	80007.9485	-44048.0172	757970.9485	3488114.9828	16043205.9953	2.1353e+06
334	80103.9855	-44075.8900	758066.9855	3488087.1100	16043205.9953	2.1201e+06
335	80200.0225	-44103.7627	758163.0225	3488059.2373	16043205.9953	2.1051e+06
336	80296.0596	-44131.6354	758259.0596	3488031.3646	16043205.9953	2.0901e+06
337	80392.0966	-44159.5082	758355.0966	3488003.4918	16043205.9953	2.0753e+06
338	80488.1336	-44187.3809	758451.1336	3487975.6191	16043205.9953	2.0606e+06
339	80584.1707	-44215.2536	758547.1707	3487947.7464	16043205.9953	2.0460e+06
340	80680.2077	-44243.1263	758643.2077	3487919.8737	16043205.9953	2.0315e+06
341	80776.2447	-44270.9991	758739.2447	3487892.0009	16043205.9953	2.0171e+06
342	80872.2818	-44298.8718	758835.2818	3487864.1282	16043205.9953	2.0028e+06
343	80968.3188	-44326.7445	758931.3188	3487836.2555	16043205.9953	1.9886e+06
344	81064.3558	-44354.6173	759027.3558	3487808.3827	16043205.9953	1.9745e+06
345	81160.3928	-44382.4900	759123.3928	3487780.5100	16043205.9953	1.9605e+06
346	81256.4299	-44410.3627	759219.4299	3487752.6373	16043205.9953	1.9466e+06
347	81352.4669	-44438.2354	759315.4669	3487724.7646	16043205.9953	1.9329e+06
348	81448.5039	-44466.1082	759411.5039	3487696.8918	16043205.9953	1.9192e+06
349	81544.5410	-44493.9809	759507.5410	3487669.0191	16043205.9953	1.9056e+06
350	81640.5780	-44521.8536	759603.5780	3487641.1464	16043205.9953	1.8922e+06
351	81736.6150	-44549.7264	759699.6150	3487613.2736	16043205.9953	1.8788e+06
352	81832.6520	-44577.5991	759795.6520	3487585.4009	16043205.9953	1.8655e+06
353	81928.6891	-44605.4718	759891.6891	3487557.5282	16043205.9953	1.8523e+06
354	82024.7261	-44633.3446	759987.7261	3487529.6554	16043205.9953	1.8392e+06
355	82120.7631	-44661.2173	760083.7631	3487501.7827	16043205.9953	1.8263e+06
356	82216.8002	-44689.0900	760179.8002	3487473.9100	16043205.9953	1.8134e+06
357	82312.8372	-44716.9627	760275.8372	3487446.0373	16043205.9953	1.8006e+06
358	82408.8742	-44744.8355	760371.8742	3487418.1645	16043205.9953	1.7879e+06
359	82504.9112	-44772.7082	760467.9112	3487390.2918	16043205.9953	1.7753e+06
360	82600.9483	-44800.5809	760563.9483	3487362.4191	16043205.9953	1.7627e+06
361	82696.9853	-44828.4537	760659.9853	3487334.5463	16043205.9953	1.7503e+06
362	82793.0223	-44856.3264	760756.0223	3487306.6736	16043205.9953	1.7380e+06
363	82889.0594	-44884.1991	760852.0594	3487278.8009	16043205.9953	1.7257e+06
364	82985.0964	-44912.0718	760948.0964	3487250.9282	16043205.9953	1.7136e+06
365	83081.1334	-44939.9446	761044.1334	3487223.0554	16043205.9953	1.7015e+06
366	83177.1704	-44967.8173	761140.1704	3487195.1827	16043205.9953	1.6895e+06
367	83273.2075	-44995.6900	761236.2075	3487167.3100	16043205.9953	1.6776e+06
368	83369.2445	-45023.5628	761332.2445	3487139.4372	16043205.9953	1.6658e+06
369	83465.2815	-45051.4355	761428.2815	3487111.5645	16043205.9953	1.6541e+06
370	83561.3186	-45079.3082	761524.3186	3487083.6918	16043205.9953	1.6425e+06
371	83657.3556	-45107.1810	761620.3556	3487055.8190	16043205.9953	1.6309e+06
372	83753.3926	-45135.0537	761716.3926	3487027.9463	16043205.9953	1.6195e+06
373	83849.4297	-45162.9264	761812.4297	3487000.0736	16043205.9953	1.6081e+06
374	83945.4667	-45190.7991	761908.4667	3486972.2009	16043205.9953	1.5968e+06
375	84041.5037	-45218.6719	762004.5037	3486944.3281	16043205.9953	1.5856e+06
376	84137.5407	-45246.5446	762100.5407	3486916.4554	16043205.9953	1.5744e+06
377	84233.5778	-45274.4173	762196.5778	3486888.5827	16043205.9953	1.5634e+06
378	84329.6148	-45302.2901	762292.6148	3486860.7099	16043205.9953	1.5524e+06
379	84425.6518	-45330.1628	762388.6518	3486832.8372	16043205.9953	1.5415e+06
380	84521.6889	-45358.0355	762484.6889	3486804.9645	16043205.9953	1.5307e+06
381	84617.7259	-45385.9082	762580.7259	3486777.0918	16043205.9953	1.5200e+06
382	84713.7629	-45413.7810	762676.7629	3486749.2190	16043205.9953	1.5093e+06
383	84809.7999	-45441.6537	762772.7999	3486721.3463	16043205.9953	1.4987e+06
384	84905.8370	-45469.5264	762868.8370	3486693.4736	16043205.9953	1.4882e+06
385	85001.8740	-45497.3992	762964.8740	3486665.6008	16043205.9953	1.4778e+06
386	85097.9110	-45525.2719	763060.9110	3486637.7281	16043205.9953	1.4674e+06
387	85193.9481	-45553.1446	763156.9481	3486609.8554	16043205.9953	1.4572e+06
388	85289.9851	-45581.0174	763252.9851	3486581.9826	16043205.9953	1.4470e+06
389	85386.0221	-45608.8901	763349.0221	3486554.1099	16043205.9953	1.4368e+06
390	85482.0591	-45636.7628	763445.0591	3486526.2372	16043205.9953	1.4268e+06
391	85578.0962	-45664.6355	763541.0962	3486498.3645	16043205.9953	1.4168e+06
392	85674.1332	-45692.5083	763637.1332	3486470.4917	16043205.9953	1.4069e+06
393	85770.1702	-45720.3810	763733.1702	3486442.6190	16043205.9953	1.3971e+06
394	85866.2073	-45748.2537	763829.2073	3486414.7463	16043205.9953	1.3873e+06
395	85962.2443	-45776.1265	763925.2443	3486386.8735	16043205.9953	1.3776e+06
396	86058.2813	-45803.9992	764021.2813	3486359.0008	16043205.9953	1.3680e+06
397	86154.3184	-45831.8719	764117.3184	3486331.1281	16043205.9953	1.3584e+06
398	86250.3554	-45859.7446	764213.3554	3486303.2554	16043205.9953	1.3489e+06
399	86346.3924	-45887.6174	764309.3924	3486275.3826	16043205.9953	1.3395e+06
400	86442.4294	-45915.4901	764405.4294	3486247.5099	16043205.9953	1.3302e+06
401	86538.4665	-45943.3628	764501.4665	3486219.6372	16043205.9953	1.3209e+06
402	86634.5035	-45971.2356	764597.5035	3486191.7644	16043205.9953	1.3117e+06
403	86730.5405	-45999.1083	764693.5405	3486163.8917	16043205.9953	1.3025e+06
404	86826.5776	-46026.9810	764789.5776	3486136.0190	16043205.9953	1.2935e+06
405	86922.6146	-46054.8538	764885.6146	3486108.1462	16043205.9953	1.2845e+06
406	87018.6516	-46082.7265	764981.6516	3486080.2735	16043205.9953	1.2755e+06
407	87114.6886	-46110.5992	765077.6886	3486052.4008	16043205.9953	1.2666e+06
408	87210.7257	-46138.4719	765173.7257	3486024.5281	16043205.9953	1.2578e+06
409	87306.7627	-46166.3447	765269.7627	3485996.6553	16043205.9953	1.2490e+06
410	87402.7997	-46194.2174	765365.7997	3485968.7826	16043205.9953	1.2403e+06
411	87498.8368	-46222.0901	765461.8368	3485940.9099	16043205.9953	1.2317e+06
412	87594.8738	-46249.9629	765557.8738	3485913.0371	16043205.9953	1.2231e+06
413	87690.9108	-46277.8356	765653.9108	3485885.1644	16043205.9953	1.2146e+06
414	87786.9478	-46305.7083	765749.9478	3485857.2917	16043205.9953	1.2062e+06
415	87882.9849	-46333.5810	765845.9849	3485829.4190	16043205.9953	1.1978e+06
416	87979.0219	-46361.4538	765942.0219	3485801.5462	16043205.9953	1.1895e+06
417	88075.0589	-46389.3265	766038.0589	3485773.6735	16043205.9953	1.1812e+06
418	88171.0960	-46417.1992	766134.0960	3485745.8008	16043205.9953	1.1730e+06
419	88267.1330	-46445.0720	766230.1330	3485717.9280	16043205.9953	1.1649e+06
420	88363.1700	-46472.9447	766326.1700	3485690.0553	16043205.9953	1.1568e+06
421	88459.2070	-46500.8174	766422.2070	3485662.1826	16043205.9953	1.1488e+06
422	88555.2441	-46528.6902	766518.2441	3485634.3098	16043205.9953	1.1408e+06
423	88651.2811	-46556.5629	766614.2811	3485606.4371	16043205.9953	1.1329e+06
424	88747.3181	-46584.4356	766710.3181	3485578.5644	16043205.9953	1.1250e+06
425	88843.3552	-46612.3083	766806.3552	3485550.6917	16043205.9953	1.1172e+06
426	88939.3922	-46640.1811	766902.3922	3485522.8189	16043205.9953	1.1095e+06
427	89035.4292	-46668.0538	766998.4292	3485494.9462	16043205.9953	1.1018e+06
428	89131.4663	-46695.9265	767094.4663	3485467.0735	16043205.9953	1.0941e+06
429	89227.5033	-46723.7993	767190.5033	3485439.2007	16043205.9953	1.0866e+06
430	89323.5403	-46751.6720	767286.5403	3485411.3280	16043205.9953	1.0790e+06
431	89419.5773	-46779.5447	767382.5773	3485383.4553	16043205.9953	1.0716e+06
432	89515.6144	-46807.4174	767478.6144	3485355.5826	16043205.9953	1.0642e+06
433	89611.6514	-46835.2902	767574.6514	3485327.7098	16043205.9953	1.0568e+06
434	89707.6884	-46863.1629	767670.6884	3485299.8371	16043205.9953	1.0495e+06
435	89803.7255	-46891.0356	767766.7255	3485271.9644	16043205.9953	1.0422e+06
436	89899.7625	-46918.9084	767862.7625	3485244.0916	16043205.9953	1.0350e+06
437	89995.7995	-46946.7811	767958.7995	3485216.2189	16043205.9953	1.0279e+06
438	90091.8365	-46974.6538	768054.8365	3485188.3462	16043205.9953	1.0208e+06
439	90187.8736	-47002.5266	768150.8736	3485160.4734	16043205.9953	1.0137e+06
440	90283.9106	-47030.3993	768246.9106	3485132.6007	16043205.9953	1.0067e+06
441	90379.9476	-47058.2720	768342.9476	3485104.7280	16043205.9953	9.9976e+05
442	90475.9847	-47086.1447	768438.9847	3485076.8553	16043205.9953	9.9286e+05
443	90572.0217	-47114.0175	768535.0217	3485048.9825	16043205.9953	9.8601e+05
444	90668.0587	-47141.8902	768631.0587	3485021.1098	16043205.9953	9.7920e+05
445	90764.0957	-47169.7629	768727.0957	3484993.2371	16043205.9953	9.7245e+05
446	90860.1328	-47197.6357	768823.1328	3484965.3643	16043205.9953	9.6574e+05
447	90956.1698	-47225.5084	768919.1698	3484937.4916	16043205.9953	9.5909e+05
448	91052.2068	-47253.3811	769015.2068	3484909.6189	16043205.9953	9.5247e+05
449	91148.2439	-47281.2538	769111.2439	3484881.7462	16043205.9953	9.4591e+05
450	91244.2809	-47309.1266	769207.2809	3484853.8734	16043205.9953	9.3939e+05
451	91340.3179	-47336.9993	769303.3179	3484826.0007	16043205.9953	9.3292e+05
452	91436.3550	-47364.8720	769399.3550	3484798.1280	16043205.9953	9.2650e+05
453	91532.3920	-47392.7448	769495.3920	3484770.2552	16043205.9953	9.2012e+05
454	91628.4290	-47420.6175	769591.4290	3484742.3825	16043205.9953	9.1379e+05
455	91724.4660	-47448.4902	769687.4660	3484714.5098	16043205.9953	9.0750e+05
456	91820.5031	-47476.3630	769783.5031	3484686.6370	16043205.9953	9.0126e+05
457	91916.5401	-47504.2357	769879.5401	3484658.7643	16043205.9953	8.9506e+05
458	92012.5771	-47532.1084	769975.5771	3484630.8916	16043205.9953	8.8891e+05
459	92108.6142	-47559.9811	770071.6142	3484603.0189	16043205.9953	8.8280e+05
460	92204.6512	-47587.8539	770167.6512	3484575.1461	16043205.9953	8.7673e+05
461	92300.6882	-47615.7266	770263.6882	3484547.2734	16043205.9953	8.7071e+05
462	92396.7252	-47643.5993	770359.7252	3484519.4007	16043205.9953	8.6473e+05
463	92492.7623	-47671.4721	770455.7623	3484491.5279	16043205.9953	8.5879e+05
464	92588.7993	-47699.3448	770551.7993	3484463.6552	16043205.9953	8.5289e+05
465	92684.8363	-47727.2175	770647.8363	3484435.7825	16043205.9953	8.4704e+05
466	92780.8734	-47755.0902	770743.8734	3484407.9098	16043205.9953	8.4123e+05
467	92876.9104	-47782.9630	770839.9104	3484380.0370	16043205.9953	8.3546e+05
468	92972.9474	-47810.8357	770935.9474	3484352.1643	16043205.9953	8.2973e+05
469	93068.9844	-47838.7084	771031.9844	3484324.2916	16043205.9953	8.2404e+05
470	93165.0215	-47866.5812	771128.0215	3484296.4188	16043205.9953	8.1839e+05
471	93261.0585	-47894.4539	771224.0585	3484268.5461	16043205.9953	8.1278e+05
472	93357.0955	-47922.3266	771320.0955	3484240.6734	16043205.9953	8.0721e+05
473	93453.1326	-47950.1994	771416.1326	3484212.8006	16043205.9953	8.0168e+05
474	93549.1696	-47978.0721	771512.1696	3484184.9279	16043205.9953	7.9619e+05
475	93645.2066	-48005.9448	771608.2066	3484157.0552	16043205.9953	7.9074e+05
476	93741.2436	-48033.8175	771704.2436	3484129.1825	16043205.9953	7.8533e+05
477	93837.2807	-48061.6903	771800.2807	3484101.3097	16043205.9953	7.7996e+05
478	93933.3177	-48089.5630	771896.3177	3484073.4370	16043205.9953	7.7462e+05
479	94029.3547	-48117.4357	771992.3547	3484045.5643	16043205.9953	7.6932e+05
480	94125.3918	-48145.3085	772088.3918	3484017.6915	16043205.9953	7.6406e+05
481	94221.4288	-48173.1812	772184.4288	3483989.8188	16043205.9953	7.5884e+05
482	94317.4658	-48201.0539	772280.4658	3483961.9461	16043205.9953	7.5366e+05
483	94413.5029	-48228.9266	772376.5029	3483934.0734	16043205.9953	7.4851e+05
484	94509.5399	-48256.7994	772472.5399	3483906.2006	16043205.9953	7.4339e+05
485	94605.5769	-48284.6721	772568.5769	3483878.3279	16043205.9953	7.3832e+05
486	94701.6139	-48312.5448	772664.6139	3483850.4552	16043205.9953	7.3328e+05
487	94797.6510	-48340.4176	772760.6510	3483822.5824	16043205.9953	7.2827e+05
488	94893.6880	-48368.2903	772856.6880	3483794.7097	16043205.9953	7.2330e+05
489	94989.7250	-48396.1630	772952.7250	3483766.8370	16043205.9953	7.1837e+05
490	95085.7621	-48424.0358	773048.7621	3483738.9642	16043205.9953	7.1347e+05
491	95181.7991	-48451.9085	773144.7991	3483711.0915	16043205.9953	7.0860e+05
492	95277.8361	-48479.7812	773240.8361	3483683.2188	16043205.9953	7.0377e+05
493	95373.8731	-48507.6539	773336.8731	3483655.3461	16043205.9953	6.9897e+05
494	95469.9102	-48535.5267	773432.9102	3483627.4733	16043205.9953	6.9421e+05
495	95565.9472	-48563.3994	773528.9472	3483599.6006	16043205.9953	6.8948e+05
496	95661.9842	-48591.2721	773624.9842	3483571.7279	16043205.9953	6.8479e+05
497	95758.0213	-48619.1449	773721.0213	3483543.8551	16043205.9953	6.8012e+05
498	95854.0583	-48647.0176	773817.0583	3483515.9824	16043205.9953	6.7549e+05
499	95950.0953	-48674.8903	773913.0953	3483488.1097	16043205.9953	6.7090e+05
500	96046.1323	-48702.7630	774009.1323	3483460.2370	16043205.9953	6.6633e+05
501	96142.1694	-48730.6358	774105.1694	3483432.3642	16043205.9953	6.6180e+05
502	96238.2064	-48758.5085	774201.2064	3483404.4915	16043205.9953	6.5730e+05
503	96334.2434	-48786.3812	774297.2434	3483376.6188	16043205.9953	6.5283e+05
504	96430.2805	-48814.2540	774393.2805	3483348.7460	16043205.9953	6.4839e+05
505	96526.3175	-48842.1267	774489.3175	3483320.8733	16043205.9953	6.4399e+05
506	96622.3545	-48869.9994	774585.3545	3483293.0006	16043205.9953	6.3961e+05
507	96718.3915	-48897.8722	774681.3915	3483265.1278	16043205.9953	6.3527e+05
508	96814.4286	-48925.7449	774777.4286	3483237.2551	16043205.9953	6.3096e+05
509	96910.4656	-48953.6176	774873.4656	3483209.3824	16043205.9953	6.2667e+05
510	97006.5026	-48981.4903	774969.5026	3483181.5097	16043205.9953	6.2242e+05
511	97102.5397	-49009.3631	775065.5397	3483153.6369	16043205.9953	6.1820e+05
512	97198.5767	-49037.2358	775161.5767	3483125.7642	16043205.9953	6.1400e+05
513	97294.6137	-49065.1085	775257.6137	3483097.8915	16043205.9953	6.0984e+05
514	97390.6508	-49092.9813	775353.6508	3483070.0187	16043205.9953	6.0570e+05
515	97486.6878	-49120.8540	775449.6878	3483042.1460	16043205.9953	6.0160e+05
516	97582.7248	-49148.7267	775545.7248	3483014.2733	16043205.9953	5.9752e+05
517	97678.7618	-49176.5994	775641.7618	3482986.4006	16043205.9953	5.9347e+05
518	97774.7989	-49204.4722	775737.7989	3482958.5278	16043205.9953	5.8945e+05
519	97870.8359	-49232.3449	775833.8359	3482930.6551	16043205.9953	5.8546e+05
520	97966.8729	-49260.2176	775929.8729	3482902.7824	16043205.9953	5.8150e+05
521	98062.9100	-49288.0904	776025.9100	3482874.9096	16043205.9953	5.7756e+05
522	98158.9470	-49315.9631	776121.9470	3482847.0369	16043205.9953	5.7365e+05
523	98254.9840	-49343.8358	776217.9840	3482819.1642	16043205.9953	5.6977e+05
524	98351.0210	-49371.7086	776314.0210	3482791.2914	16043205.9953	5.6592e+05
525	98447.0581	-49399.5813	776410.0581	3482763.4187	16043205.9953	5.6209e+05
526	98543.0951	-49427.4540	776506.0951	3482735.5460	16043205.9953	5.5829e+05
527	98639.1321	-49455.3267	776602.1321	3482707.6733	16043205.9953	5.5452e+05
528	98735.1692	-49483.1995	776698.1692	3482679.8005	16043205.9953	5.5077e+05
529	98831.2062	-49511.0722	776794.2062	3482651.9278	16043205.9953	5.4705e+05
530	98927.2432	-49538.9449	776890.2432	3482624.0551	16043205.9953	5.4335e+05
531	99023.2802	-49566.8177	776986.2802	3482596.1823	16043205.9953	5.3968e+05
532	99119.3173	-49594.6904	777082.3173	3482568.3096	16043205.9953	5.3604e+05
533	99215.3543	-49622.5631	777178.3543	3482540.4369	16043205.9953	5.3242e+05
534	99311.3913	-49650.4359	777274.3913	3482512.5641	16043205.9953	5.2883e+05
535	99407.4284	-49678.3086	777370.4284	3482484.6914	16043205.9953	5.2526e+05
536	99503.4654	-49706.1813	777466.4654	3482456.8187	16043205.9953	5.2172e+05
537	99599.5024	-49734.0540	777562.5024	3482428.9460	16043205.9953	5.1820e+05
538	99695.5395	-49761.9268	777658.5395	3482401.0732	16043205.9953	5.1471e+05
539	99791.5765	-49789.7995	777754.5765	3482373.2005	16043205.9953	5.1124e+05
540	99887.6135	-49817.6722	777850.6135	3482345.3278	16043205.9953	5.0780e+05
541	99983.6505	-49845.5450	777946.6505	3482317.4550	16043205.9953	5.0437e+05
542	100079.6876	-49873.4177	778042.6876	3482289.5823	16043205.9953	5.0098e+05
543	100175.7246	-49901.2904	778138.7246	3482261.7096	16043205.9953	4.9760e+05
544	100271.7616	-49929.1631	778234.7616	3482233.8369	16043205.9953	4.9425e+05
545	100367.7987	-49957.0359	778330.7987	3482205.9641	16043205.9953	4.9093e+05
546	100463.8357	-49984.9086	778426.8357	3482178.0914	16043205.9953	4.8763e+05
547	100559.8727	-50012.7813	778522.8727	3482150.2187	16043205.9953	4.8435e+05
548	100655.9097	-50040.6541	778618.9097	3482122.3459	16043205.9953	4.8109e+05
549	100751.9468	-50068.5268	778714.9468	3482094.4732	16043205.9953	4.7785e+05
550	100847.9838	-50096.3995	778810.9838	3482066.6005	16043205.9953	4.7464e+05
551	100944.0208	-50124.2723	778907.0208	3482038.7277	16043205.9953	4.7145e+05
552	101040.0579	-50152.1450	779003.0579	3482010.8550	16043205.9953	4.6828e+05
553	101136.0949	-50180.0177	779099.0949	3481982.9823	16043205.9953	4.6514e+05
554	101232.1319	-50207.8904	779195.1319	3481955.1096	16043205.9953	4.6202e+05
555	101328.1689	-50235.7632	779291.1689	3481927.2368	16043205.9953	4.5891e+05
556	101424.2060	-50263.6359	779387.2060	3481899.3641	16043205.9953	4.5583e+05
557	101520.2430	-50291.5086	779483.2430	3481871.4914	16043205.9953	4.5277e+05
558	101616.2800	-50319.3814	779579.2800	3481843.6186	16043205.9953	4.4974e+05
559	101712.3171	-50347.2541	779675.3171	3481815.7459	16043205.9953	4.4672e+05
560	101808.3541	-50375.1268	779771.3541	3481787.8732	16043205.9953	4.4372e+05
561	101904.3911	-50402.9995	779867.3911	3481760.0005	16043205.9953	4.4075e+05
562	102000.4281	-50430.8723	779963.4281	3481732.1277	16043205.9953	4.3780e+05
563	102096.4652	-50458.7450	780059.4652	3481704.2550	16043205.9953	4.3486e+05
564	102192.5022	-50486.6177	780155.5022	3481676.3823	16043205.9953	4.3195e+05
565	102288.5392	-50514.4905	780251.5392	3481648.5095	16043205.9953	4.2906e+05
566	102384.5763	-50542.3632	780347.5763	3481620.6368	16043205.9953	4.2618e+05
567	102480.6133	-50570.2359	780443.6133	3481592.7641	16043205.9953	4.2333e+05
568	102576.6503	-50598.1087	780539.6503	3481564.8913	16043205.9953	4.2050e+05
569	102672.6874	-50625.9814	780635.6874	3481537.0186	16043205.9953	4.1768e+05
570	102768.7244	-50653.8541	780731.7244	3481509.1459	16043205.9953	4.1489e+05
571	102864.7614	-50681.7268	780827.7614	3481481.2732	16043205.9953	4.1211e+05
572	102960.7984	-50709.5996	780923.7984	3481453.4004	16043205.9953	4.0936e+05
573	103056.8355	-50737.4723	781019.8355	3481425.5277	16043205.9953	4.0662e+05
574	103152.8725	-50765.3450	781115.8725	3481397.6550	16043205.9953	4.0390e+05
575	103248.9095	-50793.2178	781211.9095	3481369.7822	16043205.9953	4.0120e+05
576	103344.9466	-50821.0905	781307.9466	3481341.9095	16043205.9953	3.9852e+05
577	103440.9836	-50848.9632	781403.9836	3481314.0368	16043205.9953	3.9586e+05
578	103537.0206	-50876.8359	781500.0206	3481286.1641	16043205.9953	3.9322e+05
579	103633.0576	-50904.7087	781596.0576	3481258.2913	16043205.9953	3.9059e+05
580	103729.0947	-50932.5814	781692.0947	3481230.4186	16043205.9953	3.8799e+05
581	103825.1317	-50960.4541	781788.1317	3481202.5459	16043205.9953	3.8540e+05
582	103921.1687	-50988.3269	781884.1687	3481174.6731	16043205.9953	3.8283e+05
583	104017.2058	-51016.1996	781980.2058	3481146.8004	16043205.9953	3.8027e+05
584	104113.2428	-51044.0723	782076.2428	3481118.9277	16043205.9953	3.7774e+05
585	104209.2798	-51071.9451	782172.2798	3481091.0549	16043205.9953	3.7522e+05
586	104305.3168	-51099.8178	782268.3168	3481063.1822	16043205.9953	3.7272e+05
587	104401.3539	-51127.6905	782364.3539	3481035.3095	16043205.9953	3.7023e+05
588	104497.3909	-51155.5632	782460.3909	3481007.4368	16043205.9953	3.6777e+05
589	104593.4279	-51183.4360	782556.4279	3480979.5640	16043205.9953	3.6532e+05
590	104689.4650	-51211.3087	782652.4650	3480951.6913	16043205.9953	3.6289e+05
591	104785.5020	-51239.1814	782748.5020	3480923.8186	16043205.9953	3.6047e+05
592	104881.5390	-51267.0542	782844.5390	3480895.9458	16043205.9953	3.5807e+05
593	104977.5760	-51294.9269	782940.5760	3480868.0731	16043205.9953	3.5569e+05
594	105073.6131	-51322.7996	783036.6131	3480840.2004	16043205.9953	3.5332e+05
595	105169.6501	-51350.6723	783132.6501	3480812.3277	16043205.9953	3.5097e+05
596	105265.6871	-51378.5451	783228.6871	3480784.4549	16043205.9953	3.4864e+05
597	105361.7242	-51406.4178	783324.7242	3480756.5822	16043205.9953	3.4632e+05
598	105457.7612	-51434.2905	783420.7612	3480728.7095	16043205.9953	3.4402e+05
599	105553.7982	-51462.1633	783516.7982	3480700.8367	16043205.9953	3.4173e+05
600	105649.8353	-51490.0360	783612.8353	3480672.9640	16043205.9953	3.3946e+05
601	105745.8723	-51517.9087	783708.8723	3480645.0913	16043205.9953	3.3721e+05
602	105841.9093	-51545.7815	783804.9093	3480617.2185	16043205.9953	3.3497e+05
603	105937.9463	-51573.6542	783900.9463	3480589.3458	16043205.9953	3.3274e+05
604	106033.9834	-51601.5269	783996.9834	3480561.4731	16043205.9953	3.3053e+05
605	106130.0204	-51629.3996	784093.0204	3480533.6004	16043205.9953	3.2834e+05
606	106226.0574	-51657.2724	784189.0574	3480505.7276	16043205.9953	3.2616e+05
607	106322.0945	-51685.1451	784285.0945	3480477.8549	16043205.9953	3.2400e+05
608	106418.1315	-51713.0178	784381.1315	3480449.9822	16043205.9953	3.2185e+05
609	106514.1685	-51740.8906	784477.1685	3480422.1094	16043205.9953	3.1972e+05
610	106610.2055	-51768.7633	784573.2055	3480394.2367	16043205.9953	3.1760e+05
611	106706.2426	-51796.6360	784669.2426	3480366.3640	16043205.9953	3.1549e+05
612	106802.2796	-51824.5087	784765.2796	3480338.4913	16043205.9953	3.1340e+05
613	106898.3166	-51852.3815	784861.3166	3480310.6185	16043205.9953	3.1133e+05
614	106994.3537	-51880.2542	784957.3537	3480282.7458	16043205.9953	3.0926e+05
615	107090.3907	-51908.1269	785053.3907	3480254.8731	16043205.9953	3.0722e+05
616	107186.4277	-51935.9997	785149.4277	3480227.0003	16043205.9953	3.0518e+05
617	107282.4647	-51963.8724	785245.4647	3480199.1276	16043205.9953	3.0316e+05
618	107378.5018	-51991.7451	785341.5018	3480171.2549	16043205.9953	3.0116e+05
619	107474.5388	-52019.6179	785437.5388	3480143.3821	16043205.9953	2.9917e+05
620	107570.5758	-52047.4906	785533.5758	3480115.5094	16043205.9953	2.9719e+05
621	107666.6129	-52075.3633	785629.6129	3480087.6367	16043205.9953	2.9522e+05
622	107762.6499	-52103.2360	785725.6499	3480059.7640	16043205.9953	2.9327e+05
623	107858.6869	-52131.1088	785821.6869	3480031.8912	16043205.9953	2.9133e+05
624	107954.7240	-52158.9815	785917.7240	3480004.0185	16043205.9953	2.8941e+05
625	108050.7610	-52186.8542	786013.7610	3479976.1458	16043205.9953	2.8750e+05
626	108146.7980	-52214.7270	786109.7980	3479948.2730	16043205.9953	2.8560e+05
627	108242.8350	-52242.5997	786205.8350	3479920.4003	16043205.9953	2.8371e+05
628	108338.8721	-52270.4724	786301.8721	3479892.5276	16043205.9953	2.8184e+05
629	108434.9091	-52298.3451	786397.9091	3479864.6549	16043205.9953	2.7998e+05
630	108530.9461	-52326.2179	786493.9461	3479836.7821	16043205.9953	2.7813e+05
631	108626.9832	-52354.0906	786589.9832	3479808.9094	16043205.9953	2.7630e+05
632	108723.0202	-52381.9633	786686.0202	3479781.0367	16043205.9953	2.7447e+05
633	108819.0572	-52409.8361	786782.0572	3479753.1639	16043205.9953	2.7266e+05
634	108915.0942	-52437.7088	786878.0942	3479725.2912	16043205.9953	2.7087e+05
635	109011.1313	-52465.5815	786974.1313	3479697.4185	16043205.9953	2.6908e+05
636	109107.1683	-52493.4543	787070.1683	3479669.5457	16043205.9953	2.6731e+05
637	109203.2053	-52521.3270	787166.2053	3479641.6730	16043205.9953	2.6555e+05
638	109299.2424	-52549.1997	787262.2424	3479613.8003	16043205.9953	2.6380e+05
639	109395.2794	-52577.0724	787358.2794	3479585.9276	16043205.9953	2.6206e+05
640	109491.3164	-52604.9452	787454.3164	3479558.0548	16043205.9953	2.6033e+05
641	109587.3534	-52632.8179	787550.3534	3479530.1821	16043205.9953	2.5862e+05
642	109683.3905	-52660.6906	787646.3905	3479502.3094	16043205.9953	2.5692e+05
643	109779.4275	-52688.5634	787742.4275	3479474.4366	16043205.9953	2.5523e+05
644	109875.4645	-52716.4361	787838.4645	3479446.5639	16043205.9953	2.5355e+05
645	109971.5016	-52744.3088	787934.5016	3479418.6912	16043205.9953	2.5188e+05
646	110067.5386	-52772.1815	788030.5386	3479390.8185	16043205.9953	2.5023e+05
647	110163.5756	-52800.0543	788126.5756	3479362.9457	16043205.9953	2.4858e+05
648	110259.6126	-52827.9270	788222.6126	3479335.0730	16043205.9953	2.4695e+05
649	110355.6497	-52855.7997	788318.6497	3479307.2003	16043205.9953	2.4532e+05
650	110451.6867	-52883.6725	788414.6867	3479279.3275	16043205.9953	2.4371e+05
651	110547.7237	-52911.5452	788510.7237	3479251.4548	16043205.9953	2.4211e+05
652	110643.7608	-52939.4179	788606.7608	3479223.5821	16043205.9953	2.4052e+05
653	110739.7978	-52967.2907	788702.7978	3479195.7093	16043205.9953	2.3894e+05
654	110835.8348	-52995.1634	788798.8348	3479167.8366	16043205.9953	2.3738e+05
655	110931.8719	-53023.0361	788894.8719	3479139.9639	16043205.9953	2.3582e+05
656	111027.9089	-53050.9088	788990.9089	3479112.0912	16043205.9953	2.3427e+05
657	111123.9459	-53078.7816	789086.9459	3479084.2184	16043205.9953	2.3273e+05
658	111219.9829	-53106.6543	789182.9829	3479056.3457	16043205.9953	2.3121e+05
659	111316.0200	-53134.5270	789279.0200	3479028.4730	16043205.9953	2.2969e+05
660	111412.0570	-53162.3998	789375.0570	3479000.6002	16043205.9953	2.2819e+05
661	111508.0940	-53190.2725	789471.0940	3478972.7275	16043205.9953	2.2669e+05
662	111604.1311	-53218.1452	789567.1311	3478944.8548	16043205.9953	2.2521e+05
663	111700.1681	-53246.0179	789663.1681	3478916.9821	16043205.9953	2.2373e+05
664	111796.2051	-53273.8907	789759.2051	3478889.1093	16043205.9953	2.2226e+05
665	111892.2421	-53301.7634	789855.2421	3478861.2366	16043205.9953	2.2081e+05
666	111988.2792	-53329.6361	789951.2792	3478833.3639	16043205.9953	2.1936e+05
667	112084.3162	-53357.5089	790047.3162	3478805.4911	16043205.9953	2.1793e+05
668	112180.3532	-53385.3816	790143.3532	3478777.6184	16043205.9953	2.1650e+05
669	112276.3903	-53413.2543	790239.3903	3478749.7457	16043205.9953	2.1509e+05
670	112372.4273	-53441.1271	790335.4273	3478721.8729	16043205.9953	2.1368e+05
671	112468.4643	-53468.9998	790431.4643	3478694.0002	16043205.9953	2.1228e+05
672	112564.5013	-53496.8725	790527.5013	3478666.1275	16043205.9953	2.1089e+05
673	112660.5384	-53524.7452	790623.5384	3478638.2548	16043205.9953	2.0952e+05
674	112756.5754	-53552.6180	790719.5754	3478610.3820	16043205.9953	2.0815e+05
675	112852.6124	-53580.4907	790815.6124	3478582.5093	16043205.9953	2.0679e+05
676	112948.6495	-53608.3634	790911.6495	3478554.6366	16043205.9953	2.0544e+05
677	113044.6865	-53636.2362	791007.6865	3478526.7638	16043205.9953	2.0409e+05
678	113140.7235	-53664.1089	791103.7235	3478498.8911	16043205.9953	2.0276e+05
679	113236.7606	-53691.9816	791199.7606	3478471.0184	16043205.9953	2.0144e+05
680	113332.7976	-53719.8543	791295.7976	3478443.1457	16043205.9953	2.0012e+05
681	113428.8346	-53747.7271	791391.8346	3478415.2729	16043205.9953	1.9882e+05
682	113524.8716	-53775.5998	791487.8716	3478387.4002	16043205.9953	1.9752e+05
683	113620.9087	-53803.4725	791583.9087	3478359.5275	16043205.9953	1.9623e+05
684	113716.9457	-53831.3453	791679.9457	3478331.6547	16043205.9953	1.9495e+05
685	113812.9827	-53859.2180	791775.9827	3478303.7820	16043205.9953	1.9368e+05
686	113909.0198	-53887.0907	791872.0198	3478275.9093	16043205.9953	1.9242e+05
687	114005.0568	-53914.9635	791968.0568	3478248.0365	16043205.9953	1.9116e+05
688	114101.0938	-53942.8362	792064.0938	3478220.1638	16043205.9953	1.8992e+05
689	114197.1308	-53970.7089	792160.1308	3478192.2911	16043205.9953	1.8868e+05
690	114293.1679	-53998.5816	792256.1679	3478164.4184	16043205.9953	1.8745e+05
691	114389.2049	-54026.4544	792352.2049	3478136.5456	16043205.9953	1.8623e+05
692	114485.2419	-54054.3271	792448.2419	3478108.6729	16043205.9953	1.8502e+05
693	114581.2790	-54082.1998	792544.2790	3478080.8002	16043205.9953	1.8382e+05
694	114677.3160	-54110.0726	792640.3160	3478052.9274	16043205.9953	1.8262e+05
695	114773.3530	-54137.9453	792736.3530	3478025.0547	16043205.9953	1.8143e+05
696	114869.3900	-54165.8180	792832.3900	3477997.1820	16043205.9953	1.8025e+05
697	114965.4271	-54193.6907	792928.4271	3477969.3093	16043205.9953	1.7908e+05
698	115061.4641	-54221.5635	793024.4641	3477941.4365	16043205.9953	1.7791e+05
699	115157.5011	-54249.4362	793120.5011	3477913.5638	16043205.9953	1.7676e+05
700	115253.5382	-54277.3089	793216.5382	3477885.6911	16043205.9953	1.7561e+05
701	115349.5752	-54305.1817	793312.5752	3477857.8183	16043205.9953	1.7447e+05
702	115445.6122	-54333.0544	793408.6122	3477829.9456	16043205.9953	1.7334e+05
703	115541.6492	-54360.9271	793504.6492	3477802.0729	16043205.9953	1.7221e+05
704	115637.6863	-54388.7999	793600.6863	3477774.2001	16043205.9953	1.7109e+05
705	115733.7233	-54416.6726	793696.7233	3477746.3274	16043205.9953	1.6998e+05
706	115829.7603	-54444.5453	793792.7603	3477718.4547	16043205.9953	1.6888e+05
707	115925.7974	-54472.4180	793888.7974	3477690.5820	16043205.9953	1.6778e+05
708	116021.8344	-54500.2908	793984.8344	3477662.7092	16043205.9953	1.6669e+05
709	116117.8714	-54528.1635	794080.8714	3477634.8365	16043205.9953	1.6561e+05
710	116213.9085	-54556.0362	794176.9085	3477606.9638	16043205.9953	1.6454e+05
711	116309.9455	-54583.9090	794272.9455	3477579.0910	16043205.9953	1.6347e+05
712	116405.9825	-54611.7817	794368.9825	3477551.2183	16043205.9953	1.6241e+05
713	116502.0195	-54639.6544	794465.0195	3477523.3456	16043205.9953	1.6136e+05
714	116598.0566	-54667.5271	794561.0566	3477495.4729	16043205.9953	1.6031e+05
715	116694.0936	-54695.3999	794657.0936	3477467.6001	16043205.9953	1.5927e+05
716	116790.1306	-54723.2726	794753.1306	3477439.7274	16043205.9953	1.5824e+05
717	116886.1677	-54751.1453	794849.1677	3477411.8547	16043205.9953	1.5722e+05
718	116982.2047	-54779.0181	794945.2047	3477383.9819	16043205.9953	1.5620e+05
719	117078.2417	-54806.8908	795041.2417	3477356.1092	16043205.9953	1.5519e+05
720	117174.2787	-54834.7635	795137.2787	3477328.2365	16043205.9953	1.5418e+05
721	117270.3158	-54862.6363	795233.3158	3477300.3637	16043205.9953	1.5319e+05
722	117366.3528	-54890.5090	795329.3528	3477272.4910	16043205.9953	1.5220e+05
723	117462.3898	-54918.3817	795425.3898	3477244.6183	16043205.9953	1.5121e+05
724	117558.4269	-54946.2544	795521.4269	3477216.7456	16043205.9953	1.5023e+05
725	117654.4639	-54974.1272	795617.4639	3477188.8728	16043205.9953	1.4926e+05
726	117750.5009	-55001.9999	795713.5009	3477161.0001	16043205.9953	1.4830e+05
727	117846.5379	-55029.8726	795809.5379	3477133.1274	16043205.9953	1.4734e+05
728	117942.5750	-55057.7454	795905.5750	3477105.2546	16043205.9953	1.4639e+05
729	118038.6120	-55085.6181	796001.6120	3477077.3819	16043205.9953	1.4544e+05
730	118134.6490	-55113.4908	796097.6490	3477049.5092	16043205.9953	1.4450e+05
731	118230.6861	-55141.3635	796193.6861	3477021.6365	16043205.9953	1.4357e+05
732	118326.7231	-55169.2363	796289.7231	3476993.7637	16043205.9953	1.4264e+05
733	118422.7601	-55197.1090	796385.7601	3476965.8910	16043205.9953	1.4172e+05
734	118518.7971	-55224.9817	796481.7971	3476938.0183	16043205.9953	1.4081e+05
735	118614.8342	-55252.8545	796577.8342	3476910.1455	16043205.9953	1.3990e+05
736	118710.8712	-55280.7272	796673.8712	3476882.2728	16043205.9953	1.3900e+05
737	118806.9082	-55308.5999	796769.9082	3476854.4001	16043205.9953	1.3810e+05
738	118902.9453	-55336.4727	796865.9453	3476826.5273	16043205.9953	1.3721e+05
739	118998.9823	-55364.3454	796961.9823	3476798.6546	16043205.9953	1.3632e+05
740	119095.0193	-55392.2181	797058.0193	3476770.7819	16043205.9953	1.3545e+05
741	119191.0564	-55420.0908	797154.0564	3476742.9092	16043205.9953	1.3457e+05
742	119287.0934	-55447.9636	797250.0934	3476715.0364	16043205.9953	1.3371e+05
743	119383.1304	-55475.8363	797346.1304	3476687.1637	16043205.9953	1.3284e+05
744	119479.1674	-55503.7090	797442.1674	3476659.2910	16043205.9953	1.3199e+05
745	119575.2045	-55531.5818	797538.2045	3476631.4182	16043205.9953	1.3114e+05
746	119671.2415	-55559.4545	797634.2415	3476603.5455	16043205.9953	1.3029e+05
747	119767.2785	-55587.3272	797730.2785	3476575.6728	16043205.9953	1.2946e+05
748	119863.3156	-55615.2000	797826.3156	3476547.8000	16043205.9953	1.2862e+05
749	119959.3526	-55643.0727	797922.3526	3476519.9273	16043205.9953	1.2780e+05
750	120055.3896	-55670.9454	798018.3896	3476492.0546	16043205.9953	1.2697e+05
751	120151.4266	-55698.8181	798114.4266	3476464.1819	16043205.9953	1.2616e+05
752	120247.4637	-55726.6909	798210.4637	3476436.3091	16043205.9953	1.2535e+05
753	120343.5007	-55754.5636	798306.5007	3476408.4364	16043205.9953	1.2454e+05
754	120439.5377	-55782.4363	798402.5377	3476380.5637	16043205.9953	1.2374e+05
755	120535.5748	-55810.3091	798498.5748	3476352.6909	16043205.9953	1.2294e+05
756	120631.6118	-55838.1818	798594.6118	3476324.8182	16043205.9953	1.2215e+05
757	120727.6488	-55866.0545	798690.6488	3476296.9455	16043205.9953	1.2137e+05
758	120823.6858	-55893.9272	798786.6858	3476269.0728	16043205.9953	1.2059e+05
759	120919.7229	-55921.8000	798882.7229	3476241.2000	16043205.9953	1.1982e+05
760	121015.7599	-55949.6727	798978.7599	3476213.3273	16043205.9953	1.1905e+05
761	121111.7969	-55977.5454	799074.7969	3476185.4546	16043205.9953	1.1828e+05
762	121207.8340	-56005.4182	799170.8340	3476157.5818	16043205.9953	1.1752e+05
763	121303.8710	-56033.2909	799266.8710	3476129.7091	16043205.9953	1.1677e+05
764	121399.9080	-56061.1636	799362.9080	3476101.8364	16043205.9953	1.1602e+05
765	121495.9451	-56089.0364	799458.9451	3476073.9636	16043205.9953	1.1528e+05
766	121591.9821	-56116.9091	799554.9821	3476046.0909	16043205.9953	1.1454e+05
767	121688.0191	-56144.7818	799651.0191	3476018.2182	16043205.9953	1.1380e+05
768	121784.0561	-56172.6545	799747.0561	3475990.3455	16043205.9953	1.1307e+05
769	121880.0932	-56200.5273	799843.0932	3475962.4727	16043205.9953	1.1235e+05
770	121976.1302	-56228.4000	799939.1302	3475934.6000	16043205.9953	1.1163e+05
771	122072.1672	-56256.2727	800035.1672	3475906.7273	16043205.9953	1.1091e+05
772	122168.2043	-56284.1455	800131.2043	3475878.8545	16043205.9953	1.1020e+05
773	122264.2413	-56312.0182	800227.2413	3475850.9818	16043205.9953	1.0950e+05
774	122360.2783	-56339.8909	800323.2783	3475823.1091	16043205.9953	1.0880e+05
775	122456.3153	-56367.7636	800419.3153	3475795.2364	16043205.9953	1.0810e+05
776	122552.3524	-56395.6364	800515.3524	3475767.3636	16043205.9953	1.0741e+05
777	122648.3894	-56423.5091	800611.3894	3475739.4909	16043205.9953	1.0672e+05
778	122744.4264	-56451.3818	800707.4264	3475711.6182	16043205.9953	1.0604e+05
779	122840.4635	-56479.2546	800803.4635	3475683.7454	16043205.9953	1.0536e+05
780	122936.5005	-56507.1273	800899.5005	3475655.8727	16043205.9953	1.0469e+05
781	123032.5375	-56535.0000	800995.5375	3475628.0000	16043205.9953	1.0402e+05
782	123128.5745	-56562.8728	801091.5745	3475600.1272	16043205.9953	1.0335e+05
783	123224.6116	-56590.7455	801187.6116	3475572.2545	16043205.9953	1.0269e+05
784	123320.6486	-56618.6182	801283.6486	3475544.3818	16043205.9953	1.0204e+05
785	123416.6856	-56646.4909	801379.6856	3475516.5091	16043205.9953	1.0138e+05
786	123512.7227	-56674.3637	801475.7227	3475488.6363	16043205.9953	1.0074e+05
787	123608.7597	-56702.2364	801571.7597	3475460.7636	16043205.9953	1.0009e+05
788	123704.7967	-56730.1091	801667.7967	3475432.8909	16043205.9953	9.9454e+04
789	123800.8337	-56757.9819	801763.8337	3475405.0181	16043205.9953	9.8819e+04
790	123896.8708	-56785.8546	801859.8708	3475377.1454	16043205.9953	9.8189e+04
791	123992.9078	-56813.7273	801955.9078	3475349.2727	16043205.9953	9.7562e+04
792	124088.9448	-56841.6000	802051.9448	3475321.4000	16043205.9953	9.6940e+04
793	124184.9819	-56869.4728	802147.9819	3475293.5272	16043205.9953	9.6321e+04
794	124281.0189	-56897.3455	802244.0189	3475265.6545	16043205.9953	9.5707e+04
795	124377.0559	-56925.2182	802340.0559	3475237.7818	16043205.9953	9.5097e+04
796	124473.0930	-56953.0910	802436.0930	3475209.9090	16043205.9953	9.4491e+04
797	124569.1300	-56980.9637	802532.1300	3475182.0363	16043205.9953	9.3888e+04
798	124665.1670	-57008.8364	802628.1670	3475154.1636	16043205.9953	9.3290e+04
799	124761.2040	-57036.7092	802724.2040	3475126.2908	16043205.9953	9.2696e+04
800	124857.2411	-57064.5819	802820.2411	3475098.4181	16043205.9953	9.2105e+04
801	124953.2781	-57092.4546	802916.2781	3475070.5454	16043205.9953	9.1519e+04
802	125049.3151	-57120.3273	803012.3151	3475042.6727	16043205.9953	9.0936e+04
803	125145.3522	-57148.2001	803108.3522	3475014.7999	16043205.9953	9.0357e+04
804	125241.3892	-57176.0728	803204.3892	3474986.9272	16043205.9953	8.9782e+04
805	125337.4262	-57203.9455	803300.4262	3474959.0545	16043205.9953	8.9211e+04
806	125433.4632	-57231.8183	803396.4632	3474931.1817	16043205.9953	8.8643e+04
807	125529.5003	-57259.6910	803492.5003	3474903.3090	16043205.9953	8.8079e+04
808	125625.5373	-57287.5637	803588.5373	3474875.4363	16043205.9953	8.7519e+04
809	125721.5743	-57315.4364	803684.5743	3474847.5636	16043205.9953	8.6962e+04
810	125817.6114	-57343.3092	803780.6114	3474819.6908	16043205.9953	8.6409e+04
811	125913.6484	-57371.1819	803876.6484	3474791.8181	16043205.9953	8.5860e+04
812	126009.6854	-57399.0546	803972.6854	3474763.9454	16043205.9953	8.5315e+04
813	126105.7224	-57426.9274	804068.7224	3474736.0726	16043205.9953	8.4772e+04
814	126201.7595	-57454.8001	804164.7595	3474708.1999	16043205.9953	8.4234e+04
815	126297.7965	-57482.6728	804260.7965	3474680.3272	16043205.9953	8.3699e+04
816	126393.8335	-57510.5456	804356.8335	3474652.4544	16043205.9953	8.3167e+04
817	126489.8706	-57538.4183	804452.8706	3474624.5817	16043205.9953	8.2639e+04
818	126585.9076	-57566.2910	804548.9076	3474596.7090	16043205.9953	8.2115e+04
819	126681.9446	-57594.1637	804644.9446	3474568.8363	16043205.9953	8.1593e+04
820	126777.9816	-57622.0365	804740.9816	3474540.9635	16043205.9953	8.1076e+04
821	126874.0187	-57649.9092	804837.0187	3474513.0908	16043205.9953	8.0561e+04
822	126970.0557	-57677.7819	804933.0557	3474485.2181	16043205.9953	8.0050e+04
823	127066.0927	-57705.6547	805029.0927	3474457.3453	16043205.9953	7.9542e+04
824	127162.1298	-57733.5274	805125.1298	3474429.4726	16043205.9953	7.9038e+04
825	127258.1668	-57761.4001	805221.1668	3474401.5999	16043205.9953	7.8537e+04
826	127354.2038	-57789.2728	805317.2038	3474373.7272	16043205.9953	7.8039e+04
827	127450.2409	-57817.1456	805413.2409	3474345.8544	16043205.9953	7.7545e+04
828	127546.2779	-57845.0183	805509.2779	3474317.9817	16043205.9953	7.7053e+04
829	127642.3149	-57872.8910	805605.3149	3474290.1090	16043205.9953	7.6565e+04
830	127738.3519	-57900.7638	805701.3519	3474262.2362	16043205.9953	7.6080e+04
831	127834.3890	-57928.6365	805797.3890	3474234.3635	16043205.9953	7.5598e+04
832	127930.4260	-57956.5092	805893.4260	3474206.4908	16043205.9953	7.5120e+04
833	128026.4630	-57984.3820	805989.4630	3474178.6180	16043205.9953	7.4644e+04
834	128122.5001	-58012.2547	806085.5001	3474150.7453	16043205.9953	7.4172e+04
835	128218.5371	-58040.1274	806181.5371	3474122.8726	16043205.9953	7.3702e+04
836	128314.5741	-58068.0001	806277.5741	3474094.9999	16043205.9953	7.3236e+04
837	128410.6111	-58095.8729	806373.6111	3474067.1271	16043205.9953	7.2773e+04
838	128506.6482	-58123.7456	806469.6482	3474039.2544	16043205.9953	7.2312e+04
839	128602.6852	-58151.6183	806565.6852	3474011.3817	16043205.9953	7.1855e+04
840	128698.7222	-58179.4911	806661.7222	3473983.5089	16043205.9953	7.1401e+04
841	128794.7593	-58207.3638	806757.7593	3473955.6362	16043205.9953	7.0949e+04
842	128890.7963	-58235.2365	806853.7963	3473927.7635	16043205.9953	7.0501e+04
843	128986.8333	-58263.1092	806949.8333	3473899.8908	16043205.9953	7.0056e+04
844	129082.8703	-58290.9820	807045.8703	3473872.0180	16043205.9953	6.9613e+04
845	129178.9074	-58318.8547	807141.9074	3473844.1453	16043205.9953	6.9173e+04
846	129274.9444	-58346.7274	807237.9444	3473816.2726	16043205.9953	6.8736e+04
847	129370.9814	-58374.6002	807333.9814	3473788.3998	16043205.9953	6.8302e+04
848	129467.0185	-58402.4729	807430.0185	3473760.5271	16043205.9953	6.7871e+04
849	129563.0555	-58430.3456	807526.0555	3473732.6544	16043205.9953	6.7443e+04
850	129659.0925	-58458.2184	807622.0925	3473704.7816	16043205.9953	6.7017e+04
851	129755.1296	-58486.0911	807718.1296	3473676.9089	16043205.9953	6.6594e+04
852	129851.1666	-58513.9638	807814.1666	3473649.0362	16043205.9953	6.6174e+04
853	129947.2036	-58541.8365	807910.2036	3473621.1635	16043205.9953	6.5757e+04
854	130043.2406	-58569.7093	808006.2406	3473593.2907	16043205.9953	6.5342e+04
855	130139.2777	-58597.5820	808102.2777	3473565.4180	16043205.9953	6.4930e+04
856	130235.3147	-58625.4547	808198.3147	3473537.5453	16043205.9953	6.4521e+04
857	130331.3517	-58653.3275	808294.3517	3473509.6725	16043205.9953	6.4114e+04
858	130427.3888	-58681.2002	808390.3888	3473481.7998	16043205.9953	6.3710e+04
859	130523.4258	-58709.0729	808486.4258	3473453.9271	16043205.9953	6.3309e+04
860	130619.4628	-58736.9456	808582.4628	3473426.0544	16043205.9953	6.2910e+04
861	130715.4998	-58764.8184	808678.4998	3473398.1816	16043205.9953	6.2513e+04
862	130811.5369	-58792.6911	808774.5369	3473370.3089	16043205.9953	6.2120e+04
863	130907.5739	-58820.5638	808870.5739	3473342.4362	16043205.9953	6.1729e+04
864	131003.6109	-58848.4366	808966.6109	3473314.5634	16043205.9953	6.1340e+04
865	131099.6480	-58876.3093	809062.6480	3473286.6907	16043205.9953	6.0954e+04
866	131195.6850	-58904.1820	809158.6850	3473258.8180	16043205.9953	6.0570e+04
867	131291.7220	-58932.0548	809254.7220	3473230.9452	16043205.9953	6.0189e+04
868	131387.7590	-58959.9275	809350.7590	3473203.0725	16043205.9953	5.9811e+04
869	131483.7961	-58987.8002	809446.7961	3473175.1998	16043205.9953	5.9435e+04
870	131579.8331	-59015.6729	809542.8331	3473147.3271	16043205.9953	5.9061e+04
871	131675.8701	-59043.5457	809638.8701	3473119.4543	16043205.9953	5.8689e+04
872	131771.9072	-59071.4184	809734.9072	3473091.5816	16043205.9953	5.8321e+04
873	131867.9442	-59099.2911	809830.9442	3473063.7089	16043205.9953	5.7954e+04
874	131963.9812	-59127.1639	809926.9812	3473035.8361	16043205.9953	5.7590e+04
875	132060.0182	-59155.0366	810023.0182	3473007.9634	16043205.9953	5.7228e+04
876	132156.0553	-59182.9093	810119.0553	3472980.0907	16043205.9953	5.6868e+04
877	132252.0923	-59210.7820	810215.0923	3472952.2180	16043205.9953	5.6511e+04
878	132348.1293	-59238.6548	810311.1293	3472924.3452	16043205.9953	5.6156e+04
879	132444.1664	-59266.5275	810407.1664	3472896.4725	16043205.9953	5.5804e+04
880	132540.2034	-59294.4002	810503.2034	3472868.5998	16043205.9953	5.5454e+04
881	132636.2404	-59322.2730	810599.2404	3472840.7270	16043205.9953	5.5106e+04
882	132732.2775	-59350.1457	810695.2775	3472812.8543	16043205.9953	5.4760e+04
883	132828.3145	-59378.0184	810791.3145	3472784.9816	16043205.9953	5.4416e+04
884	132924.3515	-59405.8912	810887.3515	3472757.1088	16043205.9953	5.4075e+04
885	133020.3885	-59433.7639	810983.3885	3472729.2361	16043205.9953	5.3736e+04
886	133116.4256	-59461.6366	811079.4256	3472701.3634	16043205.9953	5.3399e+04
887	133212.4626	-59489.5093	811175.4626	3472673.4907	16043205.9953	5.3064e+04
888	133308.4996	-59517.3821	811271.4996	3472645.6179	16043205.9953	5.2731e+04
889	133404.5367	-59545.2548	811367.5367	3472617.7452	16043205.9953	5.2401e+04
890	133500.5737	-59573.1275	811463.5737	3472589.8725	16043205.9953	5.2072e+04
891	133596.6107	-59601.0003	811559.6107	3472561.9997	16043205.9953	5.1746e+04
892	133692.6477	-59628.8730	811655.6477	3472534.1270	16043205.9953	5.1422e+04
893	133788.6848	-59656.7457	811751.6848	3472506.2543	16043205.9953	5.1100e+04
894	133884.7218	-59684.6184	811847.7218	3472478.3816	16043205.9953	5.0780e+04
895	133980.7588	-59712.4912	811943.7588	3472450.5088	16043205.9953	5.0462e+04
896	134076.7959	-59740.3639	812039.7959	3472422.6361	16043205.9953	5.0146e+04
897	134172.8329	-59768.2366	812135.8329	3472394.7634	16043205.9953	4.9832e+04
898	134268.8699	-59796.1094	812231.8699	3472366.8906	16043205.9953	4.9520e+04
899	134364.9069	-59823.9821	812327.9069	3472339.0179	16043205.9953	4.9211e+04
900	134460.9440	-59851.8548	812423.9440	3472311.1452	16043205.9953	4.8903e+04
901	134556.9810	-59879.7276	812519.9810	3472283.2724	16043205.9953	4.8597e+04
902	134653.0180	-59907.6003	812616.0180	3472255.3997	16043205.9953	4.8293e+04
903	134749.0551	-59935.4730	812712.0551	3472227.5270	16043205.9953	4.7991e+04
904	134845.0921	-59963.3457	812808.0921	3472199.6543	16043205.9953	4.7691e+04
905	134941.1291	-59991.2185	812904.1291	3472171.7815	16043205.9953	4.7393e+04
906	135037.1662	-60019.0912	813000.1662	3472143.9088	16043205.9953	4.7097e+04
907	135133.2032	-60046.9639	813096.2032	3472116.0361	16043205.9953	4.6802e+04
908	135229.2402	-60074.8367	813192.2402	3472088.1633	16043205.9953	4.6510e+04
909	135325.2772	-60102.7094	813288.2772	3472060.2906	16043205.9953	4.6220e+04
910	135421.3143	-60130.5821	813384.3143	3472032.4179	16043205.9953	4.5931e+04
911	135517.3513	-60158.4548	813480.3513	3472004.5452	16043205.9953	4.5644e+04
912	135613.3883	-60186.3276	813576.3883	3471976.6724	16043205.9953	4.5359e+04
913	135709.4254	-60214.2003	813672.4254	3471948.7997	16043205.9953	4.5076e+04
914	135805.4624	-60242.0730	813768.4624	3471920.9270	16043205.9953	4.4795e+04
915	135901.4994	-60269.9458	813864.4994	3471893.0542	16043205.9953	4.4515e+04
916	135997.5364	-60297.8185	813960.5364	3471865.1815	16043205.9953	4.4238e+04
917	136093.5735	-60325.6912	814056.5735	3471837.3088	16043205.9953	4.3962e+04
918	136189.6105	-60353.5640	814152.6105	3471809.4360	16043205.9953	4.3687e+04
919	136285.6475	-60381.4367	814248.6475	3471781.5633	16043205.9953	4.3415e+04
920	136381.6846	-60409.3094	814344.6846	3471753.6906	16043205.9953	4.3144e+04
921	136477.7216	-60437.1821	814440.7216	3471725.8179	16043205.9953	4.2875e+04
922	136573.7586	-60465.0549	814536.7586	3471697.9451	16043205.9953	4.2608e+04
923	136669.7956	-60492.9276	814632.7956	3471670.0724	16043205.9953	4.2343e+04
924	136765.8327	-60520.8003	814728.8327	3471642.1997	16043205.9953	4.2079e+04
925	136861.8697	-60548.6731	814824.8697	3471614.3269	16043205.9953	4.1817e+04
926	136957.9067	-60576.5458	814920.9067	3471586.4542	16043205.9953	4.1556e+04
927	137053.9438	-60604.4185	815016.9438	3471558.5815	16043205.9953	4.1298e+04
928	137149.9808	-60632.2912	815112.9808	3471530.7088	16043205.9953	4.1040e+04
929	137246.0178	-60660.1640	815209.0178	3471502.8360	16043205.9953	4.0785e+04
930	137342.0548	-60688.0367	815305.0548	3471474.9633	16043205.9953	4.0531e+04
931	137438.0919	-60715.9094	815401.0919	3471447.0906	16043205.9953	4.0279e+04
932	137534.1289	-60743.7822	815497.1289	3471419.2178	16043205.9953	4.0028e+04
933	137630.1659	-60771.6549	815593.1659	3471391.3451	16043205.9953	3.9779e+04
934	137726.2030	-60799.5276	815689.2030	3471363.4724	16043205.9953	3.9532e+04
935	137822.2400	-60827.4004	815785.2400	3471335.5996	16043205.9953	3.9286e+04
936	137918.2770	-60855.2731	815881.2770	3471307.7269	16043205.9953	3.9042e+04
937	138014.3141	-60883.1458	815977.3141	3471279.8542	16043205.9953	3.8799e+04
938	138110.3511	-60911.0185	816073.3511	3471251.9815	16043205.9953	3.8558e+04
939	138206.3881	-60938.8913	816169.3881	3471224.1087	16043205.9953	3.8318e+04
940	138302.4251	-60966.7640	816265.4251	3471196.2360	16043205.9953	3.8080e+04
941	138398.4622	-60994.6367	816361.4622	3471168.3633	16043205.9953	3.7843e+04
942	138494.4992	-61022.5095	816457.4992	3471140.4905	16043205.9953	3.7608e+04
943	138590.5362	-61050.3822	816553.5362	3471112.6178	16043205.9953	3.7375e+04
944	138686.5733	-61078.2549	816649.5733	3471084.7451	16043205.9953	3.7143e+04
945	138782.6103	-61106.1276	816745.6103	3471056.8724	16043205.9953	3.6912e+04
946	138878.6473	-61134.0004	816841.6473	3471028.9996	16043205.9953	3.6683e+04
947	138974.6843	-61161.8731	816937.6843	3471001.1269	16043205.9953	3.6455e+04
948	139070.7214	-61189.7458	817033.7214	3470973.2542	16043205.9953	3.6229e+04
949	139166.7584	-61217.6186	817129.7584	3470945.3814	16043205.9953	3.6004e+04
950	139262.7954	-61245.4913	817225.7954	3470917.5087	16043205.9953	3.5781e+04
951	139358.8325	-61273.3640	817321.8325	3470889.6360	16043205.9953	3.5559e+04
952	139454.8695	-61301.2368	817417.8695	3470861.7632	16043205.9953	3.5338e+04
953	139550.9065	-61329.1095	817513.9065	3470833.8905	16043205.9953	3.5119e+04
954	139646.9435	-61356.9822	817609.9435	3470806.0178	16043205.9953	3.4902e+04
955	139742.9806	-61384.8549	817705.9806	3470778.1451	16043205.9953	3.4685e+04
956	139839.0176	-61412.7277	817802.0176	3470750.2723	16043205.9953	3.4470e+04
957	139935.0546	-61440.6004	817898.0546	3470722.3996	16043205.9953	3.4257e+04
958	140031.0917	-61468.4731	817994.0917	3470694.5269	16043205.9953	3.4044e+04
959	140127.1287	-61496.3459	818090.1287	3470666.6541	16043205.9953	3.3833e+04
960	140223.1657	-61524.2186	818186.1657	3470638.7814	16043205.9953	3.3624e+04
961	140319.2027	-61552.0913	818282.2027	3470610.9087	16043205.9953	3.3416e+04
962	140415.2398	-61579.9640	818378.2398	3470583.0360	16043205.9953	3.3209e+04
963	140511.2768	-61607.8368	818474.2768	3470555.1632	16043205.9953	3.3003e+04
964	140607.3138	-61635.7095	818570.3138	3470527.2905	16043205.9953	3.2799e+04
965	140703.3509	-61663.5822	818666.3509	3470499.4178	16043205.9953	3.2596e+04
966	140799.3879	-61691.4550	818762.3879	3470471.5450	16043205.9953	3.2394e+04
967	140895.4249	-61719.3277	818858.4249	3470443.6723	16043205.9953	3.2194e+04
968	140991.4620	-61747.2004	818954.4620	3470415.7996	16043205.9953	3.1995e+04
969	141087.4990	-61775.0732	819050.4990	3470387.9268	16043205.9953	3.1797e+04
970	141183.5360	-61802.9459	819146.5360	3470360.0541	16043205.9953	3.1600e+04
971	141279.5730	-61830.8186	819242.5730	3470332.1814	16043205.9953	3.1405e+04
972	141375.6101	-61858.6913	819338.6101	3470304.3087	16043205.9953	3.1211e+04
973	141471.6471	-61886.5641	819434.6471	3470276.4359	16043205.9953	3.1018e+04
974	141567.6841	-61914.4368	819530.6841	3470248.5632	16043205.9953	3.0826e+04
975	141663.7212	-61942.3095	819626.7212	3470220.6905	16043205.9953	3.0636e+04
976	141759.7582	-61970.1823	819722.7582	3470192.8177	16043205.9953	3.0446e+04
977	141855.7952	-61998.0550	819818.7952	3470164.9450	16043205.9953	3.0258e+04
978	141951.8322	-62025.9277	819914.8322	3470137.0723	16043205.9953	3.0071e+04
979	142047.8693	-62053.8005	820010.8693	3470109.1995	16043205.9953	2.9886e+04
980	142143.9063	-62081.6732	820106.9063	3470081.3268	16043205.9953	2.9701e+04
981	142239.9433	-62109.5459	820202.9433	3470053.4541	16043205.9953	2.9518e+04
982	142335.9804	-62137.4186	820298.9804	3470025.5814	16043205.9953	2.9336e+04
983	142432.0174	-62165.2914	820395.0174	3469997.7086	16043205.9953	2.9155e+04
984	142528.0544	-62193.1641	820491.0544	3469969.8359	16043205.9953	2.8975e+04
985	142624.0914	-62221.0368	820587.0914	3469941.9632	16043205.9953	2.8796e+04
986	142720.1285	-62248.9096	820683.1285	3469914.0904	16043205.9953	2.8618e+04
987	142816.1655	-62276.7823	820779.1655	3469886.2177	16043205.9953	2.8442e+04
988	142912.2025	-62304.6550	820875.2025	3469858.3450	16043205.9953	2.8266e+04
989	143008.2396	-62332.5277	820971.2396	3469830.4723	16043205.9953	2.8092e+04
990	143104.2766	-62360.4005	821067.2766	3469802.5995	16043205.9953	2.7919e+04
991	143200.3136	-62388.2732	821163.3136	3469774.7268	16043205.9953	2.7747e+04
992	143296.3507	-62416.1459	821259.3507	3469746.8541	16043205.9953	2.7576e+04
993	143392.3877	-62444.0187	821355.3877	3469718.9813	16043205.9953	2.7406e+04
994	143488.4247	-62471.8914	821451.4247	3469691.1086	16043205.9953	2.7237e+04
995	143584.4617	-62499.7641	821547.4617	3469663.2359	16043205.9953	2.7069e+04
996	143680.4988	-62527.6369	821643.4988	3469635.3631	16043205.9953	2.6903e+04
997	143776.5358	-62555.5096	821739.5358	3469607.4904	16043205.9953	2.6737e+04
998	143872.5728	-62583.3823	821835.5728	3469579.6177	16043205.9953	2.6572e+04
999	143968.6099	-62611.2550	821931.6099	3469551.7450	16043205.9953	2.6409e+04
