i	x_from_vent	y_from_vent	x_coord	y_coord	sigma_square	mass_released
0	385.5667	-560.2884	678348.5667	3531602.7116	239638.5755	7.1211e+05
1	449.3830	-664.9879	678412.3830	3531498.0121	270222.6942	6.7326e+05
2	521.4681	-785.2497	678484.4681	3531377.7503	315540.8519	6.3653e+05
3	601.9064	-917.2611	678564.9064	3531245.7389	365266.5644	6.0183e+05
4	692.1147	-1055.7366	678655.1147	3531107.2634	418543.9895	5.6903e+05
5	792.4735	-1198.0992	678755.4735	3530964.9008	477793.6314	5.3803e+05
6	902.1024	-1342.7551	678865.1024	3530820.2449	544766.2240	5.0872e+05
7	1020.4918	-1488.5721	678983.4918	3530674.4279	620502.9261	4.8103e+05
8	1146.3006	-1633.8749	679109.3006	3530529.1251	705225.9504	4.5485e+05
9	1278.0057	-1777.1827	679241.0057	3530385.8173	798116.8522	4.3010e+05
10	1414.4928	-1917.5400	679377.4928	3530245.4600	898862.2991	4.0671e+05
11	1555.6844	-2054.3876	679518.6844	3530108.6124	1007468.3132	3.8460e+05
12	1701.5524	-2187.2937	679664.5524	3529975.7063	1123839.8328	3.6370e+05
13	1850.8747	-2316.5175	679813.8747	3529846.4825	1247821.5362	3.4394e+05
14	2003.2516	-2442.0234	679966.2516	3529720.9766	1379184.8022	3.2526e+05
15	2159.0059	-2563.3540	680122.0059	3529599.6460	1517641.4366	3.0761e+05
16	2318.0580	-2680.2171	680281.0580	3529482.7829	1662870.3473	2.9091e+05
17	2479.0934	-2793.2699	680442.0934	3529369.7301	1814539.1285	2.7513e+05
18	2642.2460	-2902.2518	680605.2460	3529260.7482	1972268.3317	2.6021e+05
19	2808.1256	-3006.3974	680771.1256	3529156.6026	2135650.5504	2.4610e+05
20	2975.0134	-3106.9102	680938.0134	3529056.0898	2304300.9306	2.3276e+05
21	3143.6347	-3203.0251	681106.6347	3528959.9749	2477782.8493	2.2015e+05
22	3313.6688	-3295.1528	681276.6688	3528867.8472	2655669.3899	2.0823e+05
23	3483.8361	-3384.3145	681446.8361	3528778.6855	2834387.0965	1.9696e+05
24	3655.4473	-3470.8751	681618.4473	3528692.1249	3019189.9459	1.8630e+05
25	3826.2385	-3555.8833	681789.2385	3528607.1167	3206633.1771	1.7622e+05
26	3997.6641	-3639.1079	681960.6641	3528523.8921	3396201.9213	1.6669e+05
27	4168.3906	-3720.7457	682131.3906	3528442.2543	3587453.3765	1.5767e+05
28	4339.2330	-3800.6380	682302.2330	3528362.3620	3779930.3379	1.4915e+05
29	4509.3202	-3878.9373	682472.3202	3528284.0627	3973228.4797	1.4109e+05
30	4679.2956	-3955.5050	682642.2956	3528207.4950	4166939.3621	1.3347e+05
31	4848.2204	-4030.5480	682811.2204	3528132.4520	4360704.3130	1.2626e+05
32	5017.0769	-4103.8242	682980.0769	3528059.1758	4554151.2841	1.1945e+05
33	5184.3605	-4175.7351	683147.3605	3527987.2649	4746972.2180	1.1300e+05
34	5351.8717	-4245.7730	683314.8717	3527917.2270	4938818.4091	1.0690e+05
35	5517.6865	-4314.5137	683480.6865	3527848.4863	5129425.3440	1.0114e+05
36	5683.0335	-4381.5788	683646.0335	3527781.4212	5318488.0199	9.5685e+04
37	5847.2622	-4447.1961	683810.2622	3527715.8039	5505927.7501	9.0528e+04
38	6009.9548	-4511.5064	683972.9548	3527651.4936	5692247.0052	8.5650e+04
39	6172.3788	-4574.0705	684135.3788	3527588.9295	5877212.7287	8.1036e+04
40	6333.0223	-4635.4365	684296.0223	3527527.5635	6060565.5822	7.6673e+04
41	6492.3993	-4695.4185	684455.3993	3527467.5815	6242023.9972	7.2545e+04
42	6650.9719	-4753.8522	684613.9719	3527409.1478	6421321.4424	6.8641e+04
43	6807.7248	-4811.1467	684770.7248	3527351.8533	6598231.9501	6.4948e+04
44	6963.0431	-4867.1567	684926.0431	3527295.8433	6772516.5477	6.1455e+04
45	7117.4943	-4921.6605	685080.4943	3527241.3395	6943945.0208	5.8150e+04
46	7270.0976	-4975.0892	685233.0976	3527187.9108	7112327.3896	5.5025e+04
47	7420.8605	-5027.4580	685383.8605	3527135.5420	7277466.3126	5.2068e+04
48	7570.7841	-5078.3300	685533.7841	3527084.6700	7439156.2633	4.9271e+04
49	7719.0107	-5128.1148	685682.0107	3527034.8852	7597236.4272	4.6624e+04
50	7865.3758	-5176.9065	685828.3758	3526986.0935	7751542.4449	4.4121e+04
51	8009.8877	-5224.7206	685972.8877	3526938.2794	7901915.7372	4.1753e+04
52	8153.4973	-5271.1750	686116.4973	3526891.8250	8048189.7095	3.9512e+04
53	8295.3198	-5316.6618	686258.3198	3526846.3382	8181248.8201	3.7393e+04
54	8435.2202	-5361.2407	686398.2202	3526801.7593	8319371.4091	3.5387e+04
55	8573.1214	-5404.9052	686536.1214	3526758.0948	8453279.4751	3.3490e+04
56	8709.0745	-5447.5990	686672.0745	3526715.4010	8582499.4328	3.1695e+04
57	8843.6200	-5489.0862	686806.6200	3526673.9138	8706573.8474	2.9997e+04
58	8975.9163	-5529.6556	686938.9163	3526633.3444	8825095.8115	2.8390e+04
59	9105.9077	-5569.3045	687068.9077	3526593.6955	8937671.0065	2.6869e+04
60	9233.5430	-5608.0318	687196.5430	3526554.9682	9043932.3649	2.5431e+04
61	9358.7759	-5645.8380	687321.7759	3526517.1620	9143540.6804	2.4069e+04
62	9481.5645	-5682.7257	687444.5645	3526480.2743	9236185.1211	2.2781e+04
63	9597.7356	-5717.3956	687560.7356	3526445.6044	9321308.5634	2.1563e+04
64	9704.3970	-5748.9526	687667.3970	3526414.0474	9398467.9614	2.0409e+04
65	9809.8479	-5780.0278	687772.8479	3526382.9722	9467993.9166	1.9318e+04
66	9914.0660	-5810.6303	687877.0660	3526352.3697	9529692.7852	1.8285e+04
67	10017.0309	-5840.7701	687980.0309	3526322.2299	9583400.4899	1.7308e+04
68	10118.7235	-5870.4578	688081.7235	3526292.5422	9628982.5774	1.6383e+04
69	10219.1262	-5899.7043	688182.1262	3526263.2957	9666334.2172	1.5508e+04
70	10318.2234	-5928.5212	688281.2234	3526234.4788	9695380.1457	1.4680e+04
71	10416.0008	-5956.9205	688379.0008	3526206.0795	9716074.5589	1.3896e+04
72	10512.4714	-5984.9222	688475.4714	3526178.0778	9727542.5896	1.3155e+04
73	10608.5084	-6012.7949	688571.5084	3526150.2051	9727542.5896	1.2453e+04
74	10704.5455	-6040.6677	688667.5455	3526122.3323	9727542.5896	1.1789e+04
75	10800.5825	-6068.5404	688763.5825	3526094.4596	9727542.5896	1.1160e+04
76	10896.6195	-6096.4131	688859.6195	3526066.5869	9727542.5896	1.0565e+04
77	10992.6565	-6124.2859	688955.6565	3526038.7141	9727542.5896	1.0002e+04
78	11088.6936	-6152.1586	689051.6936	3526010.8414	9727542.5896	9.4686e+03
79	11184.7306	-6180.0313	689147.7306	3525982.9687	9727542.5896	8.9641e+03
80	11280.7676	-6207.9041	689243.7676	3525955.0959	9727542.5896	8.4866e+03
81	11376.8047	-6235.7768	689339.8047	3525927.2232	9727542.5896	8.0347e+03
82	11472.8417	-6263.6495	689435.8417	3525899.3505	9727542.5896	7.6069e+03
83	11568.8787	-6291.5222	689531.8787	3525871.4778	9727542.5896	7.2020e+03
84	11664.9157	-6319.3950	689627.9157	3525843.6050	9727542.5896	6.8187e+03
85	11760.9528	-6347.2677	689723.9528	3525815.7323	9727542.5896	6.4559e+03
86	11856.9898	-6375.1404	689819.9898	3525787.8596	9727542.5896	6.1125e+03
87	11953.0268	-6403.0132	689916.0268	3525759.9868	9727542.5896	5.7875e+03
88	12049.0639	-6430.8859	690012.0639	3525732.1141	9727542.5896	5.4798e+03
89	12145.1009	-6458.7586	690108.1009	3525704.2414	9727542.5896	5.1885e+03
90	12241.1379	-6486.6313	690204.1379	3525676.3687	9727542.5896	4.9128e+03
91	12337.1750	-6514.5041	690300.1750	3525648.4959	9727542.5896	4.6518e+03
92	12433.2120	-6542.3768	690396.2120	3525620.6232	9727542.5896	4.4047e+03
93	12529.2490	-6570.2495	690492.2490	3525592.7505	9727542.5896	4.1708e+03
94	12625.2860	-6598.1223	690588.2860	3525564.8777	9727542.5896	3.9493e+03
95	12721.3231	-6625.9950	690684.3231	3525537.0050	9727542.5896	3.7397e+03
96	12817.3601	-6653.8677	690780.3601	3525509.1323	9727542.5896	3.5412e+03
97	12913.3971	-6681.7405	690876.3971	3525481.2595	9727542.5896	3.3533e+03
98	13009.4342	-6709.6132	690972.4342	3525453.3868	9727542.5896	3.1754e+03
99	13105.4712	-6737.4859	691068.4712	3525425.5141	9727542.5896	3.0070e+03
100	13201.5082	-6765.3586	691164.5082	3525397.6414	9727542.5896	2.8476e+03
101	13297.5452	-6793.2314	691260.5452	3525369.7686	9727542.5896	2.6966e+03
102	13393.5823	-6821.1041	691356.5823	3525341.8959	9727542.5896	2.5537e+03
103	13489.6193	-6848.9768	691452.6193	3525314.0232	9727542.5896	2.4184e+03
104	13585.6563	-6876.8496	691548.6563	3525286.1504	9727542.5896	2.2903e+03
105	13681.6934	-6904.7223	691644.6934	3525258.2777	9727542.5896	2.1690e+03
106	13777.7304	-6932.5950	691740.7304	3525230.4050	9727542.5896	2.0541e+03
107	13873.7674	-6960.4677	691836.7674	3525202.5323	9727542.5896	1.9453e+03
108	13969.8044	-6988.3405	691932.8044	3525174.6595	9727542.5896	1.8424e+03
109	14065.8415	-7016.2132	692028.8415	3525146.7868	9727542.5896	1.7449e+03
110	14161.8785	-7044.0859	692124.8785	3525118.9141	9727542.5896	1.6525e+03
111	14257.9155	-7071.9587	692220.9155	3525091.0413	9727542.5896	1.5651e+03
112	14353.9526	-7099.8314	692316.9526	3525063.1686	9727542.5896	1.4823e+03
113	14449.9896	-7127.7041	692412.9896	3525035.2959	9727542.5896	1.4040e+03
114	14546.0266	-7155.5769	692509.0266	3525007.4231	9727542.5896	1.3297e+03
115	14642.0636	-7183.4496	692605.0636	3524979.5504	9727542.5896	1.2594e+03
116	14738.1007	-7211.3223	692701.1007	3524951.6777	9727542.5896	1.1929e+03
117	14834.1377	-7239.1950	692797.1377	3524923.8050	9727542.5896	1.1298e+03
118	14930.1747	-7267.0678	692893.1747	3524895.9322	9727542.5896	1.0702e+03
119	15026.2118	-7294.9405	692989.2118	3524868.0595	9727542.5896	1.0136e+03
120	15122.2488	-7322.8132	693085.2488	3524840.1868	9727542.5896	9.6011e+02
121	15218.2858	-7350.6860	693181.2858	3524812.3140	9727542.5896	9.0942e+02
122	15314.3229	-7378.5587	693277.3229	3524784.4413	9727542.5896	8.6142e+02
123	15410.3599	-7406.4314	693373.3599	3524756.5686	9727542.5896	8.1595e+02
124	15506.3969	-7434.3041	693469.3969	3524728.6959	9727542.5896	7.7290e+02
125	15602.4339	-7462.1769	693565.4339	3524700.8231	9727542.5896	7.3212e+02
126	15698.4710	-7490.0496	693661.4710	3524672.9504	9727542.5896	6.9351e+02
127	15794.5080	-7517.9223	693757.5080	3524645.0777	9727542.5896	6.5693e+02
128	15890.5450	-7545.7951	693853.5450	3524617.2049	9727542.5896	6.2229e+02
129	15986.5821	-7573.6678	693949.5821	3524589.3322	9727542.5896	5.8949e+02
130	16082.6191	-7601.5405	694045.6191	3524561.4595	9727542.5896	5.5842e+02
131	16178.6561	-7629.4133	694141.6561	3524533.5867	9727542.5896	5.2899e+02
132	16274.6931	-7657.2860	694237.6931	3524505.7140	9727542.5896	5.0112e+02
133	16370.7302	-7685.1587	694333.7302	3524477.8413	9727542.5896	4.7472e+02
134	16466.7672	-7713.0314	694429.7672	3524449.9686	9727542.5896	4.4972e+02
135	16562.8042	-7740.9042	694525.8042	3524422.0958	9727542.5896	4.2604e+02
136	16658.8413	-7768.7769	694621.8413	3524394.2231	9727542.5896	4.0360e+02
137	16754.8783	-7796.6496	694717.8783	3524366.3504	9727542.5896	3.8236e+02
138	16850.9153	-7824.5224	694813.9153	3524338.4776	9727542.5896	3.6223e+02
139	16946.9523	-7852.3951	694909.9523	3524310.6049	9727542.5896	3.4317e+02
140	17042.9894	-7880.2678	695005.9894	3524282.7322	9727542.5896	3.2512e+02
141	17139.0264	-7908.1405	695102.0264	3524254.8595	9727542.5896	3.0801e+02
142	17235.0634	-7936.0133	695198.0634	3524226.9867	9727542.5896	2.9181e+02
143	17331.1005	-7963.8860	695294.1005	3524199.1140	9727542.5896	2.7647e+02
144	17427.1375	-7991.7587	695390.1375	3524171.2413	9727542.5896	2.6193e+02
145	17523.1745	-8019.6315	695486.1745	3524143.3685	9727542.5896	2.4816e+02
146	17619.2116	-8047.5042	695582.2116	3524115.4958	9727542.5896	2.3512e+02
147	17715.2486	-8075.3769	695678.2486	3524087.6231	9727542.5896	2.2276e+02
148	17811.2856	-8103.2497	695774.2856	3524059.7503	9727542.5896	2.1106e+02
149	17907.3226	-8131.1224	695870.3226	3524031.8776	9727542.5896	1.9997e+02
150	18003.3597	-8158.9951	695966.3597	3524004.0049	9727542.5896	1.8947e+02
151	18099.3967	-8186.8678	696062.3967	3523976.1322	9727542.5896	1.7952e+02
152	18195.4337	-8214.7406	696158.4337	3523948.2594	9727542.5896	1.7009e+02
153	18291.4708	-8242.6133	696254.4708	3523920.3867	9727542.5896	1.6116e+02
154	18387.5078	-8270.4860	696350.5078	3523892.5140	9727542.5896	1.5270e+02
155	18483.5448	-8298.3588	696446.5448	3523864.6412	9727542.5896	1.4469e+02
156	18579.5818	-8326.2315	696542.5818	3523836.7685	9727542.5896	1.3710e+02
157	18675.6189	-8354.1042	696638.6189	3523808.8958	9727542.5896	1.2990e+02
158	18771.6559	-8381.9770	696734.6559	3523781.0230	9727542.5896	1.2309e+02
159	18867.6929	-8409.8497	696830.6929	3523753.1503	9727542.5896	1.1663e+02
160	18963.7300	-8437.7224	696926.7300	3523725.2776	9727542.5896	1.1052e+02
161	19059.7670	-8465.5951	697022.7670	3523697.4049	9727542.5896	1.0472e+02
162	19155.8040	-8493.4679	697118.8040	3523669.5321	9727542.5896	9.9231e+01
163	19251.8410	-8521.3406	697214.8410	3523641.6594	9727542.5896	9.4030e+01
164	19347.8781	-8549.2133	697310.8781	3523613.7867	9727542.5896	8.9102e+01
165	19443.9151	-8577.0861	697406.9151	3523585.9139	9727542.5896	8.4433e+01
166	19539.9521	-8604.9588	697502.9521	3523558.0412	9727542.5896	8.0009e+01
167	19635.9892	-8632.8315	697598.9892	3523530.1685	9727542.5896	7.5818e+01
168	19732.0262	-8660.7042	697695.0262	3523502.2958	9727542.5896	7.1847e+01
169	19828.0632	-8688.5770	697791.0632	3523474.4230	9727542.5896	6.8084e+01
170	19924.1002	-8716.4497	697887.1002	3523446.5503	9727542.5896	6.4519e+01
171	20020.1373	-8744.3224	697983.1373	3523418.6776	9727542.5896	6.1141e+01
172	20116.1743	-8772.1952	698079.1743	3523390.8048	9727542.5896	5.7941e+01
173	20212.2113	-8800.0679	698175.2113	3523362.9321	9727542.5896	5.4908e+01
174	20308.2484	-8827.9406	698271.2484	3523335.0594	9727542.5896	5.2035e+01
175	20404.2854	-8855.8134	698367.2854	3523307.1866	9727542.5896	4.9312e+01
176	20500.3224	-8883.6861	698463.3224	3523279.3139	9727542.5896	4.6732e+01
177	20596.3595	-8911.5588	698559.3595	3523251.4412	9727542.5896	4.4288e+01
178	20692.3965	-8939.4315	698655.3965	3523223.5685	9727542.5896	4.1971e+01
179	20788.4335	-8967.3043	698751.4335	3523195.6957	9727542.5896	3.9777e+01
180	20884.4705	-8995.1770	698847.4705	3523167.8230	9727542.5896	3.7697e+01
181	20980.5076	-9023.0497	698943.5076	3523139.9503	9727542.5896	3.5726e+01
182	21076.5446	-9050.9225	699039.5446	3523112.0775	9727542.5896	3.3858e+01
183	21172.5816	-9078.7952	699135.5816	3523084.2048	9727542.5896	3.2089e+01
184	21268.6187	-9106.6679	699231.6187	3523056.3321	9727542.5896	3.0412e+01
185	21364.6557	-9134.5406	699327.6557	3523028.4594	9727542.5896	2.8823e+01
186	21460.6927	-9162.4134	699423.6927	3523000.5866	9727542.5896	2.7317e+01
187	21556.7297	-9190.2861	699519.7297	3522972.7139	9727542.5896	2.5890e+01
188	21652.7668	-9218.1588	699615.7668	3522944.8412	9727542.5896	2.4538e+01
189	21748.8038	-9246.0316	699711.8038	3522916.9684	9727542.5896	2.3256e+01
190	21844.8408	-9273.9043	699807.8408	3522889.0957	9727542.5896	2.2042e+01
191	21940.8779	-9301.7770	699903.8779	3522861.2230	9727542.5896	2.0891e+01
192	22036.9149	-9329.6498	699999.9149	3522833.3502	9727542.5896	1.9801e+01
193	22132.9519	-9357.5225	700095.9519	3522805.4775	9727542.5896	1.8767e+01
194	22228.9889	-9385.3952	700191.9889	3522777.6048	9727542.5896	1.7788e+01
195	22325.0260	-9413.2679	700288.0260	3522749.7321	9727542.5896	1.6860e+01
196	22421.0630	-9441.1407	700384.0630	3522721.8593	9727542.5896	1.5980e+01
197	22517.1000	-9469.0134	700480.1000	3522693.9866	9727542.5896	1.5146e+01
198	22613.1371	-9496.8861	700576.1371	3522666.1139	9727542.5896	1.4356e+01
199	22709.1741	-9524.7589	700672.1741	3522638.2411	9727542.5896	1.3608e+01
200	22805.2111	-9552.6316	700768.2111	3522610.3684	9727542.5896	1.2898e+01
201	22901.2482	-9580.5043	700864.2482	3522582.4957	9727542.5896	1.2225e+01
202	22997.2852	-9608.3770	700960.2852	3522554.6230	9727542.5896	1.1588e+01
203	23093.3222	-9636.2498	701056.3222	3522526.7502	9727542.5896	1.0984e+01
204	23189.3592	-9664.1225	701152.3592	3522498.8775	9727542.5896	1.0411e+01
205	23285.3963	-9691.9952	701248.3963	3522471.0048	9727542.5896	9.8689e+00
206	23381.4333	-9719.8680	701344.4333	3522443.1320	9727542.5896	9.3546e+00
207	23477.4703	-9747.7407	701440.4703	3522415.2593	9727542.5896	8.8672e+00
208	23573.5074	-9775.6134	701536.5074	3522387.3866	9727542.5896	8.4052e+00
209	23669.5444	-9803.4862	701632.5444	3522359.5138	9727542.5896	7.9674e+00
210	23765.5814	-9831.3589	701728.5814	3522331.6411	9727542.5896	7.5524e+00
211	23861.6184	-9859.2316	701824.6184	3522303.7684	9727542.5896	7.1591e+00
212	23957.6555	-9887.1043	701920.6555	3522275.8957	9727542.5896	6.7863e+00
213	24053.6925	-9914.9771	702016.6925	3522248.0229	9727542.5896	6.4330e+00
214	24149.7295	-9942.8498	702112.7295	3522220.1502	9727542.5896	6.0981e+00
215	24245.7666	-9970.7225	702208.7666	3522192.2775	9727542.5896	5.7807e+00
216	24341.8036	-9998.5953	702304.8036	3522164.4047	9727542.5896	5.4798e+00
217	24437.8406	-10026.4680	702400.8406	3522136.5320	9727542.5896	5.1946e+00
218	24533.8776	-10054.3407	702496.8776	3522108.6593	9727542.5896	4.9243e+00
219	24629.9147	-10082.2134	702592.9147	3522080.7866	9727542.5896	4.6681e+00
220	24725.9517	-10110.0862	702688.9517	3522052.9138	9727542.5896	4.4253e+00
221	24821.9887	-10137.9589	702784.9887	3522025.0411	9727542.5896	4.1951e+00
222	24918.0258	-10165.8316	702881.0258	3521997.1684	9727542.5896	3.9769e+00
223	25014.0628	-10193.7044	702977.0628	3521969.2956	9727542.5896	3.7701e+00
224	25110.0998	-10221.5771	703073.0998	3521941.4229	9727542.5896	3.5740e+00
225	25206.1368	-10249.4498	703169.1368	3521913.5502	9727542.5896	3.3882e+00
226	25302.1739	-10277.3226	703265.1739	3521885.6774	9727542.5896	3.2120e+00
227	25398.2109	-10305.1953	703361.2109	3521857.8047	9727542.5896	3.0451e+00
228	25494.2479	-10333.0680	703457.2479	3521829.9320	9727542.5896	2.8868e+00
229	25590.2850	-10360.9407	703553.2850	3521802.0593	9727542.5896	2.7368e+00
230	25686.3220	-10388.8135	703649.3220	3521774.1865	9727542.5896	2.5946e+00
231	25782.3590	-10416.6862	703745.3590	3521746.3138	9727542.5896	2.4597e+00
232	25878.3961	-10444.5589	703841.3961	3521718.4411	9727542.5896	2.3319e+00
233	25974.4331	-10472.4317	703937.4331	3521690.5683	9727542.5896	2.2108e+00
234	26070.4701	-10500.3044	704033.4701	3521662.6956	9727542.5896	2.0960e+00
235	26166.5071	-10528.1771	704129.5071	3521634.8229	9727542.5896	1.9871e+00
236	26262.5442	-10556.0498	704225.5442	3521606.9502	9727542.5896	1.8839e+00
237	26358.5812	-10583.9226	704321.5812	3521579.0774	9727542.5896	1.7861e+00
238	26454.6182	-10611.7953	704417.6182	3521551.2047	9727542.5896	1.6934e+00
239	26550.6553	-10639.6680	704513.6553	3521523.3320	9727542.5896	1.6054e+00
240	26646.6923	-10667.5408	704609.6923	3521495.4592	9727542.5896	1.5221e+00
241	26742.7293	-10695.4135	704705.7293	3521467.5865	9727542.5896	1.4431e+00
242	26838.7663	-10723.2862	704801.7663	3521439.7138	9727542.5896	1.3682e+00
243	26934.8034	-10751.1590	704897.8034	3521411.8410	9727542.5896	1.2972e+00
244	27030.8404	-10779.0317	704993.8404	3521383.9683	9727542.5896	1.2299e+00
245	27126.8774	-10806.9044	705089.8774	3521356.0956	9727542.5896	1.1661e+00
246	27222.9145	-10834.7771	705185.9145	3521328.2229	9727542.5896	1.1056e+00
247	27318.9515	-10862.6499	705281.9515	3521300.3501	9727542.5896	1.0482e+00
248	27414.9885	-10890.5226	705377.9885	3521272.4774	9727542.5896	9.9386e-01
249	27511.0255	-10918.3953	705474.0255	3521244.6047	9727542.5896	9.4232e-01
250	27607.0626	-10946.2681	705570.0626	3521216.7319	9727542.5896	8.9345e-01
251	27703.0996	-10974.1408	705666.0996	3521188.8592	9727542.5896	8.4712e-01
252	27799.1366	-11002.0135	705762.1366	3521160.9865	9727542.5896	8.0320e-01
253	27895.1737	-11029.8862	705858.1737	3521133.1138	9727542.5896	7.6156e-01
254	27991.2107	-11057.7590	705954.2107	3521105.2410	9727542.5896	7.2208e-01
255	28087.2477	-11085.6317	706050.2477	3521077.3683	9727542.5896	6.8466e-01
256	28183.2847	-11113.5044	706146.2847	3521049.4956	9727542.5896	6.4917e-01
257	28279.3218	-11141.3772	706242.3218	3521021.6228	9727542.5896	6.1553e-01
258	28375.3588	-11169.2499	706338.3588	3520993.7501	9727542.5896	5.8364e-01
259	28471.3958	-11197.1226	706434.3958	3520965.8774	9727542.5896	5.5340e-01
260	28567.4329	-11224.9954	706530.4329	3520938.0046	9727542.5896	5.2472e-01
261	28663.4699	-11252.8681	706626.4699	3520910.1319	9727542.5896	4.9754e-01
262	28759.5069	-11280.7408	706722.5069	3520882.2592	9727542.5896	4.7177e-01
263	28855.5440	-11308.6135	706818.5440	3520854.3865	9727542.5896	4.4734e-01
264	28951.5810	-11336.4863	706914.5810	3520826.5137	9727542.5896	4.2417e-01
265	29047.6180	-11364.3590	707010.6180	3520798.6410	9727542.5896	4.0220e-01
266	29143.6550	-11392.2317	707106.6550	3520770.7683	9727542.5896	3.8138e-01
267	29239.6921	-11420.1045	707202.6921	3520742.8955	9727542.5896	3.6163e-01
268	29335.7291	-11447.9772	707298.7291	3520715.0228	9727542.5896	3.4291e-01
269	29431.7661	-11475.8499	707394.7661	3520687.1501	9727542.5896	3.2516e-01
270	29527.8032	-11503.7226	707490.8032	3520659.2774	9727542.5896	3.0833e-01
271	29623.8402	-11531.5954	707586.8402	3520631.4046	9727542.5896	2.9237e-01
272	29719.8772	-11559.4681	707682.8772	3520603.5319	9727542.5896	2.7724e-01
273	29815.9142	-11587.3408	707778.9142	3520575.6592	9727542.5896	2.6289e-01
274	29911.9513	-11615.2136	707874.9513	3520547.7864	9727542.5896	2.4929e-01
275	30007.9883	-11643.0863	707970.9883	3520519.9137	9727542.5896	2.3639e-01
276	30104.0253	-11670.9590	708067.0253	3520492.0410	9727542.5896	2.2416e-01
277	30200.0624	-11698.8318	708163.0624	3520464.1682	9727542.5896	2.1257e-01
278	30296.0994	-11726.7045	708259.0994	3520436.2955	9727542.5896	2.0157e-01
279	30392.1364	-11754.5772	708355.1364	3520408.4228	9727542.5896	1.9115e-01
280	30488.1734	-11782.4499	708451.1734	3520380.5501	9727542.5896	1.8126e-01
281	30584.2105	-11810.3227	708547.2105	3520352.6773	9727542.5896	1.7189e-01
282	30680.2475	-11838.1954	708643.2475	3520324.8046	9727542.5896	1.6300e-01
283	30776.2845	-11866.0681	708739.2845	3520296.9319	9727542.5896	1.5458e-01
284	30872.3216	-11893.9409	708835.3216	3520269.0591	9727542.5896	1.4658e-01
285	30968.3586	-11921.8136	708931.3586	3520241.1864	9727542.5896	1.3901e-01
286	31064.3956	-11949.6863	709027.3956	3520213.3137	9727542.5896	1.3182e-01
287	31160.4327	-11977.5590	709123.4327	3520185.4410	9727542.5896	1.2501e-01
288	31256.4697	-12005.4318	709219.4697	3520157.5682	9727542.5896	1.1855e-01
289	31352.5067	-12033.3045	709315.5067	3520129.6955	9727542.5896	1.1242e-01
290	31448.5437	-12061.1772	709411.5437	3520101.8228	9727542.5896	1.0661e-01
291	31544.5808	-12089.0500	709507.5808	3520073.9500	9727542.5896	1.0110e-01
292	31640.6178	-12116.9227	709603.6178	3520046.0773	9727542.5896	9.5881e-02
293	31736.6548	-12144.7954	709699.6548	3520018.2046	9727542.5896	9.0928e-02
294	31832.6919	-12172.6682	709795.6919	3519990.3318	9727542.5896	8.6231e-02
295	31928.7289	-12200.5409	709891.7289	3519962.4591	9727542.5896	8.1777e-02
296	32024.7659	-12228.4136	709987.7659	3519934.5864	9727542.5896	7.7554e-02
297	32120.8029	-12256.2863	710083.8029	3519906.7137	9727542.5896	7.3549e-02
298	32216.8400	-12284.1591	710179.8400	3519878.8409	9727542.5896	6.9751e-02
299	32312.8770	-12312.0318	710275.8770	3519850.9682	9727542.5896	6.6149e-02
300	32408.9140	-12339.9045	710371.9140	3519823.0955	9727542.5896	6.2734e-02
301	32504.9511	-12367.7773	710467.9511	3519795.2227	9727542.5896	5.9495e-02
302	32600.9881	-12395.6500	710563.9881	3519767.3500	9727542.5896	5.6424e-02
303	32697.0251	-12423.5227	710660.0251	3519739.4773	9727542.5896	5.3512e-02
304	32793.0621	-12451.3954	710756.0621	3519711.6046	9727542.5896	5.0750e-02
305	32889.0992	-12479.2682	710852.0992	3519683.7318	9727542.5896	4.8130e-02
306	32985.1362	-12507.1409	710948.1362	3519655.8591	9727542.5896	4.5647e-02
307	33081.1732	-12535.0136	711044.1732	3519627.9864	9727542.5896	4.3291e-02
308	33177.2103	-12562.8864	711140.2103	3519600.1136	9727542.5896	4.1057e-02
309	33273.2473	-12590.7591	711236.2473	3519572.2409	9727542.5896	3.8939e-02
310	33369.2843	-12618.6318	711332.2843	3519544.3682	9727542.5896	3.6930e-02
311	33465.3213	-12646.5046	711428.3213	3519516.4954	9727542.5896	3.5025e-02
312	33561.3584	-12674.3773	711524.3584	3519488.6227	9727542.5896	3.3218e-02
313	33657.3954	-12702.2500	711620.3954	3519460.7500	9727542.5896	3.1505e-02
314	33753.4324	-12730.1227	711716.4324	3519432.8773	9727542.5896	2.9880e-02
315	33849.4695	-12757.9955	711812.4695	3519405.0045	9727542.5896	2.8339e-02
316	33945.5065	-12785.8682	711908.5065	3519377.1318	9727542.5896	2.6878e-02
317	34041.5435	-12813.7409	712004.5435	3519349.2591	9727542.5896	2.5492e-02
318	34137.5806	-12841.6137	712100.5806	3519321.3863	9727542.5896	2.4178e-02
319	34233.6176	-12869.4864	712196.6176	3519293.5136	9727542.5896	2.2931e-02
320	34329.6546	-12897.3591	712292.6546	3519265.6409	9727542.5896	2.1749e-02
321	34425.6916	-12925.2318	712388.6916	3519237.7682	9727542.5896	2.0628e-02
322	34521.7287	-12953.1046	712484.7287	3519209.8954	9727542.5896	1.9565e-02
323	34617.7657	-12980.9773	712580.7657	3519182.0227	9727542.5896	1.8556e-02
324	34713.8027	-13008.8500	712676.8027	3519154.1500	9727542.5896	1.7600e-02
325	34809.8398	-13036.7228	712772.8398	3519126.2772	9727542.5896	1.6693e-02
326	34905.8768	-13064.5955	712868.8768	3519098.4045	9727542.5896	1.5833e-02
327	35001.9138	-13092.4682	712964.9138	3519070.5318	9727542.5896	1.5017e-02
328	35097.9508	-13120.3410	713060.9508	3519042.6590	9727542.5896	1.4243e-02
329	35193.9879	-13148.2137	713156.9879	3519014.7863	9727542.5896	1.3509e-02
330	35290.0249	-13176.0864	713253.0249	3518986.9136	9727542.5896	1.2813e-02
331	35386.0619	-13203.9591	713349.0619	3518959.0409	9727542.5896	1.2153e-02
332	35482.0990	-13231.8319	713445.0990	3518931.1681	9727542.5896	1.1527e-02
333	35578.1360	-13259.7046	713541.1360	3518903.2954	9727542.5896	1.0934e-02
334	35674.1730	-13287.5773	713637.1730	3518875.4227	9727542.5896	1.0370e-02
335	35770.2100	-13315.4501	713733.2100	3518847.5499	9727542.5896	9.8364e-03
336	35866.2471	-13343.3228	713829.2471	3518819.6772	9727542.5896	9.3299e-03
337	35962.2841	-13371.1955	713925.2841	3518791.8045	9727542.5896	8.8495e-03
338	36058.3211	-13399.0682	714021.3211	3518763.9318	9727542.5896	8.3938e-03
339	36154.3582	-13426.9410	714117.3582	3518736.0590	9727542.5896	7.9617e-03
340	36250.3952	-13454.8137	714213.3952	3518708.1863	9727542.5896	7.5518e-03
341	36346.4322	-13482.6864	714309.4322	3518680.3136	9727542.5896	7.1631e-03
342	36442.4693	-13510.5592	714405.4693	3518652.4408	9727542.5896	6.7944e-03
343	36538.5063	-13538.4319	714501.5063	3518624.5681	9727542.5896	6.4446e-03
344	36634.5433	-13566.3046	714597.5433	3518596.6954	9727542.5896	6.1130e-03
345	36730.5803	-13594.1774	714693.5803	3518568.8226	9727542.5896	5.7984e-03
346	36826.6174	-13622.0501	714789.6174	3518540.9499	9727542.5896	5.5000e-03
347	36922.6544	-13649.9228	714885.6544	3518513.0772	9727542.5896	5.2170e-03
348	37018.6914	-13677.7955	714981.6914	3518485.2045	9727542.5896	4.9485e-03
349	37114.7285	-13705.6683	715077.7285	3518457.3317	9727542.5896	4.6939e-03
350	37210.7655	-13733.5410	715173.7655	3518429.4590	9727542.5896	4.4524e-03
351	37306.8025	-13761.4137	715269.8025	3518401.5863	9727542.5896	4.2234e-03
352	37402.8395	-13789.2865	715365.8395	3518373.7135	9727542.5896	4.0061e-03
353	37498.8766	-13817.1592	715461.8766	3518345.8408	9727542.5896	3.8000e-03
354	37594.9136	-13845.0319	715557.9136	3518317.9681	9727542.5896	3.6046e-03
355	37690.9506	-13872.9046	715653.9506	3518290.0954	9727542.5896	3.4192e-03
356	37786.9877	-13900.7774	715749.9877	3518262.2226	9727542.5896	3.2434e-03
357	37883.0247	-13928.6501	715846.0247	3518234.3499	9727542.5896	3.0766e-03
358	37979.0617	-13956.5228	715942.0617	3518206.4772	9727542.5896	2.9184e-03
359	38075.0987	-13984.3956	716038.0987	3518178.6044	9727542.5896	2.7683e-03
360	38171.1358	-14012.2683	716134.1358	3518150.7317	9727542.5896	2.6260e-03
361	38267.1728	-14040.1410	716230.1728	3518122.8590	9727542.5896	2.4910e-03
362	38363.2098	-14068.0138	716326.2098	3518094.9862	9727542.5896	2.3629e-03
363	38459.2469	-14095.8865	716422.2469	3518067.1135	9727542.5896	2.2414e-03
364	38555.2839	-14123.7592	716518.2839	3518039.2408	9727542.5896	2.1262e-03
365	38651.3209	-14151.6319	716614.3209	3518011.3681	9727542.5896	2.0169e-03
366	38747.3579	-14179.5047	716710.3579	3517983.4953	9727542.5896	1.9133e-03
367	38843.3950	-14207.3774	716806.3950	3517955.6226	9727542.5896	1.8149e-03
368	38939.4320	-14235.2501	716902.4320	3517927.7499	9727542.5896	1.7217e-03
369	39035.4690	-14263.1229	716998.4690	3517899.8771	9727542.5896	1.6332e-03
370	39131.5061	-14290.9956	717094.5061	3517872.0044	9727542.5896	1.5493e-03
371	39227.5431	-14318.8683	717190.5431	3517844.1317	9727542.5896	1.4697e-03
372	39323.5801	-14346.7411	717286.5801	3517816.2589	9727542.5896	1.3942e-03
373	39419.6172	-14374.6138	717382.6172	3517788.3862	9727542.5896	1.3225e-03
374	39515.6542	-14402.4865	717478.6542	3517760.5135	9727542.5896	1.2546e-03
375	39611.6912	-14430.3592	717574.6912	3517732.6408	9727542.5896	1.1901e-03
376	39707.7282	-14458.2320	717670.7282	3517704.7680	9727542.5896	1.1290e-03
377	39803.7653	-14486.1047	717766.7653	3517676.8953	9727542.5896	1.0710e-03
378	39899.8023	-14513.9774	717862.8023	3517649.0226	9727542.5896	1.0160e-03
379	39995.8393	-14541.8502	717958.8393	3517621.1498	9727542.5896	9.6383e-04
380	40091.8764	-14569.7229	718054.8764	3517593.2771	9727542.5896	9.1434e-04
381	40187.9134	-14597.5956	718150.9134	3517565.4044	9727542.5896	8.6738e-04
382	40283.9504	-14625.4683	718246.9504	3517537.5317	9727542.5896	8.2284e-04
383	40379.9874	-14653.3411	718342.9874	3517509.6589	9727542.5896	7.8059e-04
384	40476.0245	-14681.2138	718439.0245	3517481.7862	9727542.5896	7.4052e-04
385	40572.0615	-14709.0865	718535.0615	3517453.9135	9727542.5896	7.0250e-04
386	40668.0985	-14736.9593	718631.0985	3517426.0407	9727542.5896	6.6643e-04
387	40764.1356	-14764.8320	718727.1356	3517398.1680	9727542.5896	6.3222e-04
388	40860.1726	-14792.7047	718823.1726	3517370.2953	9727542.5896	5.9977e-04
389	40956.2096	-14820.5775	718919.2096	3517342.4225	9727542.5896	5.6898e-04
390	41052.2466	-14848.4502	719015.2466	3517314.5498	9727542.5896	5.3978e-04
391	41148.2837	-14876.3229	719111.2837	3517286.6771	9727542.5896	5.1208e-04
392	41244.3207	-14904.1956	719207.3207	3517258.8044	9727542.5896	4.8580e-04
393	41340.3577	-14932.0684	719303.3577	3517230.9316	9727542.5896	4.6086e-04
394	41436.3948	-14959.9411	719399.3948	3517203.0589	9727542.5896	4.3722e-04
395	41532.4318	-14987.8138	719495.4318	3517175.1862	9727542.5896	4.1478e-04
396	41628.4688	-15015.6866	719591.4688	3517147.3134	9727542.5896	3.9350e-04
397	41724.5058	-15043.5593	719687.5058	3517119.4407	9727542.5896	3.7331e-04
398	41820.5429	-15071.4320	719783.5429	3517091.5680	9727542.5896	3.5416e-04
399	41916.5799	-15099.3047	719879.5799	3517063.6953	9727542.5896	3.3599e-04
400	42012.6169	-15127.1775	719975.6169	3517035.8225	9727542.5896	3.1875e-04
401	42108.6540	-15155.0502	720071.6540	3517007.9498	9727542.5896	3.0240e-04
402	42204.6910	-15182.9229	720167.6910	3516980.0771	9727542.5896	2.8689e-04
403	42300.7280	-15210.7957	720263.7280	3516952.2043	9727542.5896	2.7218e-04
404	42396.7651	-15238.6684	720359.7651	3516924.3316	9727542.5896	2.5822e-04
405	42492.8021	-15266.5411	720455.8021	3516896.4589	9727542.5896	2.4497e-04
406	42588.8391	-15294.4139	720551.8391	3516868.5861	9727542.5896	2.3241e-04
407	42684.8761	-15322.2866	720647.8761	3516840.7134	9727542.5896	2.2049e-04
408	42780.9132	-15350.1593	720743.9132	3516812.8407	9727542.5896	2.0919e-04
409	42876.9502	-15378.0320	720839.9502	3516784.9680	9727542.5896	1.9846e-04
410	42972.9872	-15405.9048	720935.9872	3516757.0952	9727542.5896	1.8828e-04
411	43069.0243	-15433.7775	721032.0243	3516729.2225	9727542.5896	1.7863e-04
412	43165.0613	-15461.6502	721128.0613	3516701.3498	9727542.5896	1.6947e-04
413	43261.0983	-15489.5230	721224.0983	3516673.4770	9727542.5896	1.6078e-04
414	43357.1353	-15517.3957	721320.1353	3516645.6043	9727542.5896	1.5254e-04
415	43453.1724	-15545.2684	721416.1724	3516617.7316	9727542.5896	1.4472e-04
416	43549.2094	-15573.1411	721512.2094	3516589.8589	9727542.5896	1.3731e-04
417	43645.2464	-15601.0139	721608.2464	3516561.9861	9727542.5896	1.3027e-04
418	43741.2835	-15628.8866	721704.2835	3516534.1134	9727542.5896	1.2359e-04
419	43837.3205	-15656.7593	721800.3205	3516506.2407	9727542.5896	1.1726e-04
420	43933.3575	-15684.6321	721896.3575	3516478.3679	9727542.5896	1.1125e-04
421	44029.3945	-15712.5048	721992.3945	3516450.4952	9727542.5896	1.0555e-04
422	44125.4316	-15740.3775	722088.4316	3516422.6225	9727542.5896	1.0014e-04
423	44221.4686	-15768.2503	722184.4686	3516394.7497	9727542.5896	9.5008e-05
424	44317.5056	-15796.1230	722280.5056	3516366.8770	9727542.5896	9.0140e-05
425	44413.5427	-15823.9957	722376.5427	3516339.0043	9727542.5896	8.5521e-05
426	44509.5797	-15851.8684	722472.5797	3516311.1316	9727542.5896	8.1140e-05
427	44605.6167	-15879.7412	722568.6167	3516283.2588	9727542.5896	7.6983e-05
428	44701.6538	-15907.6139	722664.6538	3516255.3861	9727542.5896	7.3039e-05
429	44797.6908	-15935.4866	722760.6908	3516227.5134	9727542.5896	6.9298e-05
430	44893.7278	-15963.3594	722856.7278	3516199.6406	9727542.5896	6.5748e-05
431	44989.7648	-15991.2321	722952.7648	3516171.7679	9727542.5896	6.2381e-05
432	45085.8019	-16019.1048	723048.8019	3516143.8952	9727542.5896	5.9186e-05
433	45181.8389	-16046.9775	723144.8389	3516116.0225	9727542.5896	5.6155e-05
434	45277.8759	-16074.8503	723240.8759	3516088.1497	9727542.5896	5.3279e-05
435	45373.9130	-16102.7230	723336.9130	3516060.2770	9727542.5896	5.0550e-05
436	45469.9500	-16130.5957	723432.9500	3516032.4043	9727542.5896	4.7962e-05
437	45565.9870	-16158.4685	723528.9870	3516004.5315	9727542.5896	4.5506e-05
438	45662.0240	-16186.3412	723625.0240	3515976.6588	9727542.5896	4.3176e-05
439	45758.0611	-16214.2139	723721.0611	3515948.7861	9727542.5896	4.0965e-05
440	45854.0981	-16242.0867	723817.0981	3515920.9133	9727542.5896	3.8868e-05
441	45950.1351	-16269.9594	723913.1351	3515893.0406	9727542.5896	3.6878e-05
442	46046.1722	-16297.8321	724009.1722	3515865.1679	9727542.5896	3.4990e-05
443	46142.2092	-16325.7048	724105.2092	3515837.2952	9727542.5896	3.3199e-05
444	46238.2462	-16353.5776	724201.2462	3515809.4224	9727542.5896	3.1499e-05
445	46334.2832	-16381.4503	724297.2832	3515781.5497	9727542.5896	2.9887e-05
446	46430.3203	-16409.3230	724393.3203	3515753.6770	9727542.5896	2.8357e-05
447	46526.3573	-16437.1958	724489.3573	3515725.8042	9727542.5896	2.6906e-05
448	46622.3943	-16465.0685	724585.3943	3515697.9315	9727542.5896	2.5529e-05
449	46718.4314	-16492.9412	724681.4314	3515670.0588	9727542.5896	2.4222e-05
450	46814.4684	-16520.8139	724777.4684	3515642.1861	9727542.5896	2.2982e-05
451	46910.5054	-16548.6867	724873.5054	3515614.3133	9727542.5896	2.1806e-05
452	47006.5424	-16576.5594	724969.5424	3515586.4406	9727542.5896	2.0691e-05
453	47102.5795	-16604.4321	725065.5795	3515558.5679	9727542.5896	1.9632e-05
454	47198.6165	-16632.3049	725161.6165	3515530.6951	9727542.5896	1.8627e-05
455	47294.6535	-16660.1776	725257.6535	3515502.8224	9727542.5896	1.7674e-05
456	47390.6906	-16688.0503	725353.6906	3515474.9497	9727542.5896	1.6770e-05
457	47486.7276	-16715.9231	725449.7276	3515447.0769	9727542.5896	1.5912e-05
458	47582.7646	-16743.7958	725545.7646	3515419.2042	9727542.5896	1.5098e-05
459	47678.8017	-16771.6685	725641.8017	3515391.3315	9727542.5896	1.4326e-05
460	47774.8387	-16799.5412	725737.8387	3515363.4588	9727542.5896	1.3593e-05
461	47870.8757	-16827.4140	725833.8757	3515335.5860	9727542.5896	1.2897e-05
462	47966.9127	-16855.2867	725929.9127	3515307.7133	9727542.5896	1.2238e-05
463	48062.9498	-16883.1594	726025.9498	3515279.8406	9727542.5896	1.1612e-05
464	48158.9868	-16911.0322	726121.9868	3515251.9678	9727542.5896	1.1018e-05
465	48255.0238	-16938.9049	726218.0238	3515224.0951	9727542.5896	1.0454e-05
466	48351.0609	-16966.7776	726314.0609	3515196.2224	9727542.5896	9.9198e-06
467	48447.0979	-16994.6503	726410.0979	3515168.3497	9727542.5896	9.4125e-06
468	48543.1349	-17022.5231	726506.1349	3515140.4769	9727542.5896	8.9312e-06
469	48639.1719	-17050.3958	726602.1719	3515112.6042	9727542.5896	8.4745e-06
470	48735.2090	-17078.2685	726698.2090	3515084.7315	9727542.5896	8.0412e-06
471	48831.2460	-17106.1413	726794.2460	3515056.8587	9727542.5896	7.6300e-06
472	48927.2830	-17134.0140	726890.2830	3515028.9860	9727542.5896	7.2399e-06
473	49023.3201	-17161.8867	726986.3201	3515001.1133	9727542.5896	6.8697e-06
474	49119.3571	-17189.7595	727082.3571	3514973.2405	9727542.5896	6.5185e-06
475	49215.3941	-17217.6322	727178.3941	3514945.3678	9727542.5896	6.1853e-06
476	49311.4311	-17245.5049	727274.4311	3514917.4951	9727542.5896	5.8691e-06
477	49407.4682	-17273.3776	727370.4682	3514889.6224	9727542.5896	5.5691e-06
478	49503.5052	-17301.2504	727466.5052	3514861.7496	9727542.5896	5.2844e-06
479	49599.5422	-17329.1231	727562.5422	3514833.8769	9727542.5896	5.0143e-06
480	49695.5793	-17356.9958	727658.5793	3514806.0042	9727542.5896	4.7580e-06
481	49791.6163	-17384.8686	727754.6163	3514778.1314	9727542.5896	4.5148e-06
482	49887.6533	-17412.7413	727850.6533	3514750.2587	9727542.5896	4.2841e-06
483	49983.6903	-17440.6140	727946.6903	3514722.3860	9727542.5896	4.0651e-06
484	50079.7274	-17468.4867	728042.7274	3514694.5133	9727542.5896	3.8574e-06
485	50175.7644	-17496.3595	728138.7644	3514666.6405	9727542.5896	3.6603e-06
486	50271.8014	-17524.2322	728234.8014	3514638.7678	9727542.5896	3.4732e-06
487	50367.8385	-17552.1049	728330.8385	3514610.8951	9727542.5896	3.2957e-06
488	50463.8755	-17579.9777	728426.8755	3514583.0223	9727542.5896	3.1273e-06
489	50559.9125	-17607.8504	728522.9125	3514555.1496	9727542.5896	2.9676e-06
490	50655.9496	-17635.7231	728618.9496	3514527.2769	9727542.5896	2.8159e-06
491	50751.9866	-17663.5959	728714.9866	3514499.4041	9727542.5896	2.6721e-06
492	50848.0236	-17691.4686	728811.0236	3514471.5314	9727542.5896	2.5356e-06
493	50944.0606	-17719.3413	728907.0606	3514443.6587	9727542.5896	2.4060e-06
494	51040.0977	-17747.2140	729003.0977	3514415.7860	9727542.5896	2.2831e-06
495	51136.1347	-17775.0868	729099.1347	3514387.9132	9727542.5896	2.1665e-06
496	51232.1717	-17802.9595	729195.1717	3514360.0405	9727542.5896	2.0558e-06
497	51328.2088	-17830.8322	729291.2088	3514332.1678	9727542.5896	1.9508e-06
498	51424.2458	-17858.7050	729387.2458	3514304.2950	9727542.5896	1.8512e-06
499	51520.2828	-17886.5777	729483.2828	3514276.4223	9727542.5896	1.7566e-06
500	51616.3198	-17914.4504	729579.3198	3514248.5496	9727542.5896	1.6669e-06
501	51712.3569	-17942.3231	729675.3569	3514220.6769	9727542.5896	1.5818e-06
502	51808.3939	-17970.1959	729771.3939	3514192.8041	9727542.5896	1.5010e-06
503	51904.4309	-17998.0686	729867.4309	3514164.9314	9727542.5896	1.4243e-06
504	52000.4680	-18025.9413	729963.4680	3514137.0587	9727542.5896	1.3516e-06
505	52096.5050	-18053.8141	730059.5050	3514109.1859	9727542.5896	1.2826e-06
506	52192.5420	-18081.6868	730155.5420	3514081.3132	9727542.5896	1.2171e-06
507	52288.5790	-18109.5595	730251.5790	3514053.4405	9727542.5896	1.1549e-06
508	52384.6161	-18137.4323	730347.6161	3514025.5677	9727542.5896	1.0960e-06
509	52480.6531	-18165.3050	730443.6531	3513997.6950	9727542.5896	1.0400e-06
510	52576.6901	-18193.1777	730539.6901	3513969.8223	9727542.5896	9.8692e-07
511	52672.7272	-18221.0504	730635.7272	3513941.9496	9727542.5896	9.3654e-07
512	52768.7642	-18248.9232	730731.7642	3513914.0768	9727542.5896	8.8872e-07
513	52864.8012	-18276.7959	730827.8012	3513886.2041	9727542.5896	8.4336e-07
514	52960.8383	-18304.6686	730923.8383	3513858.3314	9727542.5896	8.0030e-07
515	53056.8753	-18332.5414	731019.8753	3513830.4586	9727542.5896	7.5945e-07
516	53152.9123	-18360.4141	731115.9123	3513802.5859	9727542.5896	7.2069e-07
517	53248.9493	-18388.2868	731211.9493	3513774.7132	9727542.5896	6.8390e-07
518	53344.9864	-18416.1595	731307.9864	3513746.8405	9727542.5896	6.4899e-07
519	53441.0234	-18444.0323	731404.0234	3513718.9677	9727542.5896	6.1587e-07
520	53537.0604	-18471.9050	731500.0604	3513691.0950	9727542.5896	5.8444e-07
521	53633.0975	-18499.7777	731596.0975	3513663.2223	9727542.5896	5.5461e-07
522	53729.1345	-18527.6505	731692.1345	3513635.3495	9727542.5896	5.2631e-07
523	53825.1715	-18555.5232	731788.1715	3513607.4768	9727542.5896	4.9945e-07
524	53921.2085	-18583.3959	731884.2085	3513579.6041	9727542.5896	4.7396e-07
525	54017.2456	-18611.2687	731980.2456	3513551.7313	9727542.5896	4.4978e-07
526	54113.2826	-18639.1414	732076.2826	3513523.8586	9727542.5896	4.2683e-07
527	54209.3196	-18667.0141	732172.3196	3513495.9859	9727542.5896	4.0505e-07
528	54305.3567	-18694.8868	732268.3567	3513468.1132	9727542.5896	3.8438e-07
529	54401.3937	-18722.7596	732364.3937	3513440.2404	9727542.5896	3.6477e-07
530	54497.4307	-18750.6323	732460.4307	3513412.3677	9727542.5896	3.4616e-07
531	54593.4677	-18778.5050	732556.4677	3513384.4950	9727542.5896	3.2850e-07
532	54689.5048	-18806.3778	732652.5048	3513356.6222	9727542.5896	3.1174e-07
533	54785.5418	-18834.2505	732748.5418	3513328.7495	9727542.5896	2.9584e-07
534	54881.5788	-18862.1232	732844.5788	3513300.8768	9727542.5896	2.8075e-07
535	54977.6159	-18889.9959	732940.6159	3513273.0041	9727542.5896	2.6642e-07
536	55073.6529	-18917.8687	733036.6529	3513245.1313	9727542.5896	2.5283e-07
537	55169.6899	-18945.7414	733132.6899	3513217.2586	9727542.5896	2.3994e-07
538	55265.7269	-18973.6141	733228.7269	3513189.3859	9727542.5896	2.2770e-07
539	55361.7640	-19001.4869	733324.7640	3513161.5131	9727542.5896	2.1609e-07
540	55457.8010	-19029.3596	733420.8010	3513133.6404	9727542.5896	2.0506e-07
541	55553.8380	-19057.2323	733516.8380	3513105.7677	9727542.5896	1.9461e-07
542	55649.8751	-19085.1051	733612.8751	3513077.8949	9727542.5896	1.8468e-07
543	55745.9121	-19112.9778	733708.9121	3513050.0222	9727542.5896	1.7526e-07
544	55841.9491	-19140.8505	733804.9491	3513022.1495	9727542.5896	1.6633e-07
545	55937.9862	-19168.7232	733900.9862	3512994.2768	9727542.5896	1.5784e-07
546	56034.0232	-19196.5960	733997.0232	3512966.4040	9727542.5896	1.4979e-07
547	56130.0602	-19224.4687	734093.0602	3512938.5313	9727542.5896	1.4216e-07
548	56226.0972	-19252.3414	734189.0972	3512910.6586	9727542.5896	1.3491e-07
549	56322.1343	-19280.2142	734285.1343	3512882.7858	9727542.5896	1.2803e-07
550	56418.1713	-19308.0869	734381.1713	3512854.9131	9727542.5896	1.2150e-07
551	56514.2083	-19335.9596	734477.2083	3512827.0404	9727542.5896	1.1531e-07
552	56610.2454	-19363.8323	734573.2454	3512799.1677	9727542.5896	1.0943e-07
553	56706.2824	-19391.7051	734669.2824	3512771.2949	9727542.5896	1.0385e-07
554	56802.3194	-19419.5778	734765.3194	3512743.4222	9727542.5896	9.8555e-08
555	56898.3564	-19447.4505	734861.3564	3512715.5495	9727542.5896	9.3531e-08
556	56994.3935	-19475.3233	734957.3935	3512687.6767	9727542.5896	8.8763e-08
557	57090.4305	-19503.1960	735053.4305	3512659.8040	9727542.5896	8.4238e-08
558	57186.4675	-19531.0687	735149.4675	3512631.9313	9727542.5896	7.9944e-08
559	57282.5046	-19558.9415	735245.5046	3512604.0585	9727542.5896	7.5869e-08
560	57378.5416	-19586.8142	735341.5416	3512576.1858	9727542.5896	7.2002e-08
561	57474.5786	-19614.6869	735437.5786	3512548.3131	9727542.5896	6.8332e-08
562	57570.6156	-19642.5596	735533.6156	3512520.4404	9727542.5896	6.4850e-08
563	57666.6527	-19670.4324	735629.6527	3512492.5676	9727542.5896	6.1544e-08
564	57762.6897	-19698.3051	735725.6897	3512464.6949	9727542.5896	5.8408e-08
565	57858.7267	-19726.1778	735821.7267	3512436.8222	9727542.5896	5.5431e-08
566	57954.7638	-19754.0506	735917.7638	3512408.9494	9727542.5896	5.2606e-08
567	58050.8008	-19781.9233	736013.8008	3512381.0767	9727542.5896	4.9926e-08
568	58146.8378	-19809.7960	736109.8378	3512353.2040	9727542.5896	4.7381e-08
569	58242.8749	-19837.6687	736205.8749	3512325.3313	9727542.5896	4.4967e-08
570	58338.9119	-19865.5415	736301.9119	3512297.4585	9727542.5896	4.2676e-08
571	58434.9489	-19893.4142	736397.9489	3512269.5858	9727542.5896	4.0501e-08
572	58530.9859	-19921.2869	736493.9859	3512241.7131	9727542.5896	3.8438e-08
573	58627.0230	-19949.1597	736590.0230	3512213.8403	9727542.5896	3.6479e-08
574	58723.0600	-19977.0324	736686.0600	3512185.9676	9727542.5896	3.4621e-08
575	58819.0970	-20004.9051	736782.0970	3512158.0949	9727542.5896	3.2857e-08
576	58915.1341	-20032.7779	736878.1341	3512130.2221	9727542.5896	3.1183e-08
577	59011.1711	-20060.6506	736974.1711	3512102.3494	9727542.5896	2.9594e-08
578	59107.2081	-20088.5233	737070.2081	3512074.4767	9727542.5896	2.8087e-08
579	59203.2451	-20116.3960	737166.2451	3512046.6040	9727542.5896	2.6656e-08
580	59299.2822	-20144.2688	737262.2822	3512018.7312	9727542.5896	2.5298e-08
581	59395.3192	-20172.1415	737358.3192	3511990.8585	9727542.5896	2.4009e-08
582	59491.3562	-20200.0142	737454.3562	3511962.9858	9727542.5896	2.2786e-08
583	59587.3933	-20227.8870	737550.3933	3511935.1130	9727542.5896	2.1626e-08
584	59683.4303	-20255.7597	737646.4303	3511907.2403	9727542.5896	2.0524e-08
585	59779.4673	-20283.6324	737742.4673	3511879.3676	9727542.5896	1.9479e-08
586	59875.5043	-20311.5051	737838.5043	3511851.4949	9727542.5896	1.8487e-08
587	59971.5414	-20339.3779	737934.5414	3511823.6221	9727542.5896	1.7545e-08
588	60067.5784	-20367.2506	738030.5784	3511795.7494	9727542.5896	1.6652e-08
589	60163.6154	-20395.1233	738126.6154	3511767.8767	9727542.5896	1.5804e-08
590	60259.6525	-20422.9961	738222.6525	3511740.0039	9727542.5896	1.4999e-08
591	60355.6895	-20450.8688	738318.6895	3511712.1312	9727542.5896	1.4235e-08
592	60451.7265	-20478.7415	738414.7265	3511684.2585	9727542.5896	1.3510e-08
593	60547.7635	-20506.6143	738510.7635	3511656.3857	9727542.5896	1.2822e-08
594	60643.8006	-20534.4870	738606.8006	3511628.5130	9727542.5896	1.2169e-08
595	60739.8376	-20562.3597	738702.8376	3511600.6403	9727542.5896	1.1550e-08
596	60835.8746	-20590.2324	738798.8746	3511572.7676	9727542.5896	1.0961e-08
597	60931.9117	-20618.1052	738894.9117	3511544.8948	9727542.5896	1.0403e-08
598	61027.9487	-20645.9779	738990.9487	3511517.0221	9727542.5896	9.8737e-09
599	61123.9857	-20673.8506	739086.9857	3511489.1494	9727542.5896	9.3710e-09
600	61220.0228	-20701.7234	739183.0228	3511461.2766	9727542.5896	8.8939e-09
601	61316.0598	-20729.5961	739279.0598	3511433.4039	9727542.5896	8.4411e-09
602	61412.0968	-20757.4688	739375.0968	3511405.5312	9727542.5896	8.0114e-09
603	61508.1338	-20785.3416	739471.1338	3511377.6584	9727542.5896	7.6035e-09
604	61604.1709	-20813.2143	739567.1709	3511349.7857	9727542.5896	7.2164e-09
605	61700.2079	-20841.0870	739663.2079	3511321.9130	9727542.5896	6.8491e-09
606	61796.2449	-20868.9597	739759.2449	3511294.0403	9727542.5896	6.5004e-09
607	61892.2820	-20896.8325	739855.2820	3511266.1675	9727542.5896	6.1696e-09
608	61988.3190	-20924.7052	739951.3190	3511238.2948	9727542.5896	5.8555e-09
609	62084.3560	-20952.5779	740047.3560	3511210.4221	9727542.5896	5.5575e-09
610	62180.3930	-20980.4507	740143.3930	3511182.5493	9727542.5896	5.2746e-09
611	62276.4301	-21008.3234	740239.4301	3511154.6766	9727542.5896	5.0061e-09
612	62372.4671	-21036.1961	740335.4671	3511126.8039	9727542.5896	4.7513e-09
613	62468.5041	-21064.0688	740431.5041	3511098.9312	9727542.5896	4.5095e-09
614	62564.5412	-21091.9416	740527.5412	3511071.0584	9727542.5896	4.2800e-09
615	62660.5782	-21119.8143	740623.5782	3511043.1857	9727542.5896	4.0622e-09
616	62756.6152	-21147.6870	740719.6152	3511015.3130	9727542.5896	3.8555e-09
617	62852.6522	-21175.5598	740815.6522	3510987.4402	9727542.5896	3.6593e-09
618	62948.6893	-21203.4325	740911.6893	3510959.5675	9727542.5896	3.4731e-09
619	63044.7263	-21231.3052	741007.7263	3510931.6948	9727542.5896	3.2963e-09
620	63140.7633	-21259.1780	741103.7633	3510903.8220	9727542.5896	3.1286e-09
621	63236.8004	-21287.0507	741199.8004	3510875.9493	9727542.5896	2.9694e-09
622	63332.8374	-21314.9234	741295.8374	3510848.0766	9727542.5896	2.8183e-09
623	63428.8744	-21342.7961	741391.8744	3510820.2039	9727542.5896	2.6749e-09
624	63524.9114	-21370.6689	741487.9114	3510792.3311	9727542.5896	2.5388e-09
625	63620.9485	-21398.5416	741583.9485	3510764.4584	9727542.5896	2.4096e-09
626	63716.9855	-21426.4143	741679.9855	3510736.5857	9727542.5896	2.2870e-09
627	63813.0225	-21454.2871	741776.0225	3510708.7129	9727542.5896	2.1707e-09
628	63909.0596	-21482.1598	741872.0596	3510680.8402	9727542.5896	2.0602e-09
629	64005.0966	-21510.0325	741968.0966	3510652.9675	9727542.5896	1.9554e-09
630	64101.1336	-21537.9052	742064.1336	3510625.0948	9727542.5896	1.8560e-09
631	64197.1707	-21565.7780	742160.1707	3510597.2220	9727542.5896	1.7615e-09
632	64293.2077	-21593.6507	742256.2077	3510569.3493	9727542.5896	1.6719e-09
633	64389.2447	-21621.5234	742352.2447	3510541.4766	9727542.5896	1.5869e-09
634	64485.2817	-21649.3962	742448.2817	3510513.6038	9727542.5896	1.5062e-09
635	64581.3188	-21677.2689	742544.3188	3510485.7311	9727542.5896	1.4295e-09
636	64677.3558	-21705.1416	742640.3558	3510457.8584	9727542.5896	1.3568e-09
637	64773.3928	-21733.0144	742736.3928	3510429.9856	9727542.5896	1.2878e-09
638	64869.4299	-21760.8871	742832.4299	3510402.1129	9727542.5896	1.2223e-09
639	64965.4669	-21788.7598	742928.4669	3510374.2402	9727542.5896	1.1601e-09
640	65061.5039	-21816.6325	743024.5039	3510346.3675	9727542.5896	1.1011e-09
641	65157.5409	-21844.5053	743120.5409	3510318.4947	9727542.5896	1.0451e-09
642	65253.5780	-21872.3780	743216.5780	3510290.6220	9727542.5896	9.9199e-10
643	65349.6150	-21900.2507	743312.6150	3510262.7493	9727542.5896	9.4154e-10
644	65445.6520	-21928.1235	743408.6520	3510234.8765	9727542.5896	8.9366e-10
645	65541.6891	-21955.9962	743504.6891	3510207.0038	9727542.5896	8.4821e-10
646	65637.7261	-21983.8689	743600.7261	3510179.1311	9727542.5896	8.0508e-10
647	65733.7631	-22011.7416	743696.7631	3510151.2584	9727542.5896	7.6414e-10
648	65829.8001	-22039.6144	743792.8001	3510123.3856	9727542.5896	7.2528e-10
649	65925.8372	-22067.4871	743888.8372	3510095.5129	9727542.5896	6.8840e-10
650	66021.8742	-22095.3598	743984.8742	3510067.6402	9727542.5896	6.5340e-10
651	66117.9112	-22123.2326	744080.9112	3510039.7674	9727542.5896	6.2017e-10
652	66213.9483	-22151.1053	744176.9483	3510011.8947	9727542.5896	5.8864e-10
653	66309.9853	-22178.9780	744272.9853	3509984.0220	9727542.5896	5.5871e-10
654	66406.0223	-22206.8508	744369.0223	3509956.1492	9727542.5896	5.3030e-10
655	66502.0594	-22234.7235	744465.0594	3509928.2765	9727542.5896	5.0334e-10
656	66598.0964	-22262.5962	744561.0964	3509900.4038	9727542.5896	4.7775e-10
657	66694.1334	-22290.4689	744657.1334	3509872.5311	9727542.5896	4.5346e-10
658	66790.1704	-22318.3417	744753.1704	3509844.6583	9727542.5896	4.3041e-10
659	66886.2075	-22346.2144	744849.2075	3509816.7856	9727542.5896	4.0853e-10
660	66982.2445	-22374.0871	744945.2445	3509788.9129	9727542.5896	3.8776e-10
661	67078.2815	-22401.9599	745041.2815	3509761.0401	9727542.5896	3.6805e-10
662	67174.3186	-22429.8326	745137.3186	3509733.1674	9727542.5896	3.4934e-10
663	67270.3556	-22457.7053	745233.3556	3509705.2947	9727542.5896	3.3158e-10
664	67366.3926	-22485.5780	745329.3926	3509677.4220	9727542.5896	3.1473e-10
665	67462.4296	-22513.4508	745425.4296	3509649.5492	9727542.5896	2.9873e-10
666	67558.4667	-22541.3235	745521.4667	3509621.6765	9727542.5896	2.8354e-10
667	67654.5037	-22569.1962	745617.5037	3509593.8038	9727542.5896	2.6913e-10
668	67750.5407	-22597.0690	745713.5407	3509565.9310	9727542.5896	2.5545e-10
669	67846.5778	-22624.9417	745809.5778	3509538.0583	9727542.5896	2.4247e-10
670	67942.6148	-22652.8144	745905.6148	3509510.1856	9727542.5896	2.3014e-10
671	68038.6518	-22680.6872	746001.6518	3509482.3128	9727542.5896	2.1845e-10
672	68134.6888	-22708.5599	746097.6888	3509454.4401	9727542.5896	2.0735e-10
673	68230.7259	-22736.4326	746193.7259	3509426.5674	9727542.5896	1.9681e-10
674	68326.7629	-22764.3053	746289.7629	3509398.6947	9727542.5896	1.8681e-10
675	68422.7999	-22792.1781	746385.7999	3509370.8219	9727542.5896	1.7731e-10
676	68518.8370	-22820.0508	746481.8370	3509342.9492	9727542.5896	1.6830e-10
677	68614.8740	-22847.9235	746577.8740	3509315.0765	9727542.5896	1.5975e-10
678	68710.9110	-22875.7963	746673.9110	3509287.2037	9727542.5896	1.5163e-10
679	68806.9480	-22903.6690	746769.9480	3509259.3310	9727542.5896	1.4393e-10
680	68902.9851	-22931.5417	746865.9851	3509231.4583	9727542.5896	1.3661e-10
681	68999.0221	-22959.4144	746962.0221	3509203.5856	9727542.5896	1.2967e-10
682	69095.0591	-22987.2872	747058.0591	3509175.7128	9727542.5896	1.2308e-10
683	69191.0962	-23015.1599	747154.0962	3509147.8401	9727542.5896	1.1683e-10
684	69287.1332	-23043.0326	747250.1332	3509119.9674	9727542.5896	1.1089e-10
685	69383.1702	-23070.9054	747346.1702	3509092.0946	9727542.5896	1.0526e-10
686	69479.2073	-23098.7781	747442.2073	3509064.2219	9727542.5896	9.9910e-11
687	69575.2443	-23126.6508	747538.2443	3509036.3492	9727542.5896	9.4834e-11
688	69671.2813	-23154.5236	747634.2813	3509008.4764	9727542.5896	9.0016e-11
689	69767.3183	-23182.3963	747730.3183	3508980.6037	9727542.5896	8.5443e-11
690	69863.3554	-23210.2690	747826.3554	3508952.7310	9727542.5896	8.1102e-11
691	69959.3924	-23238.1417	747922.3924	3508924.8583	9727542.5896	7.6982e-11
692	70055.4294	-23266.0145	748018.4294	3508896.9855	9727542.5896	7.3071e-11
693	70151.4665	-23293.8872	748114.4665	3508869.1128	9727542.5896	6.9359e-11
694	70247.5035	-23321.7599	748210.5035	3508841.2401	9727542.5896	6.5836e-11
695	70343.5405	-23349.6327	748306.5405	3508813.3673	9727542.5896	6.2491e-11
696	70439.5775	-23377.5054	748402.5775	3508785.4946	9727542.5896	5.9317e-11
697	70535.6146	-23405.3781	748498.6146	3508757.6219	9727542.5896	5.6304e-11
698	70631.6516	-23433.2508	748594.6516	3508729.7492	9727542.5896	5.3444e-11
699	70727.6886	-23461.1236	748690.6886	3508701.8764	9727542.5896	5.0729e-11
700	70823.7257	-23488.9963	748786.7257	3508674.0037	9727542.5896	4.8153e-11
701	70919.7627	-23516.8690	748882.7627	3508646.1310	9727542.5896	4.5707e-11
702	71015.7997	-23544.7418	748978.7997	3508618.2582	9727542.5896	4.3385e-11
703	71111.8367	-23572.6145	749074.8367	3508590.3855	9727542.5896	4.1182e-11
704	71207.8738	-23600.4872	749170.8738	3508562.5128	9727542.5896	3.9090e-11
705	71303.9108	-23628.3600	749266.9108	3508534.6400	9727542.5896	3.7105e-11
706	71399.9478	-23656.2327	749362.9478	3508506.7673	9727542.5896	3.5221e-11
707	71495.9849	-23684.1054	749458.9849	3508478.8946	9727542.5896	3.3432e-11
708	71592.0219	-23711.9781	749555.0219	3508451.0219	9727542.5896	3.1734e-11
709	71688.0589	-23739.8509	749651.0589	3508423.1491	9727542.5896	3.0122e-11
710	71784.0959	-23767.7236	749747.0959	3508395.2764	9727542.5896	2.8593e-11
711	71880.1330	-23795.5963	749843.1330	3508367.4037	9727542.5896	2.7141e-11
712	71976.1700	-23823.4691	749939.1700	3508339.5309	9727542.5896	2.5763e-11
713	72072.2070	-23851.3418	750035.2070	3508311.6582	9727542.5896	2.4454e-11
714	72168.2441	-23879.2145	750131.2441	3508283.7855	9727542.5896	2.3213e-11
715	72264.2811	-23907.0872	750227.2811	3508255.9128	9727542.5896	2.2034e-11
716	72360.3181	-23934.9600	750323.3181	3508228.0400	9727542.5896	2.0915e-11
717	72456.3552	-23962.8327	750419.3552	3508200.1673	9727542.5896	1.9853e-11
718	72552.3922	-23990.7054	750515.3922	3508172.2946	9727542.5896	1.8845e-11
719	72648.4292	-24018.5782	750611.4292	3508144.4218	9727542.5896	1.7888e-11
720	72744.4662	-24046.4509	750707.4662	3508116.5491	9727542.5896	1.6980e-11
721	72840.5033	-24074.3236	750803.5033	3508088.6764	9727542.5896	1.6118e-11
722	72936.5403	-24102.1964	750899.5403	3508060.8036	9727542.5896	1.5300e-11
723	73032.5773	-24130.0691	750995.5773	3508032.9309	9727542.5896	1.4523e-11
724	73128.6144	-24157.9418	751091.6144	3508005.0582	9727542.5896	1.3786e-11
725	73224.6514	-24185.8145	751187.6514	3507977.1855	9727542.5896	1.3086e-11
726	73320.6884	-24213.6873	751283.6884	3507949.3127	9727542.5896	1.2421e-11
727	73416.7254	-24241.5600	751379.7254	3507921.4400	9727542.5896	1.1791e-11
728	73512.7625	-24269.4327	751475.7625	3507893.5673	9727542.5896	1.1192e-11
729	73608.7995	-24297.3055	751571.7995	3507865.6945	9727542.5896	1.0624e-11
730	73704.8365	-24325.1782	751667.8365	3507837.8218	9727542.5896	1.0085e-11
731	73800.8736	-24353.0509	751763.8736	3507809.9491	9727542.5896	9.5728e-12
732	73896.9106	-24380.9236	751859.9106	3507782.0764	9727542.5896	9.0869e-12
733	73992.9476	-24408.7964	751955.9476	3507754.2036	9727542.5896	8.6256e-12
734	74088.9846	-24436.6691	752051.9846	3507726.3309	9727542.5896	8.1878e-12
735	74185.0217	-24464.5418	752148.0217	3507698.4582	9727542.5896	7.7722e-12
736	74281.0587	-24492.4146	752244.0587	3507670.5854	9727542.5896	7.3777e-12
737	74377.0957	-24520.2873	752340.0957	3507642.7127	9727542.5896	7.0032e-12
738	74473.1328	-24548.1600	752436.1328	3507614.8400	9727542.5896	6.6478e-12
739	74569.1698	-24576.0328	752532.1698	3507586.9672	9727542.5896	6.3104e-12
740	74665.2068	-24603.9055	752628.2068	3507559.0945	9727542.5896	5.9901e-12
741	74761.2439	-24631.7782	752724.2439	3507531.2218	9727542.5896	5.6861e-12
742	74857.2809	-24659.6509	752820.2809	3507503.3491	9727542.5896	5.3975e-12
743	74953.3179	-24687.5237	752916.3179	3507475.4763	9727542.5896	5.1236e-12
744	75049.3549	-24715.3964	753012.3549	3507447.6036	9727542.5896	4.8635e-12
745	75145.3920	-24743.2691	753108.3920	3507419.7309	9727542.5896	4.6167e-12
746	75241.4290	-24771.1419	753204.4290	3507391.8581	9727542.5896	4.3824e-12
747	75337.4660	-24799.0146	753300.4660	3507363.9854	9727542.5896	4.1600e-12
748	75433.5031	-24826.8873	753396.5031	3507336.1127	9727542.5896	3.9489e-12
749	75529.5401	-24854.7600	753492.5401	3507308.2400	9727542.5896	3.7485e-12
750	75625.5771	-24882.6328	753588.5771	3507280.3672	9727542.5896	3.5583e-12
751	75721.6141	-24910.5055	753684.6141	3507252.4945	9727542.5896	3.3778e-12
752	75817.6512	-24938.3782	753780.6512	3507224.6218	9727542.5896	3.2064e-12
753	75913.6882	-24966.2510	753876.6882	3507196.7490	9727542.5896	3.0437e-12
754	76009.7252	-24994.1237	753972.7252	3507168.8763	9727542.5896	2.8892e-12
755	76105.7623	-25021.9964	754068.7623	3507141.0036	9727542.5896	2.7426e-12
756	76201.7993	-25049.8692	754164.7993	3507113.1308	9727542.5896	2.6035e-12
757	76297.8363	-25077.7419	754260.8363	3507085.2581	9727542.5896	2.4714e-12
758	76393.8733	-25105.6146	754356.8733	3507057.3854	9727542.5896	2.3460e-12
759	76489.9104	-25133.4873	754452.9104	3507029.5127	9727542.5896	2.2270e-12
760	76585.9474	-25161.3601	754548.9474	3507001.6399	9727542.5896	2.1140e-12
761	76681.9844	-25189.2328	754644.9844	3506973.7672	9727542.5896	2.0067e-12
762	76778.0215	-25217.1055	754741.0215	3506945.8945	9727542.5896	1.9049e-12
763	76874.0585	-25244.9783	754837.0585	3506918.0217	9727542.5896	1.8083e-12
764	76970.0955	-25272.8510	754933.0955	3506890.1490	9727542.5896	1.7165e-12
765	77066.1325	-25300.7237	755029.1325	3506862.2763	9727542.5896	1.6294e-12
766	77162.1696	-25328.5964	755125.1696	3506834.4036	9727542.5896	1.5468e-12
767	77258.2066	-25356.4692	755221.2066	3506806.5308	9727542.5896	1.4683e-12
768	77354.2436	-25384.3419	755317.2436	3506778.6581	9727542.5896	1.3938e-12
769	77450.2807	-25412.2146	755413.2807	3506750.7854	9727542.5896	1.3231e-12
770	77546.3177	-25440.0874	755509.3177	3506722.9126	9727542.5896	1.2560e-12
771	77642.3547	-25467.9601	755605.3547	3506695.0399	9727542.5896	1.1923e-12
772	77738.3918	-25495.8328	755701.3918	3506667.1672	9727542.5896	1.1318e-12
773	77834.4288	-25523.7056	755797.4288	3506639.2944	9727542.5896	1.0744e-12
774	77930.4658	-25551.5783	755893.4658	3506611.4217	9727542.5896	1.0199e-12
775	78026.5028	-25579.4510	755989.5028	3506583.5490	9727542.5896	9.6818e-13
776	78122.5399	-25607.3237	756085.5399	3506555.6763	9727542.5896	9.1907e-13
777	78218.5769	-25635.1965	756181.5769	3506527.8035	9727542.5896	8.7245e-13
778	78314.6139	-25663.0692	756277.6139	3506499.9308	9727542.5896	8.2820e-13
779	78410.6510	-25690.9419	756373.6510	3506472.0581	9727542.5896	7.8619e-13
780	78506.6880	-25718.8147	756469.6880	3506444.1853	9727542.5896	7.4632e-13
781	78602.7250	-25746.6874	756565.7250	3506416.3126	9727542.5896	7.0847e-13
782	78698.7620	-25774.5601	756661.7620	3506388.4399	9727542.5896	6.7254e-13
783	78794.7991	-25802.4328	756757.7991	3506360.5672	9727542.5896	6.3843e-13
784	78890.8361	-25830.3056	756853.8361	3506332.6944	9727542.5896	6.0605e-13
785	78986.8731	-25858.1783	756949.8731	3506304.8217	9727542.5896	5.7532e-13
786	79082.9102	-25886.0510	757045.9102	3506276.9490	9727542.5896	5.4614e-13
787	79178.9472	-25913.9238	757141.9472	3506249.0762	9727542.5896	5.1844e-13
788	79274.9842	-25941.7965	757237.9842	3506221.2035	9727542.5896	4.9215e-13
789	79371.0212	-25969.6692	757334.0212	3506193.3308	9727542.5896	4.6719e-13
790	79467.0583	-25997.5420	757430.0583	3506165.4580	9727542.5896	4.4350e-13
791	79563.0953	-26025.4147	757526.0953	3506137.5853	9727542.5896	4.2101e-13
792	79659.1323	-26053.2874	757622.1323	3506109.7126	9727542.5896	3.9966e-13
793	79755.1694	-26081.1601	757718.1694	3506081.8399	9727542.5896	3.7940e-13
794	79851.2064	-26109.0329	757814.2064	3506053.9671	9727542.5896	3.6016e-13
795	79947.2434	-26136.9056	757910.2434	3506026.0944	9727542.5896	3.4190e-13
796	80043.2805	-26164.7783	758006.2805	3505998.2217	9727542.5896	3.2456e-13
797	80139.3175	-26192.6511	758102.3175	3505970.3489	9727542.5896	3.0810e-13
798	80235.3545	-26220.5238	758198.3545	3505942.4762	9727542.5896	2.9248e-13
799	80331.3915	-26248.3965	758294.3915	3505914.6035	9727542.5896	2.7765e-13
800	80427.4286	-26276.2692	758390.4286	3505886.7308	9727542.5896	2.6357e-13
801	80523.4656	-26304.1420	758486.4656	3505858.8580	9727542.5896	2.5021e-13
802	80619.5026	-26332.0147	758582.5026	3505830.9853	9727542.5896	2.3753e-13
803	80715.5397	-26359.8874	758678.5397	3505803.1126	9727542.5896	2.2548e-13
804	80811.5767	-26387.7602	758774.5767	3505775.2398	9727542.5896	2.1405e-13
805	80907.6137	-26415.6329	758870.6137	3505747.3671	9727542.5896	2.0320e-13
806	81003.6507	-26443.5056	758966.6507	3505719.4944	9727542.5896	1.9290e-13
807	81099.6878	-26471.3784	759062.6878	3505691.6216	9727542.5896	1.8312e-13
808	81195.7248	-26499.2511	759158.7248	3505663.7489	9727542.5896	1.7383e-13
809	81291.7618	-26527.1238	759254.7618	3505635.8762	9727542.5896	1.6502e-13
810	81387.7989	-26554.9965	759350.7989	3505608.0035	9727542.5896	1.5666e-13
811	81483.8359	-26582.8693	759446.8359	3505580.1307	9727542.5896	1.4871e-13
812	81579.8729	-26610.7420	759542.8729	3505552.2580	9727542.5896	1.4118e-13
813	81675.9099	-26638.6147	759638.9099	3505524.3853	9727542.5896	1.3402e-13
814	81771.9470	-26666.4875	759734.9470	3505496.5125	9727542.5896	1.2723e-13
815	81867.9840	-26694.3602	759830.9840	3505468.6398	9727542.5896	1.2078e-13
816	81964.0210	-26722.2329	759927.0210	3505440.7671	9727542.5896	1.1465e-13
817	82060.0581	-26750.1057	760023.0581	3505412.8943	9727542.5896	1.0884e-13
818	82156.0951	-26777.9784	760119.0951	3505385.0216	9727542.5896	1.0333e-13
819	82252.1321	-26805.8511	760215.1321	3505357.1489	9727542.5896	9.8088e-14
820	82348.1691	-26833.7238	760311.1691	3505329.2762	9727542.5896	9.3117e-14
821	82444.2062	-26861.5966	760407.2062	3505301.4034	9727542.5896	8.8397e-14
822	82540.2432	-26889.4693	760503.2432	3505273.5307	9727542.5896	8.3917e-14
823	82636.2802	-26917.3420	760599.2802	3505245.6580	9727542.5896	7.9663e-14
824	82732.3173	-26945.2148	760695.3173	3505217.7852	9727542.5896	7.5626e-14
825	82828.3543	-26973.0875	760791.3543	3505189.9125	9727542.5896	7.1793e-14
826	82924.3913	-27000.9602	760887.3913	3505162.0398	9727542.5896	6.8154e-14
827	83020.4284	-27028.8329	760983.4284	3505134.1671	9727542.5896	6.4700e-14
828	83116.4654	-27056.7057	761079.4654	3505106.2943	9727542.5896	6.1421e-14
829	83212.5024	-27084.5784	761175.5024	3505078.4216	9727542.5896	5.8308e-14
830	83308.5394	-27112.4511	761271.5394	3505050.5489	9727542.5896	5.5353e-14
831	83404.5765	-27140.3239	761367.5765	3505022.6761	9727542.5896	5.2548e-14
832	83500.6135	-27168.1966	761463.6135	3504994.8034	9727542.5896	4.9885e-14
833	83596.6505	-27196.0693	761559.6505	3504966.9307	9727542.5896	4.7357e-14
834	83692.6876	-27223.9421	761655.6876	3504939.0579	9727542.5896	4.4957e-14
835	83788.7246	-27251.8148	761751.7246	3504911.1852	9727542.5896	4.2679e-14
836	83884.7616	-27279.6875	761847.7616	3504883.3125	9727542.5896	4.0516e-14
837	83980.7986	-27307.5602	761943.7986	3504855.4398	9727542.5896	3.8463e-14
838	84076.8357	-27335.4330	762039.8357	3504827.5670	9727542.5896	3.6514e-14
839	84172.8727	-27363.3057	762135.8727	3504799.6943	9727542.5896	3.4664e-14
840	84268.9097	-27391.1784	762231.9097	3504771.8216	9727542.5896	3.2907e-14
841	84364.9468	-27419.0512	762327.9468	3504743.9488	9727542.5896	3.1240e-14
842	84460.9838	-27446.9239	762423.9838	3504716.0761	9727542.5896	2.9657e-14
843	84557.0208	-27474.7966	762520.0208	3504688.2034	9727542.5896	2.8154e-14
844	84653.0578	-27502.6693	762616.0578	3504660.3307	9727542.5896	2.6727e-14
845	84749.0949	-27530.5421	762712.0949	3504632.4579	9727542.5896	2.5373e-14
846	84845.1319	-27558.4148	762808.1319	3504604.5852	9727542.5896	2.4088e-14
847	84941.1689	-27586.2875	762904.1689	3504576.7125	9727542.5896	2.2867e-14
848	85037.2060	-27614.1603	763000.2060	3504548.8397	9727542.5896	2.1709e-14
849	85133.2430	-27642.0330	763096.2430	3504520.9670	9727542.5896	2.0609e-14
850	85229.2800	-27669.9057	763192.2800	3504493.0943	9727542.5896	1.9564e-14
851	85325.3170	-27697.7785	763288.3170	3504465.2215	9727542.5896	1.8573e-14
852	85421.3541	-27725.6512	763384.3541	3504437.3488	9727542.5896	1.7632e-14
853	85517.3911	-27753.5239	763480.3911	3504409.4761	9727542.5896	1.6739e-14
854	85613.4281	-27781.3966	763576.4281	3504381.6034	9727542.5896	1.5891e-14
855	85709.4652	-27809.2694	763672.4652	3504353.7306	9727542.5896	1.5086e-14
856	85805.5022	-27837.1421	763768.5022	3504325.8579	9727542.5896	1.4322e-14
857	85901.5392	-27865.0148	763864.5392	3504297.9852	9727542.5896	1.3596e-14
858	85997.5763	-27892.8876	763960.5763	3504270.1124	9727542.5896	1.2907e-14
859	86093.6133	-27920.7603	764056.6133	3504242.2397	9727542.5896	1.2253e-14
860	86189.6503	-27948.6330	764152.6503	3504214.3670	9727542.5896	1.1633e-14
861	86285.6873	-27976.5057	764248.6873	3504186.4943	9727542.5896	1.1043e-14
862	86381.7244	-28004.3785	764344.7244	3504158.6215	9727542.5896	1.0484e-14
863	86477.7614	-28032.2512	764440.7614	3504130.7488	9727542.5896	9.9529e-15
864	86573.7984	-28060.1239	764536.7984	3504102.8761	9727542.5896	9.4487e-15
865	86669.8355	-28087.9967	764632.8355	3504075.0033	9727542.5896	8.9701e-15
866	86765.8725	-28115.8694	764728.8725	3504047.1306	9727542.5896	8.5158e-15
867	86861.9095	-28143.7421	764824.9095	3504019.2579	9727542.5896	8.0844e-15
868	86957.9465	-28171.6149	764920.9465	3503991.3851	9727542.5896	7.6749e-15
869	87053.9836	-28199.4876	765016.9836	3503963.5124	9727542.5896	7.2862e-15
870	87150.0206	-28227.3603	765113.0206	3503935.6397	9727542.5896	6.9171e-15
871	87246.0576	-28255.2330	765209.0576	3503907.7670	9727542.5896	6.5667e-15
872	87342.0947	-28283.1058	765305.0947	3503879.8942	9727542.5896	6.2341e-15
873	87438.1317	-28310.9785	765401.1317	3503852.0215	9727542.5896	5.9184e-15
874	87534.1687	-28338.8512	765497.1687	3503824.1488	9727542.5896	5.6186e-15
875	87630.2057	-28366.7240	765593.2057	3503796.2760	9727542.5896	5.3340e-15
876	87726.2428	-28394.5967	765689.2428	3503768.4033	9727542.5896	5.0639e-15
877	87822.2798	-28422.4694	765785.2798	3503740.5306	9727542.5896	4.8074e-15
878	87918.3168	-28450.3421	765881.3168	3503712.6579	9727542.5896	4.5639e-15
879	88014.3539	-28478.2149	765977.3539	3503684.7851	9727542.5896	4.3328e-15
880	88110.3909	-28506.0876	766073.3909	3503656.9124	9727542.5896	4.1134e-15
881	88206.4279	-28533.9603	766169.4279	3503629.0397	9727542.5896	3.9050e-15
882	88302.4650	-28561.8331	766265.4650	3503601.1669	9727542.5896	3.7073e-15
883	88398.5020	-28589.7058	766361.5020	3503573.2942	9727542.5896	3.5195e-15
884	88494.5390	-28617.5785	766457.5390	3503545.4215	9727542.5896	3.3413e-15
885	88590.5760	-28645.4513	766553.5760	3503517.5487	9727542.5896	3.1721e-15
886	88686.6131	-28673.3240	766649.6131	3503489.6760	9727542.5896	3.0115e-15
887	88782.6501	-28701.1967	766745.6501	3503461.8033	9727542.5896	2.8590e-15
888	88878.6871	-28729.0694	766841.6871	3503433.9306	9727542.5896	2.7142e-15
889	88974.7242	-28756.9422	766937.7242	3503406.0578	9727542.5896	2.5767e-15
890	89070.7612	-28784.8149	767033.7612	3503378.1851	9727542.5896	2.4462e-15
891	89166.7982	-28812.6876	767129.7982	3503350.3124	9727542.5896	2.3224e-15
892	89262.8352	-28840.5604	767225.8352	3503322.4396	9727542.5896	2.2048e-15
893	89358.8723	-28868.4331	767321.8723	3503294.5669	9727542.5896	2.0931e-15
894	89454.9093	-28896.3058	767417.9093	3503266.6942	9727542.5896	1.9871e-15
895	89550.9463	-28924.1785	767513.9463	3503238.8215	9727542.5896	1.8865e-15
896	89646.9834	-28952.0513	767609.9834	3503210.9487	9727542.5896	1.7910e-15
897	89743.0204	-28979.9240	767706.0204	3503183.0760	9727542.5896	1.7003e-15
898	89839.0574	-29007.7967	767802.0574	3503155.2033	9727542.5896	1.6142e-15
899	89935.0944	-29035.6695	767898.0944	3503127.3305	9727542.5896	1.5325e-15
900	90031.1315	-29063.5422	767994.1315	3503099.4578	9727542.5896	1.4549e-15
901	90127.1685	-29091.4149	768090.1685	3503071.5851	9727542.5896	1.3812e-15
902	90223.2055	-29119.2877	768186.2055	3503043.7123	9727542.5896	1.3113e-15
903	90319.2426	-29147.1604	768282.2426	3503015.8396	9727542.5896	1.2449e-15
904	90415.2796	-29175.0331	768378.2796	3502987.9669	9727542.5896	1.1819e-15
905	90511.3166	-29202.9058	768474.3166	3502960.0942	9727542.5896	1.1220e-15
906	90607.3536	-29230.7786	768570.3536	3502932.2214	9727542.5896	1.0652e-15
907	90703.3907	-29258.6513	768666.3907	3502904.3487	9727542.5896	1.0113e-15
908	90799.4277	-29286.5240	768762.4277	3502876.4760	9727542.5896	9.6011e-16
909	90895.4647	-29314.3968	768858.4647	3502848.6032	9727542.5896	9.1150e-16
910	90991.5018	-29342.2695	768954.5018	3502820.7305	9727542.5896	8.6535e-16
911	91087.5388	-29370.1422	769050.5388	3502792.8578	9727542.5896	8.2154e-16
912	91183.5758	-29398.0149	769146.5758	3502764.9851	9727542.5896	7.7995e-16
913	91279.6129	-29425.8877	769242.6129	3502737.1123	9727542.5896	7.4047e-16
914	91375.6499	-29453.7604	769338.6499	3502709.2396	9727542.5896	7.0298e-16
915	91471.6869	-29481.6331	769434.6869	3502681.3669	9727542.5896	6.6740e-16
916	91567.7239	-29509.5059	769530.7239	3502653.4941	9727542.5896	6.3361e-16
917	91663.7610	-29537.3786	769626.7610	3502625.6214	9727542.5896	6.0154e-16
918	91759.7980	-29565.2513	769722.7980	3502597.7487	9727542.5896	5.7109e-16
919	91855.8350	-29593.1241	769818.8350	3502569.8759	9727542.5896	5.4218e-16
920	91951.8721	-29620.9968	769914.8721	3502542.0032	9727542.5896	5.1473e-16
921	92047.9091	-29648.8695	770010.9091	3502514.1305	9727542.5896	4.8868e-16
922	92143.9461	-29676.7422	770106.9461	3502486.2578	9727542.5896	4.6394e-16
923	92239.9831	-29704.6150	770202.9831	3502458.3850	9727542.5896	4.4046e-16
924	92336.0202	-29732.4877	770299.0202	3502430.5123	9727542.5896	4.1816e-16
925	92432.0572	-29760.3604	770395.0572	3502402.6396	9727542.5896	3.9700e-16
926	92528.0942	-29788.2332	770491.0942	3502374.7668	9727542.5896	3.7690e-16
927	92624.1313	-29816.1059	770587.1313	3502346.8941	9727542.5896	3.5782e-16
928	92720.1683	-29843.9786	770683.1683	3502319.0214	9727542.5896	3.3971e-16
929	92816.2053	-29871.8513	770779.2053	3502291.1487	9727542.5896	3.2252e-16
930	92912.2423	-29899.7241	770875.2423	3502263.2759	9727542.5896	3.0619e-16
931	93008.2794	-29927.5968	770971.2794	3502235.4032	9727542.5896	2.9070e-16
932	93104.3164	-29955.4695	771067.3164	3502207.5305	9727542.5896	2.7598e-16
933	93200.3534	-29983.3423	771163.3534	3502179.6577	9727542.5896	2.6201e-16
934	93296.3905	-30011.2150	771259.3905	3502151.7850	9727542.5896	2.4875e-16
935	93392.4275	-30039.0877	771355.4275	3502123.9123	9727542.5896	2.3616e-16
936	93488.4645	-30066.9605	771451.4645	3502096.0395	9727542.5896	2.2421e-16
937	93584.5016	-30094.8332	771547.5016	3502068.1668	9727542.5896	2.1286e-16
938	93680.5386	-30122.7059	771643.5386	3502040.2941	9727542.5896	2.0209e-16
939	93776.5756	-30150.5786	771739.5756	3502012.4214	9727542.5896	1.9186e-16
940	93872.6126	-30178.4514	771835.6126	3501984.5486	9727542.5896	1.8215e-16
941	93968.6497	-30206.3241	771931.6497	3501956.6759	9727542.5896	1.7293e-16
942	94064.6867	-30234.1968	772027.6867	3501928.8032	9727542.5896	1.6418e-16
943	94160.7237	-30262.0696	772123.7237	3501900.9304	9727542.5896	1.5587e-16
944	94256.7608	-30289.9423	772219.7608	3501873.0577	9727542.5896	1.4799e-16
945	94352.7978	-30317.8150	772315.7978	3501845.1850	9727542.5896	1.4050e-16
946	94448.8348	-30345.6877	772411.8348	3501817.3123	9727542.5896	1.3339e-16
947	94544.8718	-30373.5605	772507.8718	3501789.4395	9727542.5896	1.2664e-16
948	94640.9089	-30401.4332	772603.9089	3501761.5668	9727542.5896	1.2023e-16
949	94736.9459	-30429.3059	772699.9459	3501733.6941	9727542.5896	1.1414e-16
950	94832.9829	-30457.1787	772795.9829	3501705.8213	9727542.5896	1.0837e-16
951	94929.0200	-30485.0514	772892.0200	3501677.9486	9727542.5896	1.0288e-16
952	95025.0570	-30512.9241	772988.0570	3501650.0759	9727542.5896	9.7679e-17
953	95121.0940	-30540.7969	773084.0940	3501622.2031	9727542.5896	9.2736e-17
954	95217.1310	-30568.6696	773180.1310	3501594.3304	9727542.5896	8.8044e-17
955	95313.1681	-30596.5423	773276.1681	3501566.4577	9727542.5896	8.3589e-17
956	95409.2051	-30624.4150	773372.2051	3501538.5850	9727542.5896	7.9359e-17
957	95505.2421	-30652.2878	773468.2421	3501510.7122	9727542.5896	7.5343e-17
958	95601.2792	-30680.1605	773564.2792	3501482.8395	9727542.5896	7.1531e-17
959	95697.3162	-30708.0332	773660.3162	3501454.9668	9727542.5896	6.7912e-17
960	95793.3532	-30735.9060	773756.3532	3501427.0940	9727542.5896	6.4476e-17
961	95889.3902	-30763.7787	773852.3902	3501399.2213	9727542.5896	6.1213e-17
962	95985.4273	-30791.6514	773948.4273	3501371.3486	9727542.5896	5.8116e-17
963	96081.4643	-30819.5241	774044.4643	3501343.4759	9727542.5896	5.5176e-17
964	96177.5013	-30847.3969	774140.5013	3501315.6031	9727542.5896	5.2384e-17
965	96273.5384	-30875.2696	774236.5384	3501287.7304	9727542.5896	4.9734e-17
966	96369.5754	-30903.1423	774332.5754	3501259.8577	9727542.5896	4.7217e-17
967	96465.6124	-30931.0151	774428.6124	3501231.9849	9727542.5896	4.4829e-17
968	96561.6495	-30958.8878	774524.6495	3501204.1122	9727542.5896	4.2561e-17
969	96657.6865	-30986.7605	774620.6865	3501176.2395	9727542.5896	4.0407e-17
970	96753.7235	-31014.6333	774716.7235	3501148.3667	9727542.5896	3.8363e-17
971	96849.7605	-31042.5060	774812.7605	3501120.4940	9727542.5896	3.6422e-17
972	96945.7976	-31070.3787	774908.7976	3501092.6213	9727542.5896	3.4579e-17
973	97041.8346	-31098.2514	775004.8346	3501064.7486	9727542.5896	3.2830e-17
974	97137.8716	-31126.1242	775100.8716	3501036.8758	9727542.5896	3.1169e-17
975	97233.9087	-31153.9969	775196.9087	3501009.0031	9727542.5896	2.9592e-17
976	97329.9457	-31181.8696	775292.9457	3500981.1304	9727542.5896	2.8095e-17
977	97425.9827	-31209.7424	775388.9827	3500953.2576	9727542.5896	2.6674e-17
978	97522.0197	-31237.6151	775485.0197	3500925.3849	9727542.5896	2.5325e-17
979	97618.0568	-31265.4878	775581.0568	3500897.5122	9727542.5896	2.4043e-17
980	97714.0938	-31293.3605	775677.0938	3500869.6395	9727542.5896	2.2827e-17
981	97810.1308	-31321.2333	775773.1308	3500841.7667	9727542.5896	2.1672e-17
982	97906.1679	-31349.1060	775869.1679	3500813.8940	9727542.5896	2.0576e-17
983	98002.2049	-31376.9787	775965.2049	3500786.0213	9727542.5896	1.9535e-17
984	98098.2419	-31404.8515	776061.2419	3500758.1485	9727542.5896	1.8547e-17
985	98194.2789	-31432.7242	776157.2789	3500730.2758	9727542.5896	1.7609e-17
986	98290.3160	-31460.5969	776253.3160	3500702.4031	9727542.5896	1.6718e-17
987	98386.3530	-31488.4697	776349.3530	3500674.5303	9727542.5896	1.5872e-17
988	98482.3900	-31516.3424	776445.3900	3500646.6576	9727542.5896	1.5070e-17
989	98578.4271	-31544.2151	776541.4271	3500618.7849	9727542.5896	1.4307e-17
990	98674.4641	-31572.0878	776637.4641	3500590.9122	9727542.5896	1.3584e-17
991	98770.5011	-31599.9606	776733.5011	3500563.0394	9727542.5896	1.2897e-17
992	98866.5381	-31627.8333	776829.5381	3500535.1667	9727542.5896	1.2244e-17
993	98962.5752	-31655.7060	776925.5752	3500507.2940	9727542.5896	1.1625e-17
994	99058.6122	-31683.5788	777021.6122	3500479.4212	9727542.5896	1.1037e-17
995	99154.6492	-31711.4515	777117.6492	3500451.5485	9727542.5896	1.0479e-17
996	99250.6863	-31739.3242	777213.6863	3500423.6758	9727542.5896	9.9487e-18
997	99346.7233	-31767.1969	777309.7233	3500395.8031	9727542.5896	9.4455e-18
998	99442.7603	-31795.0697	777405.7603	3500367.9303	9727542.5896	8.9678e-18
999	99538.7974	-31822.9424	777501.7974	3500340.0576	9727542.5896	8.5142e-18
