i	x_from_vent	y_from_vent	x_coord	y_coord	sigma_square	mass_released
0	272.6417	-396.1917	678235.6417	3531766.8083	169670.4042	2.3284e+04
1	318.5066	-471.4418	678281.5066	3531691.5582	195135.7515	2.1536e+04
2	372.0960	-560.8592	678335.0960	3531602.1408	235440.4477	1.9921e+04
3	433.2674	-661.3298	678396.2674	3531501.6702	280311.1521	1.8427e+04
4	502.7226	-767.9705	678465.7226	3531395.0295	328881.3205	1.7046e+04
5	580.5308	-878.3998	678543.5308	3531284.6002	383558.1211	1.5768e+04
6	666.0000	-991.2366	678629.0000	3531171.7634	446086.4885	1.4587e+04
7	758.7535	-1105.5364	678721.7535	3531057.4636	517508.6014	1.3495e+04
8	857.8377	-1220.0094	678820.8377	3530942.9906	598048.3775	1.2485e+04
9	962.1168	-1333.4906	678925.1168	3530829.5094	686883.0371	1.1551e+04
10	1070.7297	-1445.1691	679033.7297	3530717.8309	783690.4281	1.0687e+04
11	1183.5674	-1554.5441	679146.5674	3530608.4559	888472.3914	9.8882e+03
12	1300.5657	-1661.2278	679263.5657	3530501.7722	1001130.4876	9.1492e+03
13	1420.8221	-1765.3360	679383.8221	3530397.6640	1121501.5448	8.4657e+03
14	1544.0190	-1866.7870	679507.0190	3530296.2130	1249353.1674	7.8335e+03
15	1670.3522	-1965.2091	679633.3522	3530197.7909	1384396.9897	7.2488e+03
16	1799.7345	-2060.3541	679762.7345	3530102.6459	1526310.3070	6.7078e+03
17	1931.2065	-2152.6506	679894.2065	3530010.3494	1674753.5477	6.2075e+03
18	2064.8343	-2241.8829	680027.8343	3529921.1171	1829346.7954	5.7446e+03
19	2201.0214	-2327.4824	680164.0214	3529835.5176	1989684.7359	5.3163e+03
20	2338.5252	-2410.2762	680301.5252	3529752.7238	2155373.5578	4.9202e+03
21	2477.8324	-2489.7027	680440.8324	3529673.2973	2325979.3665	4.5537e+03
22	2618.6905	-2566.0344	680581.6905	3529596.9656	2501072.4444	4.2146e+03
23	2760.1437	-2640.0301	680723.1437	3529522.9699	2677073.1553	3.9008e+03
24	2902.9970	-2712.1349	680865.9970	3529450.8651	2859242.7060	3.6105e+03
25	3045.6230	-2783.1019	681008.6230	3529379.8981	3044125.0975	3.3419e+03
26	3189.0346	-2852.7603	681152.0346	3529310.2397	3231211.9373	3.0934e+03
27	3332.2732	-2921.2429	681295.2732	3529241.7571	3420052.4492	2.8634e+03
28	3475.9004	-2988.4317	681438.9004	3529174.5683	3610192.4637	2.6506e+03
29	3619.2859	-3054.4295	681582.2859	3529108.5705	3801221.9600	2.4537e+03
30	3762.8710	-3119.1340	681725.8710	3529043.8660	3992734.6141	2.2715e+03
31	3905.9786	-3182.6876	681868.9786	3528980.3124	4184365.6656	2.1028e+03
32	4049.2909	-3244.9161	682012.2909	3528918.0839	4375746.9823	1.9467e+03
33	4191.7321	-3306.1006	682154.7321	3528856.8994	4566561.4523	1.8023e+03
34	4334.5639	-3365.8801	682297.5639	3528797.1199	4756468.6643	1.6686e+03
35	4476.4151	-3424.6597	682439.4151	3528738.3403	4945192.8539	1.5449e+03
36	4618.1442	-3482.1709	682581.1442	3528680.8291	5132434.4190	1.4303e+03
37	4759.2814	-3538.5735	682722.2814	3528624.4265	5318110.1880	1.3243e+03
38	4899.5226	-3593.9671	682862.5226	3528569.0329	5502719.6885	1.2262e+03
39	5039.7560	-3648.0408	683002.7560	3528514.9592	5686036.0419	1.1354e+03
40	5178.9046	-3701.1826	683141.9046	3528461.8174	5867791.2334	1.0513e+03
41	5317.3241	-3753.2616	683280.3241	3528409.7384	6047705.8235	9.7350e+02
42	5455.3339	-3804.1621	683418.3339	3528358.8379	6225515.1171	9.0146e+02
43	5592.2087	-3854.1742	683555.2087	3528308.8258	6400987.0269	8.3477e+02
44	5728.2137	-3903.1963	683691.2137	3528259.8037	6573884.0095	7.7303e+02
45	5863.7436	-3951.0727	683826.7436	3528211.9273	6743978.2730	7.1588e+02
46	5998.0982	-3998.1096	683961.0982	3528164.8904	6911073.8604	6.6296e+02
47	6131.2764	-4044.3192	684094.2764	3528118.6808	7074972.8278	6.1397e+02
48	6263.9801	-4089.3941	684226.9801	3528073.6059	7235474.5065	5.6862e+02
49	6395.5968	-4133.6258	684358.5968	3528029.3742	7392412.7601	5.2662e+02
50	6526.0045	-4177.0824	684489.0045	3527985.9176	7545621.7264	4.8774e+02
51	6655.2036	-4219.7771	684618.2036	3527943.2229	7694942.2850	4.5174e+02
52	6783.8613	-4261.4414	684746.8613	3527901.5586	7840212.1866	4.1840e+02
53	6911.3466	-4302.3553	684874.3466	3527860.6447	7972310.8091	3.8753e+02
54	7037.5587	-4342.5683	685000.5587	3527820.4317	8109516.3885	3.5895e+02
55	7162.4403	-4382.0801	685125.4403	3527780.9199	8242552.2357	3.3248e+02
56	7286.0245	-4420.8537	685249.0245	3527742.1463	8370946.6207	3.0797e+02
57	7408.6902	-4458.7253	685371.6902	3527704.2747	8494246.3499	2.8527e+02
58	7529.8388	-4495.9019	685492.8388	3527667.0981	8612041.3589	2.6426e+02
59	7649.4266	-4532.3845	685612.4266	3527630.6155	8723938.1361	2.4479e+02
60	7767.4134	-4568.1752	685730.4134	3527594.8248	8829570.3092	2.2676e+02
61	7883.7619	-4603.2775	685846.7619	3527559.7225	8928599.2640	2.1007e+02
62	7998.4377	-4637.6961	685961.4377	3527525.3039	9020714.6649	1.9461e+02
63	8108.4851	-4670.5153	686071.4851	3527492.4847	9105440.3674	1.8029e+02
64	8211.8539	-4701.1052	686174.8539	3527461.8948	9182389.3416	1.6702e+02
65	8314.4077	-4731.3293	686277.4077	3527431.6707	9251730.1392	1.5474e+02
66	8416.1255	-4761.1974	686379.1255	3527401.8026	9313269.2029	1.4336e+02
67	8516.9874	-4790.7195	686479.9874	3527372.2805	9366842.5079	1.3282e+02
68	8616.9748	-4819.9064	686579.9748	3527343.0936	9412315.6213	1.2306e+02
69	8716.0702	-4848.7689	686679.0702	3527314.2311	9449583.7023	1.1401e+02
70	8814.2570	-4877.3184	686777.2570	3527285.6816	9478571.4474	1.0564e+02
71	8911.5200	-4905.5666	686874.5200	3527257.4334	9499232.9835	9.7880e+01
72	9007.8631	-4933.5308	686970.8631	3527229.4692	9510692.8691	9.0692e+01
73	9103.9001	-4961.4035	687066.9001	3527201.5965	9510692.8691	8.4034e+01
74	9199.9372	-4989.2763	687162.9372	3527173.7237	9510692.8691	7.7866e+01
75	9295.9742	-5017.1490	687258.9742	3527145.8510	9510692.8691	7.2152e+01
76	9392.0112	-5045.0217	687355.0112	3527117.9783	9510692.8691	6.6859e+01
77	9488.0482	-5072.8945	687451.0482	3527090.1055	9510692.8691	6.1955e+01
78	9584.0853	-5100.7672	687547.0853	3527062.2328	9510692.8691	5.7411e+01
79	9680.1223	-5128.6399	687643.1223	3527034.3601	9510692.8691	5.3202e+01
80	9776.1593	-5156.5127	687739.1593	3527006.4873	9510692.8691	4.9302e+01
81	9872.1964	-5184.3854	687835.1964	3526978.6146	9510692.8691	4.5689e+01
82	9968.2334	-5212.2581	687931.2334	3526950.7419	9510692.8691	4.2342e+01
83	10064.2704	-5240.1308	688027.2704	3526922.8692	9510692.8691	3.9240e+01
84	10160.3075	-5268.0036	688123.3075	3526894.9964	9510692.8691	3.6366e+01
85	10256.3445	-5295.8763	688219.3445	3526867.1237	9510692.8691	3.3703e+01
86	10352.3815	-5323.7490	688315.3815	3526839.2510	9510692.8691	3.1236e+01
87	10448.4185	-5351.6218	688411.4185	3526811.3782	9510692.8691	2.8949e+01
88	10544.4556	-5379.4945	688507.4556	3526783.5055	9510692.8691	2.6831e+01
89	10640.4926	-5407.3672	688603.4926	3526755.6328	9510692.8691	2.4868e+01
90	10736.5296	-5435.2400	688699.5296	3526727.7600	9510692.8691	2.3049e+01
91	10832.5667	-5463.1127	688795.5667	3526699.8873	9510692.8691	2.1363e+01
92	10928.6037	-5490.9854	688891.6037	3526672.0146	9510692.8691	1.9801e+01
93	11024.6407	-5518.8581	688987.6407	3526644.1419	9510692.8691	1.8353e+01
94	11120.6777	-5546.7309	689083.6777	3526616.2691	9510692.8691	1.7012e+01
95	11216.7148	-5574.6036	689179.7148	3526588.3964	9510692.8691	1.5769e+01
96	11312.7518	-5602.4763	689275.7518	3526560.5237	9510692.8691	1.4617e+01
97	11408.7888	-5630.3491	689371.7888	3526532.6509	9510692.8691	1.3549e+01
98	11504.8259	-5658.2218	689467.8259	3526504.7782	9510692.8691	1.2559e+01
99	11600.8629	-5686.0945	689563.8629	3526476.9055	9510692.8691	1.1642e+01
100	11696.8999	-5713.9672	689659.8999	3526449.0328	9510692.8691	1.0792e+01
101	11792.9369	-5741.8400	689755.9369	3526421.1600	9510692.8691	1.0004e+01
102	11888.9740	-5769.7127	689851.9740	3526393.2873	9510692.8691	9.2742e+00
103	11985.0110	-5797.5854	689948.0110	3526365.4146	9510692.8691	8.5975e+00
104	12081.0480	-5825.4582	690044.0480	3526337.5418	9510692.8691	7.9702e+00
105	12177.0851	-5853.3309	690140.0851	3526309.6691	9510692.8691	7.3889e+00
106	12273.1221	-5881.2036	690236.1221	3526281.7964	9510692.8691	6.8500e+00
107	12369.1591	-5909.0764	690332.1591	3526253.9236	9510692.8691	6.3505e+00
108	12465.1961	-5936.9491	690428.1961	3526226.0509	9510692.8691	5.8875e+00
109	12561.2332	-5964.8218	690524.2332	3526198.1782	9510692.8691	5.4584e+00
110	12657.2702	-5992.6945	690620.2702	3526170.3055	9510692.8691	5.0606e+00
111	12753.3072	-6020.5673	690716.3072	3526142.4327	9510692.8691	4.6918e+00
112	12849.3443	-6048.4400	690812.3443	3526114.5600	9510692.8691	4.3500e+00
113	12945.3813	-6076.3127	690908.3813	3526086.6873	9510692.8691	4.0331e+00
114	13041.4183	-6104.1855	691004.4183	3526058.8145	9510692.8691	3.7394e+00
115	13137.4554	-6132.0582	691100.4554	3526030.9418	9510692.8691	3.4671e+00
116	13233.4924	-6159.9309	691196.4924	3526003.0691	9510692.8691	3.2147e+00
117	13329.5294	-6187.8036	691292.5294	3525975.1964	9510692.8691	2.9806e+00
118	13425.5664	-6215.6764	691388.5664	3525947.3236	9510692.8691	2.7637e+00
119	13521.6035	-6243.5491	691484.6035	3525919.4509	9510692.8691	2.5626e+00
120	13617.6405	-6271.4218	691580.6405	3525891.5782	9510692.8691	2.3761e+00
121	13713.6775	-6299.2946	691676.6775	3525863.7054	9510692.8691	2.2033e+00
122	13809.7146	-6327.1673	691772.7146	3525835.8327	9510692.8691	2.0430e+00
123	13905.7516	-6355.0400	691868.7516	3525807.9600	9510692.8691	1.8944e+00
124	14001.7886	-6382.9128	691964.7886	3525780.0872	9510692.8691	1.7567e+00
125	14097.8256	-6410.7855	692060.8256	3525752.2145	9510692.8691	1.6290e+00
126	14193.8627	-6438.6582	692156.8627	3525724.3418	9510692.8691	1.5106e+00
127	14289.8997	-6466.5309	692252.8997	3525696.4691	9510692.8691	1.4008e+00
128	14385.9367	-6494.4037	692348.9367	3525668.5963	9510692.8691	1.2990e+00
129	14481.9738	-6522.2764	692444.9738	3525640.7236	9510692.8691	1.2046e+00
130	14578.0108	-6550.1491	692541.0108	3525612.8509	9510692.8691	1.1171e+00
131	14674.0478	-6578.0219	692637.0478	3525584.9781	9510692.8691	1.0359e+00
132	14770.0848	-6605.8946	692733.0848	3525557.1054	9510692.8691	9.6071e-01
133	14866.1219	-6633.7673	692829.1219	3525529.2327	9510692.8691	8.9095e-01
134	14962.1589	-6661.6400	692925.1589	3525501.3600	9510692.8691	8.2626e-01
135	15058.1959	-6689.5128	693021.1959	3525473.4872	9510692.8691	7.6628e-01
136	15154.2330	-6717.3855	693117.2330	3525445.6145	9510692.8691	7.1066e-01
137	15250.2700	-6745.2582	693213.2700	3525417.7418	9510692.8691	6.5909e-01
138	15346.3070	-6773.1310	693309.3070	3525389.8690	9510692.8691	6.1126e-01
139	15442.3440	-6801.0037	693405.3440	3525361.9963	9510692.8691	5.6691e-01
140	15538.3811	-6828.8764	693501.3811	3525334.1236	9510692.8691	5.2579e-01
141	15634.4181	-6856.7492	693597.4181	3525306.2508	9510692.8691	4.8765e-01
142	15730.4551	-6884.6219	693693.4551	3525278.3781	9510692.8691	4.5228e-01
143	15826.4922	-6912.4946	693789.4922	3525250.5054	9510692.8691	4.1949e-01
144	15922.5292	-6940.3673	693885.5292	3525222.6327	9510692.8691	3.8907e-01
145	16018.5662	-6968.2401	693981.5662	3525194.7599	9510692.8691	3.6087e-01
146	16114.6033	-6996.1128	694077.6033	3525166.8872	9510692.8691	3.3471e-01
147	16210.6403	-7023.9855	694173.6403	3525139.0145	9510692.8691	3.1045e-01
148	16306.6773	-7051.8583	694269.6773	3525111.1417	9510692.8691	2.8796e-01
149	16402.7143	-7079.7310	694365.7143	3525083.2690	9510692.8691	2.6709e-01
150	16498.7514	-7107.6037	694461.7514	3525055.3963	9510692.8691	2.4774e-01
151	16594.7884	-7135.4764	694557.7884	3525027.5236	9510692.8691	2.2980e-01
152	16690.8254	-7163.3492	694653.8254	3524999.6508	9510692.8691	2.1315e-01
153	16786.8625	-7191.2219	694749.8625	3524971.7781	9510692.8691	1.9772e-01
154	16882.8995	-7219.0946	694845.8995	3524943.9054	9510692.8691	1.8340e-01
155	16978.9365	-7246.9674	694941.9365	3524916.0326	9510692.8691	1.7012e-01
156	17074.9735	-7274.8401	695037.9735	3524888.1599	9510692.8691	1.5781e-01
157	17171.0106	-7302.7128	695134.0106	3524860.2872	9510692.8691	1.4639e-01
158	17267.0476	-7330.5856	695230.0476	3524832.4144	9510692.8691	1.3579e-01
159	17363.0846	-7358.4583	695326.0846	3524804.5417	9510692.8691	1.2597e-01
160	17459.1217	-7386.3310	695422.1217	3524776.6690	9510692.8691	1.1685e-01
161	17555.1587	-7414.2037	695518.1587	3524748.7963	9510692.8691	1.0840e-01
162	17651.1957	-7442.0765	695614.1957	3524720.9235	9510692.8691	1.0056e-01
163	17747.2327	-7469.9492	695710.2327	3524693.0508	9510692.8691	9.3284e-02
164	17843.2698	-7497.8219	695806.2698	3524665.1781	9510692.8691	8.6538e-02
165	17939.3068	-7525.6947	695902.3068	3524637.3053	9510692.8691	8.0280e-02
166	18035.3438	-7553.5674	695998.3438	3524609.4326	9510692.8691	7.4476e-02
167	18131.3809	-7581.4401	696094.3809	3524581.5599	9510692.8691	6.9092e-02
168	18227.4179	-7609.3128	696190.4179	3524553.6872	9510692.8691	6.4097e-02
169	18323.4549	-7637.1856	696286.4549	3524525.8144	9510692.8691	5.9464e-02
170	18419.4920	-7665.0583	696382.4920	3524497.9417	9510692.8691	5.5167e-02
171	18515.5290	-7692.9310	696478.5290	3524470.0690	9510692.8691	5.1181e-02
172	18611.5660	-7720.8038	696574.5660	3524442.1962	9510692.8691	4.7483e-02
173	18707.6030	-7748.6765	696670.6030	3524414.3235	9510692.8691	4.4052e-02
174	18803.6401	-7776.5492	696766.6401	3524386.4508	9510692.8691	4.0870e-02
175	18899.6771	-7804.4220	696862.6771	3524358.5780	9510692.8691	3.7918e-02
176	18995.7141	-7832.2947	696958.7141	3524330.7053	9510692.8691	3.5180e-02
177	19091.7512	-7860.1674	697054.7512	3524302.8326	9510692.8691	3.2639e-02
178	19187.7882	-7888.0401	697150.7882	3524274.9599	9510692.8691	3.0283e-02
179	19283.8252	-7915.9129	697246.8252	3524247.0871	9510692.8691	2.8096e-02
180	19379.8622	-7943.7856	697342.8622	3524219.2144	9510692.8691	2.6068e-02
181	19475.8993	-7971.6583	697438.8993	3524191.3417	9510692.8691	2.4187e-02
182	19571.9363	-7999.5311	697534.9363	3524163.4689	9510692.8691	2.2441e-02
183	19667.9733	-8027.4038	697630.9733	3524135.5962	9510692.8691	2.0821e-02
184	19764.0104	-8055.2765	697727.0104	3524107.7235	9510692.8691	1.9319e-02
185	19860.0474	-8083.1492	697823.0474	3524079.8508	9510692.8691	1.7925e-02
186	19956.0844	-8111.0220	697919.0844	3524051.9780	9510692.8691	1.6632e-02
187	20052.1214	-8138.8947	698015.1214	3524024.1053	9510692.8691	1.5432e-02
188	20148.1585	-8166.7674	698111.1585	3523996.2326	9510692.8691	1.4319e-02
189	20244.1955	-8194.6402	698207.1955	3523968.3598	9510692.8691	1.3286e-02
190	20340.2325	-8222.5129	698303.2325	3523940.4871	9510692.8691	1.2328e-02
191	20436.2696	-8250.3856	698399.2696	3523912.6144	9510692.8691	1.1439e-02
192	20532.3066	-8278.2584	698495.3066	3523884.7416	9510692.8691	1.0615e-02
193	20628.3436	-8306.1311	698591.3436	3523856.8689	9510692.8691	9.8493e-03
194	20724.3806	-8334.0038	698687.3806	3523828.9962	9510692.8691	9.1394e-03
195	20820.4177	-8361.8765	698783.4177	3523801.1235	9510692.8691	8.4806e-03
196	20916.4547	-8389.7493	698879.4547	3523773.2507	9510692.8691	7.8694e-03
197	21012.4917	-8417.6220	698975.4917	3523745.3780	9510692.8691	7.3023e-03
198	21108.5288	-8445.4947	699071.5288	3523717.5053	9510692.8691	6.7761e-03
199	21204.5658	-8473.3675	699167.5658	3523689.6325	9510692.8691	6.2879e-03
200	21300.6028	-8501.2402	699263.6028	3523661.7598	9510692.8691	5.8349e-03
201	21396.6399	-8529.1129	699359.6399	3523633.8871	9510692.8691	5.4146e-03
202	21492.6769	-8556.9856	699455.6769	3523606.0144	9510692.8691	5.0246e-03
203	21588.7139	-8584.8584	699551.7139	3523578.1416	9510692.8691	4.6627e-03
204	21684.7509	-8612.7311	699647.7509	3523550.2689	9510692.8691	4.3269e-03
205	21780.7880	-8640.6038	699743.7880	3523522.3962	9510692.8691	4.0153e-03
206	21876.8250	-8668.4766	699839.8250	3523494.5234	9510692.8691	3.7262e-03
207	21972.8620	-8696.3493	699935.8620	3523466.6507	9510692.8691	3.4580e-03
208	22068.8991	-8724.2220	700031.8991	3523438.7780	9510692.8691	3.2090e-03
209	22164.9361	-8752.0948	700127.9361	3523410.9052	9510692.8691	2.9780e-03
210	22260.9731	-8779.9675	700223.9731	3523383.0325	9510692.8691	2.7637e-03
211	22357.0101	-8807.8402	700320.0101	3523355.1598	9510692.8691	2.5648e-03
212	22453.0472	-8835.7129	700416.0472	3523327.2871	9510692.8691	2.3802e-03
213	22549.0842	-8863.5857	700512.0842	3523299.4143	9510692.8691	2.2089e-03
214	22645.1212	-8891.4584	700608.1212	3523271.5416	9510692.8691	2.0500e-03
215	22741.1583	-8919.3311	700704.1583	3523243.6689	9510692.8691	1.9025e-03
216	22837.1953	-8947.2039	700800.1953	3523215.7961	9510692.8691	1.7656e-03
217	22933.2323	-8975.0766	700896.2323	3523187.9234	9510692.8691	1.6386e-03
218	23029.2693	-9002.9493	700992.2693	3523160.0507	9510692.8691	1.5208e-03
219	23125.3064	-9030.8220	701088.3064	3523132.1780	9510692.8691	1.4114e-03
220	23221.3434	-9058.6948	701184.3434	3523104.3052	9510692.8691	1.3099e-03
221	23317.3804	-9086.5675	701280.3804	3523076.4325	9510692.8691	1.2157e-03
222	23413.4175	-9114.4402	701376.4175	3523048.5598	9510692.8691	1.1283e-03
223	23509.4545	-9142.3130	701472.4545	3523020.6870	9510692.8691	1.0472e-03
224	23605.4915	-9170.1857	701568.4915	3522992.8143	9510692.8691	9.7190e-04
225	23701.5285	-9198.0584	701664.5285	3522964.9416	9510692.8691	9.0204e-04
226	23797.5656	-9225.9312	701760.5656	3522937.0688	9510692.8691	8.3720e-04
227	23893.6026	-9253.8039	701856.6026	3522909.1961	9510692.8691	7.7703e-04
228	23989.6396	-9281.6766	701952.6396	3522881.3234	9510692.8691	7.2119e-04
229	24085.6767	-9309.5493	702048.6767	3522853.4507	9510692.8691	6.6937e-04
230	24181.7137	-9337.4221	702144.7137	3522825.5779	9510692.8691	6.2127e-04
231	24277.7507	-9365.2948	702240.7507	3522797.7052	9510692.8691	5.7663e-04
232	24373.7878	-9393.1675	702336.7878	3522769.8325	9510692.8691	5.3521e-04
233	24469.8248	-9421.0403	702432.8248	3522741.9597	9510692.8691	4.9676e-04
234	24565.8618	-9448.9130	702528.8618	3522714.0870	9510692.8691	4.6108e-04
235	24661.8988	-9476.7857	702624.8988	3522686.2143	9510692.8691	4.2796e-04
236	24757.9359	-9504.6584	702720.9359	3522658.3416	9510692.8691	3.9722e-04
237	24853.9729	-9532.5312	702816.9729	3522630.4688	9510692.8691	3.6870e-04
238	24950.0099	-9560.4039	702913.0099	3522602.5961	9510692.8691	3.4222e-04
239	25046.0470	-9588.2766	703009.0470	3522574.7234	9510692.8691	3.1765e-04
240	25142.0840	-9616.1494	703105.0840	3522546.8506	9510692.8691	2.9484e-04
241	25238.1210	-9644.0221	703201.1210	3522518.9779	9510692.8691	2.7367e-04
242	25334.1580	-9671.8948	703297.1580	3522491.1052	9510692.8691	2.5403e-04
243	25430.1951	-9699.7676	703393.1951	3522463.2324	9510692.8691	2.3579e-04
244	25526.2321	-9727.6403	703489.2321	3522435.3597	9510692.8691	2.1887e-04
245	25622.2691	-9755.5130	703585.2691	3522407.4870	9510692.8691	2.0316e-04
246	25718.3062	-9783.3857	703681.3062	3522379.6143	9510692.8691	1.8858e-04
247	25814.3432	-9811.2585	703777.3432	3522351.7415	9510692.8691	1.7505e-04
248	25910.3802	-9839.1312	703873.3802	3522323.8688	9510692.8691	1.6249e-04
249	26006.4172	-9867.0039	703969.4172	3522295.9961	9510692.8691	1.5083e-04
250	26102.4543	-9894.8767	704065.4543	3522268.1233	9510692.8691	1.4001e-04
251	26198.4913	-9922.7494	704161.4913	3522240.2506	9510692.8691	1.2996e-04
252	26294.5283	-9950.6221	704257.5283	3522212.3779	9510692.8691	1.2064e-04
253	26390.5654	-9978.4948	704353.5654	3522184.5052	9510692.8691	1.1199e-04
254	26486.6024	-10006.3676	704449.6024	3522156.6324	9510692.8691	1.0395e-04
255	26582.6394	-10034.2403	704545.6394	3522128.7597	9510692.8691	9.6499e-05
256	26678.6765	-10062.1130	704641.6765	3522100.8870	9510692.8691	8.9579e-05
257	26774.7135	-10089.9858	704737.7135	3522073.0142	9510692.8691	8.3155e-05
258	26870.7505	-10117.8585	704833.7505	3522045.1415	9510692.8691	7.7192e-05
259	26966.7875	-10145.7312	704929.7875	3522017.2688	9510692.8691	7.1658e-05
260	27062.8246	-10173.6040	705025.8246	3521989.3960	9510692.8691	6.6520e-05
261	27158.8616	-10201.4767	705121.8616	3521961.5233	9510692.8691	6.1751e-05
262	27254.8986	-10229.3494	705217.8986	3521933.6506	9510692.8691	5.7325e-05
263	27350.9357	-10257.2221	705313.9357	3521905.7779	9510692.8691	5.3216e-05
264	27446.9727	-10285.0949	705409.9727	3521877.9051	9510692.8691	4.9401e-05
265	27543.0097	-10312.9676	705506.0097	3521850.0324	9510692.8691	4.5861e-05
266	27639.0467	-10340.8403	705602.0467	3521822.1597	9510692.8691	4.2574e-05
267	27735.0838	-10368.7131	705698.0838	3521794.2869	9510692.8691	3.9523e-05
268	27831.1208	-10396.5858	705794.1208	3521766.4142	9510692.8691	3.6691e-05
269	27927.1578	-10424.4585	705890.1578	3521738.5415	9510692.8691	3.4062e-05
270	28023.1949	-10452.3312	705986.1949	3521710.6688	9510692.8691	3.1622e-05
271	28119.2319	-10480.2040	706082.2319	3521682.7960	9510692.8691	2.9356e-05
272	28215.2689	-10508.0767	706178.2689	3521654.9233	9510692.8691	2.7253e-05
273	28311.3059	-10535.9494	706274.3059	3521627.0506	9510692.8691	2.5301e-05
274	28407.3430	-10563.8222	706370.3430	3521599.1778	9510692.8691	2.3489e-05
275	28503.3800	-10591.6949	706466.3800	3521571.3051	9510692.8691	2.1806e-05
276	28599.4170	-10619.5676	706562.4170	3521543.4324	9510692.8691	2.0245e-05
277	28695.4541	-10647.4404	706658.4541	3521515.5596	9510692.8691	1.8795e-05
278	28791.4911	-10675.3131	706754.4911	3521487.6869	9510692.8691	1.7449e-05
279	28887.5281	-10703.1858	706850.5281	3521459.8142	9510692.8691	1.6199e-05
280	28983.5651	-10731.0585	706946.5651	3521431.9415	9510692.8691	1.5040e-05
281	29079.6022	-10758.9313	707042.6022	3521404.0687	9510692.8691	1.3963e-05
282	29175.6392	-10786.8040	707138.6392	3521376.1960	9510692.8691	1.2963e-05
283	29271.6762	-10814.6767	707234.6762	3521348.3233	9510692.8691	1.2035e-05
284	29367.7133	-10842.5495	707330.7133	3521320.4505	9510692.8691	1.1174e-05
285	29463.7503	-10870.4222	707426.7503	3521292.5778	9510692.8691	1.0374e-05
286	29559.7873	-10898.2949	707522.7873	3521264.7051	9510692.8691	9.6313e-06
287	29655.8244	-10926.1676	707618.8244	3521236.8324	9510692.8691	8.9419e-06
288	29751.8614	-10954.0404	707714.8614	3521208.9596	9510692.8691	8.3020e-06
289	29847.8984	-10981.9131	707810.8984	3521181.0869	9510692.8691	7.7079e-06
290	29943.9354	-11009.7858	707906.9354	3521153.2142	9510692.8691	7.1563e-06
291	30039.9725	-11037.6586	708002.9725	3521125.3414	9510692.8691	6.6442e-06
292	30136.0095	-11065.5313	708099.0095	3521097.4687	9510692.8691	6.1688e-06
293	30232.0465	-11093.4040	708195.0465	3521069.5960	9510692.8691	5.7275e-06
294	30328.0836	-11121.2768	708291.0836	3521041.7232	9510692.8691	5.3177e-06
295	30424.1206	-11149.1495	708387.1206	3521013.8505	9510692.8691	4.9373e-06
296	30520.1576	-11177.0222	708483.1576	3520985.9778	9510692.8691	4.5841e-06
297	30616.1946	-11204.8949	708579.1946	3520958.1051	9510692.8691	4.2562e-06
298	30712.2317	-11232.7677	708675.2317	3520930.2323	9510692.8691	3.9518e-06
299	30808.2687	-11260.6404	708771.2687	3520902.3596	9510692.8691	3.6692e-06
300	30904.3057	-11288.5131	708867.3057	3520874.4869	9510692.8691	3.4067e-06
301	31000.3428	-11316.3859	708963.3428	3520846.6141	9510692.8691	3.1631e-06
302	31096.3798	-11344.2586	709059.3798	3520818.7414	9510692.8691	2.9369e-06
303	31192.4168	-11372.1313	709155.4168	3520790.8687	9510692.8691	2.7269e-06
304	31288.4538	-11400.0040	709251.4538	3520762.9960	9510692.8691	2.5319e-06
305	31384.4909	-11427.8768	709347.4909	3520735.1232	9510692.8691	2.3509e-06
306	31480.5279	-11455.7495	709443.5279	3520707.2505	9510692.8691	2.1828e-06
307	31576.5649	-11483.6222	709539.5649	3520679.3778	9510692.8691	2.0268e-06
308	31672.6020	-11511.4950	709635.6020	3520651.5050	9510692.8691	1.8819e-06
309	31768.6390	-11539.3677	709731.6390	3520623.6323	9510692.8691	1.7474e-06
310	31864.6760	-11567.2404	709827.6760	3520595.7596	9510692.8691	1.6225e-06
311	31960.7131	-11595.1132	709923.7131	3520567.8868	9510692.8691	1.5065e-06
312	32056.7501	-11622.9859	710019.7501	3520540.0141	9510692.8691	1.3988e-06
313	32152.7871	-11650.8586	710115.7871	3520512.1414	9510692.8691	1.2989e-06
314	32248.8241	-11678.7313	710211.8241	3520484.2687	9510692.8691	1.2060e-06
315	32344.8612	-11706.6041	710307.8612	3520456.3959	9510692.8691	1.1199e-06
316	32440.8982	-11734.4768	710403.8982	3520428.5232	9510692.8691	1.0398e-06
317	32536.9352	-11762.3495	710499.9352	3520400.6505	9510692.8691	9.6554e-07
318	32632.9723	-11790.2223	710595.9723	3520372.7777	9510692.8691	8.9655e-07
319	32729.0093	-11818.0950	710692.0093	3520344.9050	9510692.8691	8.3250e-07
320	32825.0463	-11845.9677	710788.0463	3520317.0323	9510692.8691	7.7302e-07
321	32921.0833	-11873.8405	710884.0833	3520289.1595	9510692.8691	7.1780e-07
322	33017.1204	-11901.7132	710980.1204	3520261.2868	9510692.8691	6.6652e-07
323	33113.1574	-11929.5859	711076.1574	3520233.4141	9510692.8691	6.1891e-07
324	33209.1944	-11957.4586	711172.1944	3520205.5414	9510692.8691	5.7471e-07
325	33305.2315	-11985.3314	711268.2315	3520177.6686	9510692.8691	5.3366e-07
326	33401.2685	-12013.2041	711364.2685	3520149.7959	9510692.8691	4.9555e-07
327	33497.3055	-12041.0768	711460.3055	3520121.9232	9510692.8691	4.6016e-07
328	33593.3425	-12068.9496	711556.3425	3520094.0504	9510692.8691	4.2729e-07
329	33689.3796	-12096.8223	711652.3796	3520066.1777	9510692.8691	3.9678e-07
330	33785.4166	-12124.6950	711748.4166	3520038.3050	9510692.8691	3.6845e-07
331	33881.4536	-12152.5677	711844.4536	3520010.4323	9510692.8691	3.4214e-07
332	33977.4907	-12180.4405	711940.4907	3519982.5595	9510692.8691	3.1771e-07
333	34073.5277	-12208.3132	712036.5277	3519954.6868	9510692.8691	2.9503e-07
334	34169.5647	-12236.1859	712132.5647	3519926.8141	9510692.8691	2.7397e-07
335	34265.6017	-12264.0587	712228.6017	3519898.9413	9510692.8691	2.5441e-07
336	34361.6388	-12291.9314	712324.6388	3519871.0686	9510692.8691	2.3625e-07
337	34457.6758	-12319.8041	712420.6758	3519843.1959	9510692.8691	2.1938e-07
338	34553.7128	-12347.6769	712516.7128	3519815.3231	9510692.8691	2.0372e-07
339	34649.7499	-12375.5496	712612.7499	3519787.4504	9510692.8691	1.8918e-07
340	34745.7869	-12403.4223	712708.7869	3519759.5777	9510692.8691	1.7568e-07
341	34841.8239	-12431.2950	712804.8239	3519731.7050	9510692.8691	1.6314e-07
342	34937.8610	-12459.1678	712900.8610	3519703.8322	9510692.8691	1.5150e-07
343	35033.8980	-12487.0405	712996.8980	3519675.9595	9510692.8691	1.4069e-07
344	35129.9350	-12514.9132	713092.9350	3519648.0868	9510692.8691	1.3065e-07
345	35225.9720	-12542.7860	713188.9720	3519620.2140	9510692.8691	1.2133e-07
346	35322.0091	-12570.6587	713285.0091	3519592.3413	9510692.8691	1.1267e-07
347	35418.0461	-12598.5314	713381.0461	3519564.4686	9510692.8691	1.0463e-07
348	35514.0831	-12626.4041	713477.0831	3519536.5959	9510692.8691	9.7166e-08
349	35610.1202	-12654.2769	713573.1202	3519508.7231	9510692.8691	9.0234e-08
350	35706.1572	-12682.1496	713669.1572	3519480.8504	9510692.8691	8.3796e-08
351	35802.1942	-12710.0223	713765.1942	3519452.9777	9510692.8691	7.7819e-08
352	35898.2312	-12737.8951	713861.2312	3519425.1049	9510692.8691	7.2267e-08
353	35994.2683	-12765.7678	713957.2683	3519397.2322	9510692.8691	6.7113e-08
354	36090.3053	-12793.6405	714053.3053	3519369.3595	9510692.8691	6.2326e-08
355	36186.3423	-12821.5133	714149.3423	3519341.4867	9510692.8691	5.7880e-08
356	36282.3794	-12849.3860	714245.3794	3519313.6140	9510692.8691	5.3752e-08
357	36378.4164	-12877.2587	714341.4164	3519285.7413	9510692.8691	4.9919e-08
358	36474.4534	-12905.1314	714437.4534	3519257.8686	9510692.8691	4.6359e-08
359	36570.4904	-12933.0042	714533.4904	3519229.9958	9510692.8691	4.3053e-08
360	36666.5275	-12960.8769	714629.5275	3519202.1231	9510692.8691	3.9983e-08
361	36762.5645	-12988.7496	714725.5645	3519174.2504	9510692.8691	3.7132e-08
362	36858.6015	-13016.6224	714821.6015	3519146.3776	9510692.8691	3.4484e-08
363	36954.6386	-13044.4951	714917.6386	3519118.5049	9510692.8691	3.2025e-08
364	37050.6756	-13072.3678	715013.6756	3519090.6322	9510692.8691	2.9742e-08
365	37146.7126	-13100.2405	715109.7126	3519062.7595	9510692.8691	2.7622e-08
366	37242.7496	-13128.1133	715205.7496	3519034.8867	9510692.8691	2.5653e-08
367	37338.7867	-13155.9860	715301.7867	3519007.0140	9510692.8691	2.3824e-08
368	37434.8237	-13183.8587	715397.8237	3518979.1413	9510692.8691	2.2126e-08
369	37530.8607	-13211.7315	715493.8607	3518951.2685	9510692.8691	2.0548e-08
370	37626.8978	-13239.6042	715589.8978	3518923.3958	9510692.8691	1.9084e-08
371	37722.9348	-13267.4769	715685.9348	3518895.5231	9510692.8691	1.7723e-08
372	37818.9718	-13295.3497	715781.9718	3518867.6503	9510692.8691	1.6460e-08
373	37915.0089	-13323.2224	715878.0089	3518839.7776	9510692.8691	1.5287e-08
374	38011.0459	-13351.0951	715974.0459	3518811.9049	9510692.8691	1.4198e-08
375	38107.0829	-13378.9678	716070.0829	3518784.0322	9510692.8691	1.3186e-08
376	38203.1199	-13406.8406	716166.1199	3518756.1594	9510692.8691	1.2246e-08
377	38299.1570	-13434.7133	716262.1570	3518728.2867	9510692.8691	1.1374e-08
378	38395.1940	-13462.5860	716358.1940	3518700.4140	9510692.8691	1.0563e-08
379	38491.2310	-13490.4588	716454.2310	3518672.5412	9510692.8691	9.8105e-09
380	38587.2681	-13518.3315	716550.2681	3518644.6685	9510692.8691	9.1115e-09
381	38683.3051	-13546.2042	716646.3051	3518616.7958	9510692.8691	8.4623e-09
382	38779.3421	-13574.0769	716742.3421	3518588.9231	9510692.8691	7.8594e-09
383	38875.3791	-13601.9497	716838.3791	3518561.0503	9510692.8691	7.2995e-09
384	38971.4162	-13629.8224	716934.4162	3518533.1776	9510692.8691	6.7794e-09
385	39067.4532	-13657.6951	717030.4532	3518505.3049	9510692.8691	6.2965e-09
386	39163.4902	-13685.5679	717126.4902	3518477.4321	9510692.8691	5.8480e-09
387	39259.5273	-13713.4406	717222.5273	3518449.5594	9510692.8691	5.4314e-09
388	39355.5643	-13741.3133	717318.5643	3518421.6867	9510692.8691	5.0445e-09
389	39451.6013	-13769.1861	717414.6013	3518393.8139	9510692.8691	4.6852e-09
390	39547.6383	-13797.0588	717510.6383	3518365.9412	9510692.8691	4.3515e-09
391	39643.6754	-13824.9315	717606.6754	3518338.0685	9510692.8691	4.0416e-09
392	39739.7124	-13852.8042	717702.7124	3518310.1958	9510692.8691	3.7538e-09
393	39835.7494	-13880.6770	717798.7494	3518282.3230	9510692.8691	3.4864e-09
394	39931.7865	-13908.5497	717894.7865	3518254.4503	9510692.8691	3.2382e-09
395	40027.8235	-13936.4224	717990.8235	3518226.5776	9510692.8691	3.0076e-09
396	40123.8605	-13964.2952	718086.8605	3518198.7048	9510692.8691	2.7934e-09
397	40219.8976	-13992.1679	718182.8976	3518170.8321	9510692.8691	2.5945e-09
398	40315.9346	-14020.0406	718278.9346	3518142.9594	9510692.8691	2.4098e-09
399	40411.9716	-14047.9133	718374.9716	3518115.0867	9510692.8691	2.2382e-09
400	40508.0086	-14075.7861	718471.0086	3518087.2139	9510692.8691	2.0788e-09
401	40604.0457	-14103.6588	718567.0457	3518059.3412	9510692.8691	1.9308e-09
402	40700.0827	-14131.5315	718663.0827	3518031.4685	9510692.8691	1.7934e-09
403	40796.1197	-14159.4043	718759.1197	3518003.5957	9510692.8691	1.6657e-09
404	40892.1568	-14187.2770	718855.1568	3517975.7230	9510692.8691	1.5471e-09
405	40988.1938	-14215.1497	718951.1938	3517947.8503	9510692.8691	1.4370e-09
406	41084.2308	-14243.0225	719047.2308	3517919.9775	9510692.8691	1.3347e-09
407	41180.2678	-14270.8952	719143.2678	3517892.1048	9510692.8691	1.2397e-09
408	41276.3049	-14298.7679	719239.3049	3517864.2321	9510692.8691	1.1515e-09
409	41372.3419	-14326.6406	719335.3419	3517836.3594	9510692.8691	1.0695e-09
410	41468.3789	-14354.5134	719431.3789	3517808.4866	9510692.8691	9.9338e-10
411	41564.4160	-14382.3861	719527.4160	3517780.6139	9510692.8691	9.2268e-10
412	41660.4530	-14410.2588	719623.4530	3517752.7412	9510692.8691	8.5702e-10
413	41756.4900	-14438.1316	719719.4900	3517724.8684	9510692.8691	7.9603e-10
414	41852.5270	-14466.0043	719815.5270	3517696.9957	9510692.8691	7.3938e-10
415	41948.5641	-14493.8770	719911.5641	3517669.1230	9510692.8691	6.8677e-10
416	42044.6011	-14521.7497	720007.6011	3517641.2503	9510692.8691	6.3790e-10
417	42140.6381	-14549.6225	720103.6381	3517613.3775	9510692.8691	5.9251e-10
418	42236.6752	-14577.4952	720199.6752	3517585.5048	9510692.8691	5.5035e-10
419	42332.7122	-14605.3679	720295.7122	3517557.6321	9510692.8691	5.1119e-10
420	42428.7492	-14633.2407	720391.7492	3517529.7593	9510692.8691	4.7482e-10
421	42524.7862	-14661.1134	720487.7862	3517501.8866	9510692.8691	4.4104e-10
422	42620.8233	-14688.9861	720583.8233	3517474.0139	9510692.8691	4.0966e-10
423	42716.8603	-14716.8589	720679.8603	3517446.1411	9510692.8691	3.8052e-10
424	42812.8973	-14744.7316	720775.8973	3517418.2684	9510692.8691	3.5345e-10
425	42908.9344	-14772.6043	720871.9344	3517390.3957	9510692.8691	3.2830e-10
426	43004.9714	-14800.4770	720967.9714	3517362.5230	9510692.8691	3.0495e-10
427	43101.0084	-14828.3498	721064.0084	3517334.6502	9510692.8691	2.8326e-10
428	43197.0455	-14856.2225	721160.0455	3517306.7775	9510692.8691	2.6311e-10
429	43293.0825	-14884.0952	721256.0825	3517278.9048	9510692.8691	2.4439e-10
430	43389.1195	-14911.9680	721352.1195	3517251.0320	9510692.8691	2.2701e-10
431	43485.1565	-14939.8407	721448.1565	3517223.1593	9510692.8691	2.1087e-10
432	43581.1936	-14967.7134	721544.1936	3517195.2866	9510692.8691	1.9587e-10
433	43677.2306	-14995.5861	721640.2306	3517167.4139	9510692.8691	1.8194e-10
434	43773.2676	-15023.4589	721736.2676	3517139.5411	9510692.8691	1.6900e-10
435	43869.3047	-15051.3316	721832.3047	3517111.6684	9510692.8691	1.5698e-10
436	43965.3417	-15079.2043	721928.3417	3517083.7957	9510692.8691	1.4582e-10
437	44061.3787	-15107.0771	722024.3787	3517055.9229	9510692.8691	1.3545e-10
438	44157.4157	-15134.9498	722120.4157	3517028.0502	9510692.8691	1.2582e-10
439	44253.4528	-15162.8225	722216.4528	3517000.1775	9510692.8691	1.1687e-10
440	44349.4898	-15190.6953	722312.4898	3516972.3047	9510692.8691	1.0856e-10
441	44445.5268	-15218.5680	722408.5268	3516944.4320	9510692.8691	1.0084e-10
442	44541.5639	-15246.4407	722504.5639	3516916.5593	9510692.8691	9.3672e-11
443	44637.6009	-15274.3134	722600.6009	3516888.6866	9510692.8691	8.7013e-11
444	44733.6379	-15302.1862	722696.6379	3516860.8138	9510692.8691	8.0826e-11
445	44829.6749	-15330.0589	722792.6749	3516832.9411	9510692.8691	7.5080e-11
446	44925.7120	-15357.9316	722888.7120	3516805.0684	9510692.8691	6.9743e-11
447	45021.7490	-15385.8044	722984.7490	3516777.1956	9510692.8691	6.4785e-11
448	45117.7860	-15413.6771	723080.7860	3516749.3229	9510692.8691	6.0179e-11
449	45213.8231	-15441.5498	723176.8231	3516721.4502	9510692.8691	5.5902e-11
450	45309.8601	-15469.4225	723272.8601	3516693.5775	9510692.8691	5.1928e-11
451	45405.8971	-15497.2953	723368.8971	3516665.7047	9510692.8691	4.8237e-11
452	45501.9341	-15525.1680	723464.9341	3516637.8320	9510692.8691	4.4808e-11
453	45597.9712	-15553.0407	723560.9712	3516609.9593	9510692.8691	4.1623e-11
454	45694.0082	-15580.9135	723657.0082	3516582.0865	9510692.8691	3.8665e-11
455	45790.0452	-15608.7862	723753.0452	3516554.2138	9510692.8691	3.5917e-11
456	45886.0823	-15636.6589	723849.0823	3516526.3411	9510692.8691	3.3364e-11
457	45982.1193	-15664.5317	723945.1193	3516498.4683	9510692.8691	3.0993e-11
458	46078.1563	-15692.4044	724041.1563	3516470.5956	9510692.8691	2.8791e-11
459	46174.1934	-15720.2771	724137.1934	3516442.7229	9510692.8691	2.6745e-11
460	46270.2304	-15748.1498	724233.2304	3516414.8502	9510692.8691	2.4844e-11
461	46366.2674	-15776.0226	724329.2674	3516386.9774	9510692.8691	2.3079e-11
462	46462.3044	-15803.8953	724425.3044	3516359.1047	9510692.8691	2.1439e-11
463	46558.3415	-15831.7680	724521.3415	3516331.2320	9510692.8691	1.9915e-11
464	46654.3785	-15859.6408	724617.3785	3516303.3592	9510692.8691	1.8500e-11
465	46750.4155	-15887.5135	724713.4155	3516275.4865	9510692.8691	1.7186e-11
466	46846.4526	-15915.3862	724809.4526	3516247.6138	9510692.8691	1.5965e-11
467	46942.4896	-15943.2589	724905.4896	3516219.7411	9510692.8691	1.4831e-11
468	47038.5266	-15971.1317	725001.5266	3516191.8683	9510692.8691	1.3777e-11
469	47134.5636	-15999.0044	725097.5636	3516163.9956	9510692.8691	1.2798e-11
470	47230.6007	-16026.8771	725193.6007	3516136.1229	9510692.8691	1.1889e-11
471	47326.6377	-16054.7499	725289.6377	3516108.2501	9510692.8691	1.1044e-11
472	47422.6747	-16082.6226	725385.6747	3516080.3774	9510692.8691	1.0260e-11
473	47518.7118	-16110.4953	725481.7118	3516052.5047	9510692.8691	9.5309e-12
474	47614.7488	-16138.3681	725577.7488	3516024.6319	9510692.8691	8.8539e-12
475	47710.7858	-16166.2408	725673.7858	3515996.7592	9510692.8691	8.2250e-12
476	47806.8228	-16194.1135	725769.8228	3515968.8865	9510692.8691	7.6407e-12
477	47902.8599	-16221.9862	725865.8599	3515941.0138	9510692.8691	7.0980e-12
478	47998.8969	-16249.8590	725961.8969	3515913.1410	9510692.8691	6.5939e-12
479	48094.9339	-16277.7317	726057.9339	3515885.2683	9510692.8691	6.1255e-12
480	48190.9710	-16305.6044	726153.9710	3515857.3956	9510692.8691	5.6905e-12
481	48287.0080	-16333.4772	726250.0080	3515829.5228	9510692.8691	5.2863e-12
482	48383.0450	-16361.3499	726346.0450	3515801.6501	9510692.8691	4.9109e-12
483	48479.0821	-16389.2226	726442.0821	3515773.7774	9510692.8691	4.5621e-12
484	48575.1191	-16417.0953	726538.1191	3515745.9047	9510692.8691	4.2381e-12
485	48671.1561	-16444.9681	726634.1561	3515718.0319	9510692.8691	3.9372e-12
486	48767.1931	-16472.8408	726730.1931	3515690.1592	9510692.8691	3.6576e-12
487	48863.2302	-16500.7135	726826.2302	3515662.2865	9510692.8691	3.3979e-12
488	48959.2672	-16528.5863	726922.2672	3515634.4137	9510692.8691	3.1566e-12
489	49055.3042	-16556.4590	727018.3042	3515606.5410	9510692.8691	2.9324e-12
490	49151.3413	-16584.3317	727114.3413	3515578.6683	9510692.8691	2.7242e-12
491	49247.3783	-16612.2045	727210.3783	3515550.7955	9510692.8691	2.5308e-12
492	49343.4153	-16640.0772	727306.4153	3515522.9228	9510692.8691	2.3511e-12
493	49439.4523	-16667.9499	727402.4523	3515495.0501	9510692.8691	2.1842e-12
494	49535.4894	-16695.8226	727498.4894	3515467.1774	9510692.8691	2.0291e-12
495	49631.5264	-16723.6954	727594.5264	3515439.3046	9510692.8691	1.8850e-12
496	49727.5634	-16751.5681	727690.5634	3515411.4319	9510692.8691	1.7512e-12
497	49823.6005	-16779.4408	727786.6005	3515383.5592	9510692.8691	1.6269e-12
498	49919.6375	-16807.3136	727882.6375	3515355.6864	9510692.8691	1.5114e-12
499	50015.6745	-16835.1863	727978.6745	3515327.8137	9510692.8691	1.4041e-12
500	50111.7115	-16863.0590	728074.7115	3515299.9410	9510692.8691	1.3044e-12
501	50207.7486	-16890.9317	728170.7486	3515272.0683	9510692.8691	1.2118e-12
502	50303.7856	-16918.8045	728266.7856	3515244.1955	9510692.8691	1.1258e-12
503	50399.8226	-16946.6772	728362.8226	3515216.3228	9510692.8691	1.0459e-12
504	50495.8597	-16974.5499	728458.8597	3515188.4501	9510692.8691	9.7165e-13
505	50591.8967	-17002.4227	728554.8967	3515160.5773	9510692.8691	9.0268e-13
506	50687.9337	-17030.2954	728650.9337	3515132.7046	9510692.8691	8.3861e-13
507	50783.9707	-17058.1681	728746.9707	3515104.8319	9510692.8691	7.7909e-13
508	50880.0078	-17086.0409	728843.0078	3515076.9591	9510692.8691	7.2380e-13
509	50976.0448	-17113.9136	728939.0448	3515049.0864	9510692.8691	6.7243e-13
510	51072.0818	-17141.7863	729035.0818	3515021.2137	9510692.8691	6.2470e-13
511	51168.1189	-17169.6590	729131.1189	3514993.3410	9510692.8691	5.8037e-13
512	51264.1559	-17197.5318	729227.1559	3514965.4682	9510692.8691	5.3918e-13
513	51360.1929	-17225.4045	729323.1929	3514937.5955	9510692.8691	5.0092e-13
514	51456.2300	-17253.2772	729419.2300	3514909.7228	9510692.8691	4.6537e-13
515	51552.2670	-17281.1500	729515.2670	3514881.8500	9510692.8691	4.3235e-13
516	51648.3040	-17309.0227	729611.3040	3514853.9773	9510692.8691	4.0167e-13
517	51744.3410	-17336.8954	729707.3410	3514826.1046	9510692.8691	3.7316e-13
518	51840.3781	-17364.7681	729803.3781	3514798.2319	9510692.8691	3.4669e-13
519	51936.4151	-17392.6409	729899.4151	3514770.3591	9510692.8691	3.2209e-13
520	52032.4521	-17420.5136	729995.4521	3514742.4864	9510692.8691	2.9923e-13
521	52128.4892	-17448.3863	730091.4892	3514714.6137	9510692.8691	2.7800e-13
522	52224.5262	-17476.2591	730187.5262	3514686.7409	9510692.8691	2.5828e-13
523	52320.5632	-17504.1318	730283.5632	3514658.8682	9510692.8691	2.3995e-13
524	52416.6002	-17532.0045	730379.6002	3514630.9955	9510692.8691	2.2293e-13
525	52512.6373	-17559.8773	730475.6373	3514603.1227	9510692.8691	2.0711e-13
526	52608.6743	-17587.7500	730571.6743	3514575.2500	9510692.8691	1.9242e-13
527	52704.7113	-17615.6227	730667.7113	3514547.3773	9510692.8691	1.7877e-13
528	52800.7484	-17643.4954	730763.7484	3514519.5046	9510692.8691	1.6608e-13
529	52896.7854	-17671.3682	730859.7854	3514491.6318	9510692.8691	1.5430e-13
530	52992.8224	-17699.2409	730955.8224	3514463.7591	9510692.8691	1.4336e-13
531	53088.8594	-17727.1136	731051.8594	3514435.8864	9510692.8691	1.3319e-13
532	53184.8965	-17754.9864	731147.8965	3514408.0136	9510692.8691	1.2374e-13
533	53280.9335	-17782.8591	731243.9335	3514380.1409	9510692.8691	1.1496e-13
534	53376.9705	-17810.7318	731339.9705	3514352.2682	9510692.8691	1.0681e-13
535	53473.0076	-17838.6046	731436.0076	3514324.3954	9510692.8691	9.9231e-14
536	53569.0446	-17866.4773	731532.0446	3514296.5227	9510692.8691	9.2193e-14
537	53665.0816	-17894.3500	731628.0816	3514268.6500	9510692.8691	8.5653e-14
538	53761.1187	-17922.2227	731724.1187	3514240.7773	9510692.8691	7.9578e-14
539	53857.1557	-17950.0955	731820.1557	3514212.9045	9510692.8691	7.3934e-14
540	53953.1927	-17977.9682	731916.1927	3514185.0318	9510692.8691	6.8690e-14
541	54049.2297	-18005.8409	732012.2297	3514157.1591	9510692.8691	6.3819e-14
542	54145.2668	-18033.7137	732108.2668	3514129.2863	9510692.8691	5.9293e-14
543	54241.3038	-18061.5864	732204.3038	3514101.4136	9510692.8691	5.5088e-14
544	54337.3408	-18089.4591	732300.3408	3514073.5409	9510692.8691	5.1181e-14
545	54433.3779	-18117.3318	732396.3779	3514045.6682	9510692.8691	4.7551e-14
546	54529.4149	-18145.2046	732492.4149	3514017.7954	9510692.8691	4.4179e-14
547	54625.4519	-18173.0773	732588.4519	3513989.9227	9510692.8691	4.1046e-14
548	54721.4889	-18200.9500	732684.4889	3513962.0500	9510692.8691	3.8136e-14
549	54817.5260	-18228.8228	732780.5260	3513934.1772	9510692.8691	3.5431e-14
550	54913.5630	-18256.6955	732876.5630	3513906.3045	9510692.8691	3.2919e-14
551	55009.6000	-18284.5682	732972.6000	3513878.4318	9510692.8691	3.0585e-14
552	55105.6371	-18312.4410	733068.6371	3513850.5590	9510692.8691	2.8416e-14
553	55201.6741	-18340.3137	733164.6741	3513822.6863	9510692.8691	2.6401e-14
554	55297.7111	-18368.1864	733260.7111	3513794.8136	9510692.8691	2.4529e-14
555	55393.7481	-18396.0591	733356.7481	3513766.9409	9510692.8691	2.2790e-14
556	55489.7852	-18423.9319	733452.7852	3513739.0681	9510692.8691	2.1174e-14
557	55585.8222	-18451.8046	733548.8222	3513711.1954	9510692.8691	1.9673e-14
558	55681.8592	-18479.6773	733644.8592	3513683.3227	9510692.8691	1.8278e-14
559	55777.8963	-18507.5501	733740.8963	3513655.4499	9510692.8691	1.6982e-14
560	55873.9333	-18535.4228	733836.9333	3513627.5772	9510692.8691	1.5778e-14
561	55969.9703	-18563.2955	733932.9703	3513599.7045	9510692.8691	1.4660e-14
562	56066.0073	-18591.1682	734029.0073	3513571.8318	9510692.8691	1.3620e-14
563	56162.0444	-18619.0410	734125.0444	3513543.9590	9510692.8691	1.2655e-14
564	56258.0814	-18646.9137	734221.0814	3513516.0863	9510692.8691	1.1758e-14
565	56354.1184	-18674.7864	734317.1184	3513488.2136	9510692.8691	1.0924e-14
566	56450.1555	-18702.6592	734413.1555	3513460.3408	9510692.8691	1.0150e-14
567	56546.1925	-18730.5319	734509.1925	3513432.4681	9510692.8691	9.4304e-15
568	56642.2295	-18758.4046	734605.2295	3513404.5954	9510692.8691	8.7620e-15
569	56738.2666	-18786.2774	734701.2666	3513376.7226	9510692.8691	8.1409e-15
570	56834.3036	-18814.1501	734797.3036	3513348.8499	9510692.8691	7.5638e-15
571	56930.3406	-18842.0228	734893.3406	3513320.9772	9510692.8691	7.0277e-15
572	57026.3776	-18869.8955	734989.3776	3513293.1045	9510692.8691	6.5296e-15
573	57122.4147	-18897.7683	735085.4147	3513265.2317	9510692.8691	6.0668e-15
574	57218.4517	-18925.6410	735181.4517	3513237.3590	9510692.8691	5.6368e-15
575	57314.4887	-18953.5137	735277.4887	3513209.4863	9510692.8691	5.2373e-15
576	57410.5258	-18981.3865	735373.5258	3513181.6135	9510692.8691	4.8661e-15
577	57506.5628	-19009.2592	735469.5628	3513153.7408	9510692.8691	4.5212e-15
578	57602.5998	-19037.1319	735565.5998	3513125.8681	9510692.8691	4.2008e-15
579	57698.6368	-19065.0046	735661.6368	3513097.9954	9510692.8691	3.9031e-15
580	57794.6739	-19092.8774	735757.6739	3513070.1226	9510692.8691	3.6265e-15
581	57890.7109	-19120.7501	735853.7109	3513042.2499	9510692.8691	3.3695e-15
582	57986.7479	-19148.6228	735949.7479	3513014.3772	9510692.8691	3.1307e-15
583	58082.7850	-19176.4956	736045.7850	3512986.5044	9510692.8691	2.9088e-15
584	58178.8220	-19204.3683	736141.8220	3512958.6317	9510692.8691	2.7027e-15
585	58274.8590	-19232.2410	736237.8590	3512930.7590	9510692.8691	2.5112e-15
586	58370.8960	-19260.1138	736333.8960	3512902.8862	9510692.8691	2.3332e-15
587	58466.9331	-19287.9865	736429.9331	3512875.0135	9510692.8691	2.1679e-15
588	58562.9701	-19315.8592	736525.9701	3512847.1408	9510692.8691	2.0143e-15
589	58659.0071	-19343.7319	736622.0071	3512819.2681	9510692.8691	1.8716e-15
590	58755.0442	-19371.6047	736718.0442	3512791.3953	9510692.8691	1.7390e-15
591	58851.0812	-19399.4774	736814.0812	3512763.5226	9510692.8691	1.6157e-15
592	58947.1182	-19427.3501	736910.1182	3512735.6499	9510692.8691	1.5013e-15
593	59043.1552	-19455.2229	737006.1552	3512707.7771	9510692.8691	1.3949e-15
594	59139.1923	-19483.0956	737102.1923	3512679.9044	9510692.8691	1.2961e-15
595	59235.2293	-19510.9683	737198.2293	3512652.0317	9510692.8691	1.2042e-15
596	59331.2663	-19538.8410	737294.2663	3512624.1590	9510692.8691	1.1189e-15
597	59427.3034	-19566.7138	737390.3034	3512596.2862	9510692.8691	1.0396e-15
598	59523.3404	-19594.5865	737486.3404	3512568.4135	9510692.8691	9.6599e-16
599	59619.3774	-19622.4592	737582.3774	3512540.5408	9510692.8691	8.9756e-16
600	59715.4145	-19650.3320	737678.4145	3512512.6680	9510692.8691	8.3397e-16
601	59811.4515	-19678.2047	737774.4515	3512484.7953	9510692.8691	7.7489e-16
602	59907.4885	-19706.0774	737870.4885	3512456.9226	9510692.8691	7.1999e-16
603	60003.5255	-19733.9502	737966.5255	3512429.0498	9510692.8691	6.6899e-16
604	60099.5626	-19761.8229	738062.5626	3512401.1771	9510692.8691	6.2160e-16
605	60195.5996	-19789.6956	738158.5996	3512373.3044	9510692.8691	5.7757e-16
606	60291.6366	-19817.5683	738254.6366	3512345.4317	9510692.8691	5.3665e-16
607	60387.6737	-19845.4411	738350.6737	3512317.5589	9510692.8691	4.9864e-16
608	60483.7107	-19873.3138	738446.7107	3512289.6862	9510692.8691	4.6332e-16
609	60579.7477	-19901.1865	738542.7477	3512261.8135	9510692.8691	4.3050e-16
610	60675.7847	-19929.0593	738638.7847	3512233.9407	9510692.8691	4.0001e-16
611	60771.8218	-19956.9320	738734.8218	3512206.0680	9510692.8691	3.7167e-16
612	60867.8588	-19984.8047	738830.8588	3512178.1953	9510692.8691	3.4535e-16
613	60963.8958	-20012.6774	738926.8958	3512150.3226	9510692.8691	3.2089e-16
614	61059.9329	-20040.5502	739022.9329	3512122.4498	9510692.8691	2.9816e-16
615	61155.9699	-20068.4229	739118.9699	3512094.5771	9510692.8691	2.7704e-16
616	61252.0069	-20096.2956	739215.0069	3512066.7044	9510692.8691	2.5742e-16
617	61348.0439	-20124.1684	739311.0439	3512038.8316	9510692.8691	2.3919e-16
618	61444.0810	-20152.0411	739407.0810	3512010.9589	9510692.8691	2.2225e-16
619	61540.1180	-20179.9138	739503.1180	3511983.0862	9510692.8691	2.0651e-16
620	61636.1550	-20207.7866	739599.1550	3511955.2134	9510692.8691	1.9188e-16
621	61732.1921	-20235.6593	739695.1921	3511927.3407	9510692.8691	1.7829e-16
622	61828.2291	-20263.5320	739791.2291	3511899.4680	9510692.8691	1.6567e-16
623	61924.2661	-20291.4047	739887.2661	3511871.5953	9510692.8691	1.5394e-16
624	62020.3032	-20319.2775	739983.3032	3511843.7225	9510692.8691	1.4304e-16
625	62116.3402	-20347.1502	740079.3402	3511815.8498	9510692.8691	1.3291e-16
626	62212.3772	-20375.0229	740175.3772	3511787.9771	9510692.8691	1.2349e-16
627	62308.4142	-20402.8957	740271.4142	3511760.1043	9510692.8691	1.1475e-16
628	62404.4513	-20430.7684	740367.4513	3511732.2316	9510692.8691	1.0662e-16
629	62500.4883	-20458.6411	740463.4883	3511704.3589	9510692.8691	9.9074e-17
630	62596.5253	-20486.5138	740559.5253	3511676.4862	9510692.8691	9.2058e-17
631	62692.5624	-20514.3866	740655.5624	3511648.6134	9510692.8691	8.5540e-17
632	62788.5994	-20542.2593	740751.5994	3511620.7407	9510692.8691	7.9483e-17
633	62884.6364	-20570.1320	740847.6364	3511592.8680	9510692.8691	7.3855e-17
634	62980.6734	-20598.0048	740943.6734	3511564.9952	9510692.8691	6.8626e-17
635	63076.7105	-20625.8775	741039.7105	3511537.1225	9510692.8691	6.3767e-17
636	63172.7475	-20653.7502	741135.7475	3511509.2498	9510692.8691	5.9252e-17
637	63268.7845	-20681.6230	741231.7845	3511481.3770	9510692.8691	5.5057e-17
638	63364.8216	-20709.4957	741327.8216	3511453.5043	9510692.8691	5.1159e-17
639	63460.8586	-20737.3684	741423.8586	3511425.6316	9510692.8691	4.7537e-17
640	63556.8956	-20765.2411	741519.8956	3511397.7589	9510692.8691	4.4171e-17
641	63652.9326	-20793.1139	741615.9326	3511369.8861	9510692.8691	4.1044e-17
642	63748.9697	-20820.9866	741711.9697	3511342.0134	9510692.8691	3.8138e-17
643	63845.0067	-20848.8593	741808.0067	3511314.1407	9510692.8691	3.5438e-17
644	63941.0437	-20876.7321	741904.0437	3511286.2679	9510692.8691	3.2929e-17
645	64037.0808	-20904.6048	742000.0808	3511258.3952	9510692.8691	3.0598e-17
646	64133.1178	-20932.4775	742096.1178	3511230.5225	9510692.8691	2.8432e-17
647	64229.1548	-20960.3502	742192.1548	3511202.6498	9510692.8691	2.6419e-17
648	64325.1918	-20988.2230	742288.1918	3511174.7770	9510692.8691	2.4549e-17
649	64421.2289	-21016.0957	742384.2289	3511146.9043	9510692.8691	2.2811e-17
650	64517.2659	-21043.9684	742480.2659	3511119.0316	9510692.8691	2.1196e-17
651	64613.3029	-21071.8412	742576.3029	3511091.1588	9510692.8691	1.9696e-17
652	64709.3400	-21099.7139	742672.3400	3511063.2861	9510692.8691	1.8302e-17
653	64805.3770	-21127.5866	742768.3770	3511035.4134	9510692.8691	1.7006e-17
654	64901.4140	-21155.4594	742864.4140	3511007.5406	9510692.8691	1.5802e-17
655	64997.4511	-21183.3321	742960.4511	3510979.6679	9510692.8691	1.4684e-17
656	65093.4881	-21211.2048	743056.4881	3510951.7952	9510692.8691	1.3645e-17
657	65189.5251	-21239.0775	743152.5251	3510923.9225	9510692.8691	1.2679e-17
658	65285.5621	-21266.9503	743248.5621	3510896.0497	9510692.8691	1.1781e-17
659	65381.5992	-21294.8230	743344.5992	3510868.1770	9510692.8691	1.0947e-17
660	65477.6362	-21322.6957	743440.6362	3510840.3043	9510692.8691	1.0173e-17
661	65573.6732	-21350.5685	743536.6732	3510812.4315	9510692.8691	9.4526e-18
662	65669.7103	-21378.4412	743632.7103	3510784.5588	9510692.8691	8.7836e-18
663	65765.7473	-21406.3139	743728.7473	3510756.6861	9510692.8691	8.1620e-18
664	65861.7843	-21434.1866	743824.7843	3510728.8134	9510692.8691	7.5843e-18
665	65957.8213	-21462.0594	743920.8213	3510700.9406	9510692.8691	7.0475e-18
666	66053.8584	-21489.9321	744016.8584	3510673.0679	9510692.8691	6.5488e-18
667	66149.8954	-21517.8048	744112.8954	3510645.1952	9510692.8691	6.0853e-18
668	66245.9324	-21545.6776	744208.9324	3510617.3224	9510692.8691	5.6546e-18
669	66341.9695	-21573.5503	744304.9695	3510589.4497	9510692.8691	5.2545e-18
670	66438.0065	-21601.4230	744401.0065	3510561.5770	9510692.8691	4.8826e-18
671	66534.0435	-21629.2958	744497.0435	3510533.7042	9510692.8691	4.5371e-18
672	66630.0805	-21657.1685	744593.0805	3510505.8315	9510692.8691	4.2160e-18
673	66726.1176	-21685.0412	744689.1176	3510477.9588	9510692.8691	3.9176e-18
674	66822.1546	-21712.9139	744785.1546	3510450.0861	9510692.8691	3.6404e-18
675	66918.1916	-21740.7867	744881.1916	3510422.2133	9510692.8691	3.3828e-18
676	67014.2287	-21768.6594	744977.2287	3510394.3406	9510692.8691	3.1434e-18
677	67110.2657	-21796.5321	745073.2657	3510366.4679	9510692.8691	2.9210e-18
678	67206.3027	-21824.4049	745169.3027	3510338.5951	9510692.8691	2.7143e-18
679	67302.3398	-21852.2776	745265.3398	3510310.7224	9510692.8691	2.5222e-18
680	67398.3768	-21880.1503	745361.3768	3510282.8497	9510692.8691	2.3438e-18
681	67494.4138	-21908.0230	745457.4138	3510254.9770	9510692.8691	2.1779e-18
682	67590.4508	-21935.8958	745553.4508	3510227.1042	9510692.8691	2.0238e-18
683	67686.4879	-21963.7685	745649.4879	3510199.2315	9510692.8691	1.8806e-18
684	67782.5249	-21991.6412	745745.5249	3510171.3588	9510692.8691	1.7476e-18
685	67878.5619	-22019.5140	745841.5619	3510143.4860	9510692.8691	1.6239e-18
686	67974.5990	-22047.3867	745937.5990	3510115.6133	9510692.8691	1.5090e-18
687	68070.6360	-22075.2594	746033.6360	3510087.7406	9510692.8691	1.4022e-18
688	68166.6730	-22103.1322	746129.6730	3510059.8678	9510692.8691	1.3030e-18
689	68262.7100	-22131.0049	746225.7100	3510031.9951	9510692.8691	1.2108e-18
690	68358.7471	-22158.8776	746321.7471	3510004.1224	9510692.8691	1.1252e-18
691	68454.7841	-22186.7503	746417.7841	3509976.2497	9510692.8691	1.0456e-18
692	68550.8211	-22214.6231	746513.8211	3509948.3769	9510692.8691	9.7159e-19
693	68646.8582	-22242.4958	746609.8582	3509920.5042	9510692.8691	9.0285e-19
694	68742.8952	-22270.3685	746705.8952	3509892.6315	9510692.8691	8.3898e-19
695	68838.9322	-22298.2413	746801.9322	3509864.7587	9510692.8691	7.7963e-19
696	68934.9692	-22326.1140	746897.9692	3509836.8860	9510692.8691	7.2447e-19
697	69031.0063	-22353.9867	746994.0063	3509809.0133	9510692.8691	6.7322e-19
698	69127.0433	-22381.8594	747090.0433	3509781.1406	9510692.8691	6.2559e-19
699	69223.0803	-22409.7322	747186.0803	3509753.2678	9510692.8691	5.8134e-19
700	69319.1174	-22437.6049	747282.1174	3509725.3951	9510692.8691	5.4021e-19
701	69415.1544	-22465.4776	747378.1544	3509697.5224	9510692.8691	5.0200e-19
702	69511.1914	-22493.3504	747474.1914	3509669.6496	9510692.8691	4.6649e-19
703	69607.2284	-22521.2231	747570.2284	3509641.7769	9510692.8691	4.3349e-19
704	69703.2655	-22549.0958	747666.2655	3509613.9042	9510692.8691	4.0282e-19
705	69799.3025	-22576.9686	747762.3025	3509586.0314	9510692.8691	3.7433e-19
706	69895.3395	-22604.8413	747858.3395	3509558.1587	9510692.8691	3.4785e-19
707	69991.3766	-22632.7140	747954.3766	3509530.2860	9510692.8691	3.2324e-19
708	70087.4136	-22660.5867	748050.4136	3509502.4133	9510692.8691	3.0038e-19
709	70183.4506	-22688.4595	748146.4506	3509474.5405	9510692.8691	2.7913e-19
710	70279.4877	-22716.3322	748242.4877	3509446.6678	9510692.8691	2.5939e-19
711	70375.5247	-22744.2049	748338.5247	3509418.7951	9510692.8691	2.4104e-19
712	70471.5617	-22772.0777	748434.5617	3509390.9223	9510692.8691	2.2399e-19
713	70567.5987	-22799.9504	748530.5987	3509363.0496	9510692.8691	2.0815e-19
714	70663.6358	-22827.8231	748626.6358	3509335.1769	9510692.8691	1.9343e-19
715	70759.6728	-22855.6958	748722.6728	3509307.3042	9510692.8691	1.7975e-19
716	70855.7098	-22883.5686	748818.7098	3509279.4314	9510692.8691	1.6703e-19
717	70951.7469	-22911.4413	748914.7469	3509251.5587	9510692.8691	1.5522e-19
718	71047.7839	-22939.3140	749010.7839	3509223.6860	9510692.8691	1.4424e-19
719	71143.8209	-22967.1868	749106.8209	3509195.8132	9510692.8691	1.3404e-19
720	71239.8579	-22995.0595	749202.8579	3509167.9405	9510692.8691	1.2456e-19
721	71335.8950	-23022.9322	749298.8950	3509140.0678	9510692.8691	1.1575e-19
722	71431.9320	-23050.8050	749394.9320	3509112.1950	9510692.8691	1.0756e-19
723	71527.9690	-23078.6777	749490.9690	3509084.3223	9510692.8691	9.9957e-20
724	71624.0061	-23106.5504	749587.0061	3509056.4496	9510692.8691	9.2888e-20
725	71720.0431	-23134.4231	749683.0431	3509028.5769	9510692.8691	8.6319e-20
726	71816.0801	-23162.2959	749779.0801	3509000.7041	9510692.8691	8.0214e-20
727	71912.1171	-23190.1686	749875.1171	3508972.8314	9510692.8691	7.4542e-20
728	72008.1542	-23218.0413	749971.1542	3508944.9587	9510692.8691	6.9270e-20
729	72104.1912	-23245.9141	750067.1912	3508917.0859	9510692.8691	6.4372e-20
730	72200.2282	-23273.7868	750163.2282	3508889.2132	9510692.8691	5.9819e-20
731	72296.2653	-23301.6595	750259.2653	3508861.3405	9510692.8691	5.5589e-20
732	72392.3023	-23329.5322	750355.3023	3508833.4678	9510692.8691	5.1658e-20
733	72488.3393	-23357.4050	750451.3393	3508805.5950	9510692.8691	4.8005e-20
734	72584.3763	-23385.2777	750547.3763	3508777.7223	9510692.8691	4.4611e-20
735	72680.4134	-23413.1504	750643.4134	3508749.8496	9510692.8691	4.1456e-20
736	72776.4504	-23441.0232	750739.4504	3508721.9768	9510692.8691	3.8525e-20
737	72872.4874	-23468.8959	750835.4874	3508694.1041	9510692.8691	3.5800e-20
738	72968.5245	-23496.7686	750931.5245	3508666.2314	9510692.8691	3.3269e-20
739	73064.5615	-23524.6414	751027.5615	3508638.3586	9510692.8691	3.0917e-20
740	73160.5985	-23552.5141	751123.5985	3508610.4859	9510692.8691	2.8730e-20
741	73256.6356	-23580.3868	751219.6356	3508582.6132	9510692.8691	2.6699e-20
742	73352.6726	-23608.2595	751315.6726	3508554.7405	9510692.8691	2.4811e-20
743	73448.7096	-23636.1323	751411.7096	3508526.8677	9510692.8691	2.3057e-20
744	73544.7466	-23664.0050	751507.7466	3508498.9950	9510692.8691	2.1427e-20
745	73640.7837	-23691.8777	751603.7837	3508471.1223	9510692.8691	1.9912e-20
746	73736.8207	-23719.7505	751699.8207	3508443.2495	9510692.8691	1.8504e-20
747	73832.8577	-23747.6232	751795.8577	3508415.3768	9510692.8691	1.7196e-20
748	73928.8948	-23775.4959	751891.8948	3508387.5041	9510692.8691	1.5980e-20
749	74024.9318	-23803.3686	751987.9318	3508359.6314	9510692.8691	1.4850e-20
750	74120.9688	-23831.2414	752083.9688	3508331.7586	9510692.8691	1.3800e-20
751	74217.0058	-23859.1141	752180.0058	3508303.8859	9510692.8691	1.2824e-20
752	74313.0429	-23886.9868	752276.0429	3508276.0132	9510692.8691	1.1918e-20
753	74409.0799	-23914.8596	752372.0799	3508248.1404	9510692.8691	1.1075e-20
754	74505.1169	-23942.7323	752468.1169	3508220.2677	9510692.8691	1.0292e-20
755	74601.1540	-23970.6050	752564.1540	3508192.3950	9510692.8691	9.5645e-21
756	74697.1910	-23998.4778	752660.1910	3508164.5222	9510692.8691	8.8883e-21
757	74793.2280	-24026.3505	752756.2280	3508136.6495	9510692.8691	8.2599e-21
758	74889.2650	-24054.2232	752852.2650	3508108.7768	9510692.8691	7.6760e-21
759	74985.3021	-24082.0959	752948.3021	3508080.9041	9510692.8691	7.1333e-21
760	75081.3391	-24109.9687	753044.3391	3508053.0313	9510692.8691	6.6290e-21
761	75177.3761	-24137.8414	753140.3761	3508025.1586	9510692.8691	6.1604e-21
762	75273.4132	-24165.7141	753236.4132	3507997.2859	9510692.8691	5.7249e-21
763	75369.4502	-24193.5869	753332.4502	3507969.4131	9510692.8691	5.3202e-21
764	75465.4872	-24221.4596	753428.4872	3507941.5404	9510692.8691	4.9441e-21
765	75561.5243	-24249.3323	753524.5243	3507913.6677	9510692.8691	4.5946e-21
766	75657.5613	-24277.2051	753620.5613	3507885.7949	9510692.8691	4.2698e-21
767	75753.5983	-24305.0778	753716.5983	3507857.9222	9510692.8691	3.9680e-21
768	75849.6353	-24332.9505	753812.6353	3507830.0495	9510692.8691	3.6875e-21
769	75945.6724	-24360.8232	753908.6724	3507802.1768	9510692.8691	3.4268e-21
770	76041.7094	-24388.6960	754004.7094	3507774.3040	9510692.8691	3.1846e-21
771	76137.7464	-24416.5687	754100.7464	3507746.4313	9510692.8691	2.9595e-21
772	76233.7835	-24444.4414	754196.7835	3507718.5586	9510692.8691	2.7503e-21
773	76329.8205	-24472.3142	754292.8205	3507690.6858	9510692.8691	2.5559e-21
774	76425.8575	-24500.1869	754388.8575	3507662.8131	9510692.8691	2.3752e-21
775	76521.8945	-24528.0596	754484.8945	3507634.9404	9510692.8691	2.2073e-21
776	76617.9316	-24555.9323	754580.9316	3507607.0677	9510692.8691	2.0513e-21
777	76713.9686	-24583.8051	754676.9686	3507579.1949	9510692.8691	1.9063e-21
778	76810.0056	-24611.6778	754773.0056	3507551.3222	9510692.8691	1.7716e-21
779	76906.0427	-24639.5505	754869.0427	3507523.4495	9510692.8691	1.6464e-21
780	77002.0797	-24667.4233	754965.0797	3507495.5767	9510692.8691	1.5300e-21
781	77098.1167	-24695.2960	755061.1167	3507467.7040	9510692.8691	1.4219e-21
782	77194.1537	-24723.1687	755157.1537	3507439.8313	9510692.8691	1.3214e-21
783	77290.1908	-24751.0415	755253.1908	3507411.9585	9510692.8691	1.2280e-21
784	77386.2278	-24778.9142	755349.2278	3507384.0858	9510692.8691	1.1412e-21
785	77482.2648	-24806.7869	755445.2648	3507356.2131	9510692.8691	1.0605e-21
786	77578.3019	-24834.6596	755541.3019	3507328.3404	9510692.8691	9.8557e-22
787	77674.3389	-24862.5324	755637.3389	3507300.4676	9510692.8691	9.1592e-22
788	77770.3759	-24890.4051	755733.3759	3507272.5949	9510692.8691	8.5118e-22
789	77866.4129	-24918.2778	755829.4129	3507244.7222	9510692.8691	7.9103e-22
790	77962.4500	-24946.1506	755925.4500	3507216.8494	9510692.8691	7.3512e-22
791	78058.4870	-24974.0233	756021.4870	3507188.9767	9510692.8691	6.8317e-22
792	78154.5240	-25001.8960	756117.5240	3507161.1040	9510692.8691	6.3489e-22
793	78250.5611	-25029.7687	756213.5611	3507133.2313	9510692.8691	5.9002e-22
794	78346.5981	-25057.6415	756309.5981	3507105.3585	9510692.8691	5.4832e-22
795	78442.6351	-25085.5142	756405.6351	3507077.4858	9510692.8691	5.0957e-22
796	78538.6722	-25113.3869	756501.6722	3507049.6131	9510692.8691	4.7356e-22
797	78634.7092	-25141.2597	756597.7092	3507021.7403	9510692.8691	4.4009e-22
798	78730.7462	-25169.1324	756693.7462	3506993.8676	9510692.8691	4.0899e-22
799	78826.7832	-25197.0051	756789.7832	3506965.9949	9510692.8691	3.8009e-22
800	78922.8203	-25224.8779	756885.8203	3506938.1221	9510692.8691	3.5323e-22
801	79018.8573	-25252.7506	756981.8573	3506910.2494	9510692.8691	3.2827e-22
802	79114.8943	-25280.6233	757077.8943	3506882.3767	9510692.8691	3.0507e-22
803	79210.9314	-25308.4960	757173.9314	3506854.5040	9510692.8691	2.8351e-22
804	79306.9684	-25336.3688	757269.9684	3506826.6312	9510692.8691	2.6348e-22
805	79403.0054	-25364.2415	757366.0054	3506798.7585	9510692.8691	2.4486e-22
806	79499.0424	-25392.1142	757462.0424	3506770.8858	9510692.8691	2.2756e-22
807	79595.0795	-25419.9870	757558.0795	3506743.0130	9510692.8691	2.1148e-22
808	79691.1165	-25447.8597	757654.1165	3506715.1403	9510692.8691	1.9653e-22
809	79787.1535	-25475.7324	757750.1535	3506687.2676	9510692.8691	1.8265e-22
810	79883.1906	-25503.6051	757846.1906	3506659.3949	9510692.8691	1.6974e-22
811	79979.2276	-25531.4779	757942.2276	3506631.5221	9510692.8691	1.5775e-22
812	80075.2646	-25559.3506	758038.2646	3506603.6494	9510692.8691	1.4660e-22
813	80171.3016	-25587.2233	758134.3016	3506575.7767	9510692.8691	1.3624e-22
814	80267.3387	-25615.0961	758230.3387	3506547.9039	9510692.8691	1.2662e-22
815	80363.3757	-25642.9688	758326.3757	3506520.0312	9510692.8691	1.1767e-22
816	80459.4127	-25670.8415	758422.4127	3506492.1585	9510692.8691	1.0935e-22
817	80555.4498	-25698.7143	758518.4498	3506464.2857	9510692.8691	1.0163e-22
818	80651.4868	-25726.5870	758614.4868	3506436.4130	9510692.8691	9.4448e-23
819	80747.5238	-25754.4597	758710.5238	3506408.5403	9510692.8691	8.7774e-23
820	80843.5608	-25782.3324	758806.5608	3506380.6676	9510692.8691	8.1573e-23
821	80939.5979	-25810.2052	758902.5979	3506352.7948	9510692.8691	7.5809e-23
822	81035.6349	-25838.0779	758998.6349	3506324.9221	9510692.8691	7.0453e-23
823	81131.6719	-25865.9506	759094.6719	3506297.0494	9510692.8691	6.5475e-23
824	81227.7090	-25893.8234	759190.7090	3506269.1766	9510692.8691	6.0849e-23
825	81323.7460	-25921.6961	759286.7460	3506241.3039	9510692.8691	5.6550e-23
826	81419.7830	-25949.5688	759382.7830	3506213.4312	9510692.8691	5.2555e-23
827	81515.8201	-25977.4415	759478.8201	3506185.5585	9510692.8691	4.8842e-23
828	81611.8571	-26005.3143	759574.8571	3506157.6857	9510692.8691	4.5391e-23
829	81707.8941	-26033.1870	759670.8941	3506129.8130	9510692.8691	4.2184e-23
830	81803.9311	-26061.0597	759766.9311	3506101.9403	9510692.8691	3.9204e-23
831	81899.9682	-26088.9325	759862.9682	3506074.0675	9510692.8691	3.6434e-23
832	81996.0052	-26116.8052	759959.0052	3506046.1948	9510692.8691	3.3860e-23
833	82092.0422	-26144.6779	760055.0422	3506018.3221	9510692.8691	3.1468e-23
834	82188.0793	-26172.5507	760151.0793	3505990.4493	9510692.8691	2.9245e-23
835	82284.1163	-26200.4234	760247.1163	3505962.5766	9510692.8691	2.7179e-23
836	82380.1533	-26228.2961	760343.1533	3505934.7039	9510692.8691	2.5259e-23
837	82476.1903	-26256.1688	760439.1903	3505906.8312	9510692.8691	2.3474e-23
838	82572.2274	-26284.0416	760535.2274	3505878.9584	9510692.8691	2.1816e-23
839	82668.2644	-26311.9143	760631.2644	3505851.0857	9510692.8691	2.0275e-23
840	82764.3014	-26339.7870	760727.3014	3505823.2130	9510692.8691	1.8843e-23
841	82860.3385	-26367.6598	760823.3385	3505795.3402	9510692.8691	1.7512e-23
842	82956.3755	-26395.5325	760919.3755	3505767.4675	9510692.8691	1.6274e-23
843	83052.4125	-26423.4052	761015.4125	3505739.5948	9510692.8691	1.5125e-23
844	83148.4495	-26451.2779	761111.4495	3505711.7221	9510692.8691	1.4056e-23
845	83244.4866	-26479.1507	761207.4866	3505683.8493	9510692.8691	1.3063e-23
846	83340.5236	-26507.0234	761303.5236	3505655.9766	9510692.8691	1.2141e-23
847	83436.5606	-26534.8961	761399.5606	3505628.1039	9510692.8691	1.1283e-23
848	83532.5977	-26562.7689	761495.5977	3505600.2311	9510692.8691	1.0486e-23
849	83628.6347	-26590.6416	761591.6347	3505572.3584	9510692.8691	9.7453e-24
850	83724.6717	-26618.5143	761687.6717	3505544.4857	9510692.8691	9.0569e-24
851	83820.7088	-26646.3871	761783.7088	3505516.6129	9510692.8691	8.4171e-24
852	83916.7458	-26674.2598	761879.7458	3505488.7402	9510692.8691	7.8226e-24
853	84012.7828	-26702.1325	761975.7828	3505460.8675	9510692.8691	7.2700e-24
854	84108.8198	-26730.0052	762071.8198	3505432.9948	9510692.8691	6.7565e-24
855	84204.8569	-26757.8780	762167.8569	3505405.1220	9510692.8691	6.2793e-24
856	84300.8939	-26785.7507	762263.8939	3505377.2493	9510692.8691	5.8357e-24
857	84396.9309	-26813.6234	762359.9309	3505349.3766	9510692.8691	5.4235e-24
858	84492.9680	-26841.4962	762455.9680	3505321.5038	9510692.8691	5.0404e-24
859	84589.0050	-26869.3689	762552.0050	3505293.6311	9510692.8691	4.6844e-24
860	84685.0420	-26897.2416	762648.0420	3505265.7584	9510692.8691	4.3535e-24
861	84781.0790	-26925.1143	762744.0790	3505237.8857	9510692.8691	4.0460e-24
862	84877.1161	-26952.9871	762840.1161	3505210.0129	9510692.8691	3.7603e-24
863	84973.1531	-26980.8598	762936.1531	3505182.1402	9510692.8691	3.4947e-24
864	85069.1901	-27008.7325	763032.1901	3505154.2675	9510692.8691	3.2478e-24
865	85165.2272	-27036.6053	763128.2272	3505126.3947	9510692.8691	3.0185e-24
866	85261.2642	-27064.4780	763224.2642	3505098.5220	9510692.8691	2.8053e-24
867	85357.3012	-27092.3507	763320.3012	3505070.6493	9510692.8691	2.6071e-24
868	85453.3382	-27120.2235	763416.3382	3505042.7765	9510692.8691	2.4230e-24
869	85549.3753	-27148.0962	763512.3753	3505014.9038	9510692.8691	2.2519e-24
870	85645.4123	-27175.9689	763608.4123	3504987.0311	9510692.8691	2.0928e-24
871	85741.4493	-27203.8416	763704.4493	3504959.1584	9510692.8691	1.9450e-24
872	85837.4864	-27231.7144	763800.4864	3504931.2856	9510692.8691	1.8076e-24
873	85933.5234	-27259.5871	763896.5234	3504903.4129	9510692.8691	1.6800e-24
874	86029.5604	-27287.4598	763992.5604	3504875.5402	9510692.8691	1.5613e-24
875	86125.5974	-27315.3326	764088.5974	3504847.6674	9510692.8691	1.4511e-24
876	86221.6345	-27343.2053	764184.6345	3504819.7947	9510692.8691	1.3486e-24
877	86317.6715	-27371.0780	764280.6715	3504791.9220	9510692.8691	1.2533e-24
878	86413.7085	-27398.9507	764376.7085	3504764.0493	9510692.8691	1.1648e-24
879	86509.7456	-27426.8235	764472.7456	3504736.1765	9510692.8691	1.0826e-24
880	86605.7826	-27454.6962	764568.7826	3504708.3038	9510692.8691	1.0061e-24
881	86701.8196	-27482.5689	764664.8196	3504680.4311	9510692.8691	9.3505e-25
882	86797.8567	-27510.4417	764760.8567	3504652.5583	9510692.8691	8.6902e-25
883	86893.8937	-27538.3144	764856.8937	3504624.6856	9510692.8691	8.0765e-25
884	86989.9307	-27566.1871	764952.9307	3504596.8129	9510692.8691	7.5061e-25
885	87085.9677	-27594.0599	765048.9677	3504568.9401	9510692.8691	6.9760e-25
886	87182.0048	-27621.9326	765145.0048	3504541.0674	9510692.8691	6.4834e-25
887	87278.0418	-27649.8053	765241.0418	3504513.1947	9510692.8691	6.0256e-25
888	87374.0788	-27677.6780	765337.0788	3504485.3220	9510692.8691	5.6000e-25
889	87470.1159	-27705.5508	765433.1159	3504457.4492	9510692.8691	5.2046e-25
890	87566.1529	-27733.4235	765529.1529	3504429.5765	9510692.8691	4.8370e-25
891	87662.1899	-27761.2962	765625.1899	3504401.7038	9510692.8691	4.4955e-25
892	87758.2269	-27789.1690	765721.2269	3504373.8310	9510692.8691	4.1780e-25
893	87854.2640	-27817.0417	765817.2640	3504345.9583	9510692.8691	3.8830e-25
894	87950.3010	-27844.9144	765913.3010	3504318.0856	9510692.8691	3.6088e-25
895	88046.3380	-27872.7871	766009.3380	3504290.2129	9510692.8691	3.3539e-25
896	88142.3751	-27900.6599	766105.3751	3504262.3401	9510692.8691	3.1171e-25
897	88238.4121	-27928.5326	766201.4121	3504234.4674	9510692.8691	2.8970e-25
898	88334.4491	-27956.4053	766297.4491	3504206.5947	9510692.8691	2.6924e-25
899	88430.4861	-27984.2781	766393.4861	3504178.7219	9510692.8691	2.5023e-25
900	88526.5232	-28012.1508	766489.5232	3504150.8492	9510692.8691	2.3256e-25
901	88622.5602	-28040.0235	766585.5602	3504122.9765	9510692.8691	2.1614e-25
902	88718.5972	-28067.8963	766681.5972	3504095.1037	9510692.8691	2.0088e-25
903	88814.6343	-28095.7690	766777.6343	3504067.2310	9510692.8691	1.8669e-25
904	88910.6713	-28123.6417	766873.6713	3504039.3583	9510692.8691	1.7351e-25
905	89006.7083	-28151.5144	766969.7083	3504011.4856	9510692.8691	1.6126e-25
906	89102.7454	-28179.3872	767065.7454	3503983.6128	9510692.8691	1.4987e-25
907	89198.7824	-28207.2599	767161.7824	3503955.7401	9510692.8691	1.3929e-25
908	89294.8194	-28235.1326	767257.8194	3503927.8674	9510692.8691	1.2946e-25
909	89390.8564	-28263.0054	767353.8564	3503899.9946	9510692.8691	1.2032e-25
910	89486.8935	-28290.8781	767449.8935	3503872.1219	9510692.8691	1.1182e-25
911	89582.9305	-28318.7508	767545.9305	3503844.2492	9510692.8691	1.0392e-25
912	89678.9675	-28346.6235	767641.9675	3503816.3765	9510692.8691	9.6587e-26
913	89775.0046	-28374.4963	767738.0046	3503788.5037	9510692.8691	8.9767e-26
914	89871.0416	-28402.3690	767834.0416	3503760.6310	9510692.8691	8.3429e-26
915	89967.0786	-28430.2417	767930.0786	3503732.7583	9510692.8691	7.7538e-26
916	90063.1156	-28458.1145	768026.1156	3503704.8855	9510692.8691	7.2064e-26
917	90159.1527	-28485.9872	768122.1527	3503677.0128	9510692.8691	6.6976e-26
918	90255.1897	-28513.8599	768218.1897	3503649.1401	9510692.8691	6.2247e-26
919	90351.2267	-28541.7327	768314.2267	3503621.2673	9510692.8691	5.7852e-26
920	90447.2638	-28569.6054	768410.2638	3503593.3946	9510692.8691	5.3768e-26
921	90543.3008	-28597.4781	768506.3008	3503565.5219	9510692.8691	4.9971e-26
922	90639.3378	-28625.3508	768602.3378	3503537.6492	9510692.8691	4.6443e-26
923	90735.3748	-28653.2236	768698.3748	3503509.7764	9510692.8691	4.3164e-26
924	90831.4119	-28681.0963	768794.4119	3503481.9037	9510692.8691	4.0117e-26
925	90927.4489	-28708.9690	768890.4489	3503454.0310	9510692.8691	3.7285e-26
926	91023.4859	-28736.8418	768986.4859	3503426.1582	9510692.8691	3.4652e-26
927	91119.5230	-28764.7145	769082.5230	3503398.2855	9510692.8691	3.2206e-26
928	91215.5600	-28792.5872	769178.5600	3503370.4128	9510692.8691	2.9932e-26
929	91311.5970	-28820.4599	769274.5970	3503342.5401	9510692.8691	2.7819e-26
930	91407.6340	-28848.3327	769370.6340	3503314.6673	9510692.8691	2.5855e-26
931	91503.6711	-28876.2054	769466.6711	3503286.7946	9510692.8691	2.4030e-26
932	91599.7081	-28904.0781	769562.7081	3503258.9219	9510692.8691	2.2333e-26
933	91695.7451	-28931.9509	769658.7451	3503231.0491	9510692.8691	2.0756e-26
934	91791.7822	-28959.8236	769754.7822	3503203.1764	9510692.8691	1.9291e-26
935	91887.8192	-28987.6963	769850.8192	3503175.3037	9510692.8691	1.7929e-26
936	91983.8562	-29015.5691	769946.8562	3503147.4309	9510692.8691	1.6663e-26
937	92079.8933	-29043.4418	770042.8933	3503119.5582	9510692.8691	1.5487e-26
938	92175.9303	-29071.3145	770138.9303	3503091.6855	9510692.8691	1.4394e-26
939	92271.9673	-29099.1872	770234.9673	3503063.8128	9510692.8691	1.3378e-26
940	92368.0043	-29127.0600	770331.0043	3503035.9400	9510692.8691	1.2433e-26
941	92464.0414	-29154.9327	770427.0414	3503008.0673	9510692.8691	1.1556e-26
942	92560.0784	-29182.8054	770523.0784	3502980.1946	9510692.8691	1.0740e-26
943	92656.1154	-29210.6782	770619.1154	3502952.3218	9510692.8691	9.9816e-27
944	92752.1525	-29238.5509	770715.1525	3502924.4491	9510692.8691	9.2770e-27
945	92848.1895	-29266.4236	770811.1895	3502896.5764	9510692.8691	8.6221e-27
946	92944.2265	-29294.2963	770907.2265	3502868.7037	9510692.8691	8.0135e-27
947	93040.2635	-29322.1691	771003.2635	3502840.8309	9510692.8691	7.4478e-27
948	93136.3006	-29350.0418	771099.3006	3502812.9582	9510692.8691	6.9220e-27
949	93232.3376	-29377.9145	771195.3376	3502785.0855	9510692.8691	6.4334e-27
950	93328.3746	-29405.7873	771291.3746	3502757.2127	9510692.8691	5.9793e-27
951	93424.4117	-29433.6600	771387.4117	3502729.3400	9510692.8691	5.5572e-27
952	93520.4487	-29461.5327	771483.4487	3502701.4673	9510692.8691	5.1649e-27
953	93616.4857	-29489.4055	771579.4857	3502673.5945	9510692.8691	4.8003e-27
954	93712.5227	-29517.2782	771675.5227	3502645.7218	9510692.8691	4.4615e-27
955	93808.5598	-29545.1509	771771.5598	3502617.8491	9510692.8691	4.1465e-27
956	93904.5968	-29573.0236	771867.5968	3502589.9764	9510692.8691	3.8538e-27
957	94000.6338	-29600.8964	771963.6338	3502562.1036	9510692.8691	3.5818e-27
958	94096.6709	-29628.7691	772059.6709	3502534.2309	9510692.8691	3.3290e-27
959	94192.7079	-29656.6418	772155.7079	3502506.3582	9510692.8691	3.0940e-27
960	94288.7449	-29684.5146	772251.7449	3502478.4854	9510692.8691	2.8756e-27
961	94384.7819	-29712.3873	772347.7819	3502450.6127	9510692.8691	2.6726e-27
962	94480.8190	-29740.2600	772443.8190	3502422.7400	9510692.8691	2.4840e-27
963	94576.8560	-29768.1327	772539.8560	3502394.8673	9510692.8691	2.3086e-27
964	94672.8930	-29796.0055	772635.8930	3502366.9945	9510692.8691	2.1457e-27
965	94768.9301	-29823.8782	772731.9301	3502339.1218	9510692.8691	1.9942e-27
966	94864.9671	-29851.7509	772827.9671	3502311.2491	9510692.8691	1.8535e-27
967	94961.0041	-29879.6237	772924.0041	3502283.3763	9510692.8691	1.7226e-27
968	95057.0412	-29907.4964	773020.0412	3502255.5036	9510692.8691	1.6011e-27
969	95153.0782	-29935.3691	773116.0782	3502227.6309	9510692.8691	1.4881e-27
970	95249.1152	-29963.2419	773212.1152	3502199.7581	9510692.8691	1.3830e-27
971	95345.1522	-29991.1146	773308.1522	3502171.8854	9510692.8691	1.2854e-27
972	95441.1893	-30018.9873	773404.1893	3502144.0127	9510692.8691	1.1947e-27
973	95537.2263	-30046.8600	773500.2263	3502116.1400	9510692.8691	1.1104e-27
974	95633.2633	-30074.7328	773596.2633	3502088.2672	9510692.8691	1.0320e-27
975	95729.3004	-30102.6055	773692.3004	3502060.3945	9510692.8691	9.5915e-28
976	95825.3374	-30130.4782	773788.3374	3502032.5218	9510692.8691	8.9145e-28
977	95921.3744	-30158.3510	773884.3744	3502004.6490	9510692.8691	8.2853e-28
978	96017.4114	-30186.2237	773980.4114	3501976.7763	9510692.8691	7.7005e-28
979	96113.4485	-30214.0964	774076.4485	3501948.9036	9510692.8691	7.1570e-28
980	96209.4855	-30241.9692	774172.4855	3501921.0308	9510692.8691	6.6519e-28
981	96305.5225	-30269.8419	774268.5225	3501893.1581	9510692.8691	6.1824e-28
982	96401.5596	-30297.7146	774364.5596	3501865.2854	9510692.8691	5.7461e-28
983	96497.5966	-30325.5873	774460.5966	3501837.4127	9510692.8691	5.3405e-28
984	96593.6336	-30353.4601	774556.6336	3501809.5399	9510692.8691	4.9636e-28
985	96689.6706	-30381.3328	774652.6706	3501781.6672	9510692.8691	4.6133e-28
986	96785.7077	-30409.2055	774748.7077	3501753.7945	9510692.8691	4.2877e-28
987	96881.7447	-30437.0783	774844.7447	3501725.9217	9510692.8691	3.9851e-28
988	96977.7817	-30464.9510	774940.7817	3501698.0490	9510692.8691	3.7038e-28
989	97073.8188	-30492.8237	775036.8188	3501670.1763	9510692.8691	3.4424e-28
990	97169.8558	-30520.6964	775132.8558	3501642.3036	9510692.8691	3.1995e-28
991	97265.8928	-30548.5692	775228.8928	3501614.4308	9510692.8691	2.9737e-28
992	97361.9299	-30576.4419	775324.9299	3501586.5581	9510692.8691	2.7638e-28
993	97457.9669	-30604.3146	775420.9669	3501558.6854	9510692.8691	2.5688e-28
994	97554.0039	-30632.1874	775517.0039	3501530.8126	9510692.8691	2.3875e-28
995	97650.0409	-30660.0601	775613.0409	3501502.9399	9510692.8691	2.2190e-28
996	97746.0780	-30687.9328	775709.0780	3501475.0672	9510692.8691	2.0624e-28
997	97842.1150	-30715.8056	775805.1150	3501447.1944	9510692.8691	1.9168e-28
998	97938.1520	-30743.6783	775901.1520	3501419.3217	9510692.8691	1.7816e-28
999	98034.1891	-30771.5510	775997.1891	3501391.4490	9510692.8691	1.6558e-28
