i	x_from_vent	y_from_vent	x_coord	y_coord	sigma_square	mass_released
0	114518.0773	-166594.4832	792481.0773	3365568.5168	14916303504.1354	5.2976e+03
1	133226.2438	-197285.6915	811189.2438	3334877.3085	18011722500.8332	5.2953e+03
2	152628.4096	-229641.4958	830591.4096	3302521.5042	21389756309.1670	5.2930e+03
3	172959.4565	-262924.1180	850922.4565	3269238.8820	24993059035.3085	5.2907e+03
4	194976.9972	-296698.8090	872939.9972	3235464.1910	28822069116.5778	5.2884e+03
5	219031.7799	-330761.8480	896994.7799	3201401.1520	32879325269.0741	5.2862e+03
6	244933.5512	-364873.9245	922896.5512	3167289.0755	37156227059.7079	5.2839e+03
7	272552.4832	-398826.7897	950515.4832	3133336.2103	41636305396.5358	5.2816e+03
8	301464.6658	-432177.6034	979427.6658	3099985.3966	46297171814.4078	5.2793e+03
9	331238.0785	-464555.0103	1009201.0785	3067607.9897	51120575578.6937	5.2771e+03
10	361588.5097	-495780.3097	1039551.5097	3036382.6903	56096029994.1323	5.2748e+03
11	392561.4680	-525790.5408	1070524.4680	3006372.4592	61212713274.3972	5.2725e+03
12	424208.5337	-554535.3692	1102171.5337	2977627.6308	66459218180.5308	5.2702e+03
13	456157.9361	-582140.8816	1134120.9361	2950022.1184	71825945205.5511	5.2680e+03
14	488314.2311	-608647.9857	1166277.2311	2923515.0143	77301838792.2639	5.2657e+03
15	520834.1832	-633969.3964	1198797.1832	2898193.6036	82874301506.5842	5.2634e+03
16	553735.8929	-658052.5592	1231698.8929	2874110.4408	88531418812.1777	5.2612e+03
17	586591.5773	-681118.7999	1264554.5773	2851044.2001	94264324172.4347	5.2589e+03
18	619485.2325	-703121.7802	1297448.2325	2829041.2198	100061172480.0273	5.2566e+03
19	652679.0557	-723854.6272	1330642.0557	2808308.3728	105908792050.2028	5.2544e+03
20	685586.2739	-743696.7428	1363549.2739	2788466.2572	111800388661.0112	5.2521e+03
21	718505.4162	-762437.6069	1396468.4162	2769725.3931	117722975783.8755	5.2498e+03
22	751346.9301	-780217.1808	1429309.9301	2751945.8192	123666093473.2256	5.2476e+03
23	783706.5862	-797307.9969	1461669.5862	2734855.0031	129620751427.4444	5.2453e+03
24	816213.0397	-813648.1787	1494176.0397	2718514.8213	135573392516.8423	5.2431e+03
25	848074.3086	-829531.6291	1526037.3086	2702631.3709	141520910586.0425	5.2408e+03
26	879847.3065	-844918.3323	1557810.3065	2687244.6677	147447512489.0970	5.2385e+03
27	911058.2586	-859854.9317	1589021.2586	2672308.0683	153350965171.8627	5.2363e+03
28	942027.8385	-874311.0619	1619990.8385	2657851.9381	159219391340.8658	5.2340e+03
29	972449.7679	-888325.9978	1650412.7679	2643837.0022	165049707278.4295	5.2318e+03
30	1002580.9235	-901870.9576	1680543.9235	2630292.0424	170831681480.3507	5.2295e+03
31	1032085.1623	-915000.7142	1710048.1623	2617162.2858	176563772240.2339	5.2273e+03
32	1061347.8350	-927656.9419	1739310.8350	2604506.0581	182234568555.4029	5.2250e+03
33	1089813.5602	-939947.3889	1767776.5602	2592215.6111	187846730172.8951	5.2228e+03
34	1118180.5011	-951739.1424	1796143.5011	2580423.8576	193384633344.2842	5.2205e+03
35	1145727.9119	-963189.6480	1823690.9119	2568973.3520	198854350435.1575	5.2183e+03
36	1172938.3857	-974196.7424	1850901.3857	2557966.2576	204243869835.5205	5.2160e+03
37	1199572.9309	-984825.2492	1877535.9309	2547337.7508	209552642060.1981	5.2138e+03
38	1225481.7497	-995114.7980	1903444.7497	2537048.2020	214778743231.7553	5.2115e+03
39	1251164.1780	-1004941.5496	1929127.1780	2527221.4504	219908979155.6407	5.2093e+03
40	1276044.7685	-1014460.9939	1954007.7685	2517702.0061	224948168548.3612	5.2071e+03
41	1300332.4744	-1023619.5344	1978295.4744	2508543.4656	229888522367.9684	5.2048e+03
42	1324215.8191	-1032369.5396	2002178.8191	2499793.4604	234722724830.7978	5.2026e+03
43	1347307.3373	-1040828.9866	2025270.3373	2491334.0134	239453750914.1530	5.2003e+03
44	1369766.0352	-1048954.5716	2047729.0352	2483208.4284	244075394721.8464	5.1981e+03
45	1391822.3186	-1056680.4082	2069785.3186	2475482.5918	248580268127.3667	5.1959e+03
46	1413098.1927	-1064132.4708	2091061.1927	2468030.5292	252972188455.6776	5.1936e+03
47	1433603.5525	-1071314.2380	2111566.5525	2460848.7620	257248292361.4145	5.1914e+03
48	1453741.4456	-1078093.8557	2131704.4456	2454069.1443	261398509910.3922	5.1891e+03
49	1473178.5990	-1084592.4985	2151141.5990	2447570.5015	265426647069.7380	5.1869e+03
50	1491856.1440	-1090836.8111	2169819.1440	2441326.1889	269331664320.2916	5.1847e+03
51	1509783.2308	-1096829.8653	2187746.2308	2435333.1347	273111409022.1798	5.1825e+03
52	1527347.7695	-1102457.2281	2205310.7695	2429705.7719	276758282805.5682	5.1802e+03
53	1544199.7702	-1107832.5486	2222162.7702	2424330.4514	280270533885.3889	5.1780e+03
54	1560293.4235	-1112965.6939	2238256.4235	2419197.3061	283654055057.8392	5.1758e+03
55	1575605.8281	-1117849.3773	2253568.8281	2414313.6227	286895595030.5275	5.1735e+03
56	1590167.1377	-1122463.8607	2268130.1377	2409699.1393	289986743770.3880	5.1713e+03
57	1604212.2509	-1126739.0052	2282175.2509	2405423.9948	292917885687.1094	5.1691e+03
58	1617398.0517	-1130752.3863	2295361.0517	2401410.6137	295685121847.2050	5.1669e+03
59	1629709.9909	-1134499.5901	2307672.9909	2397663.4099	298282267811.3429	5.1646e+03
60	1641135.5343	-1137976.8162	2319098.5343	2394186.1838	300703703035.8118	5.1624e+03
61	1651664.0059	-1141180.8303	2329627.0059	2390982.1697	302944360364.0890	5.1602e+03
62	1661286.4490	-1144108.9214	2339249.4490	2388054.0786	304999716029.8757	5.1580e+03
63	1668578.8454	-1146312.3919	2346541.8454	2385850.6081	306559775314.3405	5.1557e+03
64	1672556.1259	-1147480.8668	2350519.1259	2384682.1332	307406780631.6808	5.1535e+03
65	1676067.4383	-1148512.3465	2354030.4383	2383650.6535	308153936598.8566	5.1513e+03
66	1679111.1717	-1149406.3736	2357074.1717	2382756.6264	308800426615.4861	5.1491e+03
67	1681686.3384	-1150162.6739	2359649.3384	2382000.3261	309345631587.2585	5.1469e+03
68	1683792.5435	-1150781.1475	2361755.5435	2381381.8525	309789124598.9930	5.1447e+03
69	1685429.9599	-1151261.8615	2363392.9599	2380901.1385	310130666275.0148	5.1425e+03
70	1686599.3074	-1151605.0433	2364562.3074	2380557.9567	310370200801.0605	5.1402e+03
71	1687301.8373	-1151811.0767	2365264.8373	2380351.9233	310507852585.6791	5.1380e+03
72	1687548.1331	-1151883.0866	2365511.1331	2380279.9134	310545311050.6088	5.1358e+03
73	1687644.1701	-1151910.9593	2365607.1701	2380252.0407	310545311050.6088	5.1336e+03
74	1687740.2072	-1151938.8320	2365703.2072	2380224.1680	310545311050.6088	5.1314e+03
75	1687836.2442	-1151966.7048	2365799.2442	2380196.2952	310545311050.6088	5.1292e+03
76	1687932.2812	-1151994.5775	2365895.2812	2380168.4225	310545311050.6088	5.1270e+03
77	1688028.3183	-1152022.4502	2365991.3183	2380140.5498	310545311050.6088	5.1248e+03
78	1688124.3553	-1152050.3229	2366087.3553	2380112.6771	310545311050.6088	5.1226e+03
79	1688220.3923	-1152078.1957	2366183.3923	2380084.8043	310545311050.6088	5.1204e+03
80	1688316.4293	-1152106.0684	2366279.4293	2380056.9316	310545311050.6088	5.1182e+03
81	1688412.4664	-1152133.9411	2366375.4664	2380029.0589	310545311050.6088	5.1160e+03
82	1688508.5034	-1152161.8139	2366471.5034	2380001.1861	310545311050.6088	5.1138e+03
83	1688604.5404	-1152189.6866	2366567.5404	2379973.3134	310545311050.6088	5.1116e+03
84	1688700.5775	-1152217.5593	2366663.5775	2379945.4407	310545311050.6088	5.1094e+03
85	1688796.6145	-1152245.4321	2366759.6145	2379917.5679	310545311050.6088	5.1072e+03
86	1688892.6515	-1152273.3048	2366855.6515	2379889.6952	310545311050.6088	5.1050e+03
87	1688988.6885	-1152301.1775	2366951.6885	2379861.8225	310545311050.6088	5.1028e+03
88	1689084.7256	-1152329.0502	2367047.7256	2379833.9498	310545311050.6088	5.1006e+03
89	1689180.7626	-1152356.9230	2367143.7626	2379806.0770	310545311050.6088	5.0984e+03
90	1689276.7996	-1152384.7957	2367239.7996	2379778.2043	310545311050.6088	5.0962e+03
91	1689372.8367	-1152412.6684	2367335.8367	2379750.3316	310545311050.6088	5.0940e+03
92	1689468.8737	-1152440.5412	2367431.8737	2379722.4588	310545311050.6088	5.0918e+03
93	1689564.9107	-1152468.4139	2367527.9107	2379694.5861	310545311050.6088	5.0896e+03
94	1689660.9477	-1152496.2866	2367623.9477	2379666.7134	310545311050.6088	5.0874e+03
95	1689756.9848	-1152524.1593	2367719.9848	2379638.8407	310545311050.6088	5.0852e+03
96	1689853.0218	-1152552.0321	2367816.0218	2379610.9679	310545311050.6088	5.0831e+03
97	1689949.0588	-1152579.9048	2367912.0588	2379583.0952	310545311050.6088	5.0809e+03
98	1690045.0959	-1152607.7775	2368008.0959	2379555.2225	310545311050.6088	5.0787e+03
99	1690141.1329	-1152635.6503	2368104.1329	2379527.3497	310545311050.6088	5.0765e+03
100	1690237.1699	-1152663.5230	2368200.1699	2379499.4770	310545311050.6088	5.0743e+03
101	1690333.2070	-1152691.3957	2368296.2070	2379471.6043	310545311050.6088	5.0721e+03
102	1690429.2440	-1152719.2685	2368392.2440	2379443.7315	310545311050.6088	5.0700e+03
103	1690525.2810	-1152747.1412	2368488.2810	2379415.8588	310545311050.6088	5.0678e+03
104	1690621.3180	-1152775.0139	2368584.3180	2379387.9861	310545311050.6088	5.0656e+03
105	1690717.3551	-1152802.8866	2368680.3551	2379360.1134	310545311050.6088	5.0634e+03
106	1690813.3921	-1152830.7594	2368776.3921	2379332.2406	310545311050.6088	5.0612e+03
107	1690909.4291	-1152858.6321	2368872.4291	2379304.3679	310545311050.6088	5.0591e+03
108	1691005.4662	-1152886.5048	2368968.4662	2379276.4952	310545311050.6088	5.0569e+03
109	1691101.5032	-1152914.3776	2369064.5032	2379248.6224	310545311050.6088	5.0547e+03
110	1691197.5402	-1152942.2503	2369160.5402	2379220.7497	310545311050.6088	5.0525e+03
111	1691293.5772	-1152970.1230	2369256.5772	2379192.8770	310545311050.6088	5.0504e+03
112	1691389.6143	-1152997.9957	2369352.6143	2379165.0043	310545311050.6088	5.0482e+03
113	1691485.6513	-1153025.8685	2369448.6513	2379137.1315	310545311050.6088	5.0460e+03
114	1691581.6883	-1153053.7412	2369544.6883	2379109.2588	310545311050.6088	5.0439e+03
115	1691677.7254	-1153081.6139	2369640.7254	2379081.3861	310545311050.6088	5.0417e+03
116	1691773.7624	-1153109.4867	2369736.7624	2379053.5133	310545311050.6088	5.0395e+03
117	1691869.7994	-1153137.3594	2369832.7994	2379025.6406	310545311050.6088	5.0374e+03
118	1691965.8364	-1153165.2321	2369928.8364	2378997.7679	310545311050.6088	5.0352e+03
119	1692061.8735	-1153193.1049	2370024.8735	2378969.8951	310545311050.6088	5.0330e+03
120	1692157.9105	-1153220.9776	2370120.9105	2378942.0224	310545311050.6088	5.0309e+03
121	1692253.9475	-1153248.8503	2370216.9475	2378914.1497	310545311050.6088	5.0287e+03
122	1692349.9846	-1153276.7230	2370312.9846	2378886.2770	310545311050.6088	5.0265e+03
123	1692446.0216	-1153304.5958	2370409.0216	2378858.4042	310545311050.6088	5.0244e+03
124	1692542.0586	-1153332.4685	2370505.0586	2378830.5315	310545311050.6088	5.0222e+03
125	1692638.0957	-1153360.3412	2370601.0957	2378802.6588	310545311050.6088	5.0201e+03
126	1692734.1327	-1153388.2140	2370697.1327	2378774.7860	310545311050.6088	5.0179e+03
127	1692830.1697	-1153416.0867	2370793.1697	2378746.9133	310545311050.6088	5.0158e+03
128	1692926.2067	-1153443.9594	2370889.2067	2378719.0406	310545311050.6088	5.0136e+03
129	1693022.2438	-1153471.8321	2370985.2438	2378691.1679	310545311050.6088	5.0114e+03
130	1693118.2808	-1153499.7049	2371081.2808	2378663.2951	310545311050.6088	5.0093e+03
131	1693214.3178	-1153527.5776	2371177.3178	2378635.4224	310545311050.6088	5.0071e+03
132	1693310.3549	-1153555.4503	2371273.3549	2378607.5497	310545311050.6088	5.0050e+03
133	1693406.3919	-1153583.3231	2371369.3919	2378579.6769	310545311050.6088	5.0028e+03
134	1693502.4289	-1153611.1958	2371465.4289	2378551.8042	310545311050.6088	5.0007e+03
135	1693598.4659	-1153639.0685	2371561.4659	2378523.9315	310545311050.6088	4.9985e+03
136	1693694.5030	-1153666.9413	2371657.5030	2378496.0587	310545311050.6088	4.9964e+03
137	1693790.5400	-1153694.8140	2371753.5400	2378468.1860	310545311050.6088	4.9942e+03
138	1693886.5770	-1153722.6867	2371849.5770	2378440.3133	310545311050.6088	4.9921e+03
139	1693982.6141	-1153750.5594	2371945.6141	2378412.4406	310545311050.6088	4.9899e+03
140	1694078.6511	-1153778.4322	2372041.6511	2378384.5678	310545311050.6088	4.9878e+03
141	1694174.6881	-1153806.3049	2372137.6881	2378356.6951	310545311050.6088	4.9857e+03
142	1694270.7251	-1153834.1776	2372233.7251	2378328.8224	310545311050.6088	4.9835e+03
143	1694366.7622	-1153862.0504	2372329.7622	2378300.9496	310545311050.6088	4.9814e+03
144	1694462.7992	-1153889.9231	2372425.7992	2378273.0769	310545311050.6088	4.9792e+03
145	1694558.8362	-1153917.7958	2372521.8362	2378245.2042	310545311050.6088	4.9771e+03
146	1694654.8733	-1153945.6685	2372617.8733	2378217.3315	310545311050.6088	4.9750e+03
147	1694750.9103	-1153973.5413	2372713.9103	2378189.4587	310545311050.6088	4.9728e+03
148	1694846.9473	-1154001.4140	2372809.9473	2378161.5860	310545311050.6088	4.9707e+03
149	1694942.9843	-1154029.2867	2372905.9843	2378133.7133	310545311050.6088	4.9686e+03
150	1695039.0214	-1154057.1595	2373002.0214	2378105.8405	310545311050.6088	4.9664e+03
151	1695135.0584	-1154085.0322	2373098.0584	2378077.9678	310545311050.6088	4.9643e+03
152	1695231.0954	-1154112.9049	2373194.0954	2378050.0951	310545311050.6088	4.9622e+03
153	1695327.1325	-1154140.7777	2373290.1325	2378022.2223	310545311050.6088	4.9600e+03
154	1695423.1695	-1154168.6504	2373386.1695	2377994.3496	310545311050.6088	4.9579e+03
155	1695519.2065	-1154196.5231	2373482.2065	2377966.4769	310545311050.6088	4.9558e+03
156	1695615.2436	-1154224.3958	2373578.2436	2377938.6042	310545311050.6088	4.9536e+03
157	1695711.2806	-1154252.2686	2373674.2806	2377910.7314	310545311050.6088	4.9515e+03
158	1695807.3176	-1154280.1413	2373770.3176	2377882.8587	310545311050.6088	4.9494e+03
159	1695903.3546	-1154308.0140	2373866.3546	2377854.9860	310545311050.6088	4.9473e+03
160	1695999.3917	-1154335.8868	2373962.3917	2377827.1132	310545311050.6088	4.9451e+03
161	1696095.4287	-1154363.7595	2374058.4287	2377799.2405	310545311050.6088	4.9430e+03
162	1696191.4657	-1154391.6322	2374154.4657	2377771.3678	310545311050.6088	4.9409e+03
163	1696287.5028	-1154419.5049	2374250.5028	2377743.4951	310545311050.6088	4.9388e+03
164	1696383.5398	-1154447.3777	2374346.5398	2377715.6223	310545311050.6088	4.9366e+03
165	1696479.5768	-1154475.2504	2374442.5768	2377687.7496	310545311050.6088	4.9345e+03
166	1696575.6138	-1154503.1231	2374538.6138	2377659.8769	310545311050.6088	4.9324e+03
167	1696671.6509	-1154530.9959	2374634.6509	2377632.0041	310545311050.6088	4.9303e+03
168	1696767.6879	-1154558.8686	2374730.6879	2377604.1314	310545311050.6088	4.9282e+03
169	1696863.7249	-1154586.7413	2374826.7249	2377576.2587	310545311050.6088	4.9260e+03
170	1696959.7620	-1154614.6141	2374922.7620	2377548.3859	310545311050.6088	4.9239e+03
171	1697055.7990	-1154642.4868	2375018.7990	2377520.5132	310545311050.6088	4.9218e+03
172	1697151.8360	-1154670.3595	2375114.8360	2377492.6405	310545311050.6088	4.9197e+03
173	1697247.8730	-1154698.2322	2375210.8730	2377464.7678	310545311050.6088	4.9176e+03
174	1697343.9101	-1154726.1050	2375306.9101	2377436.8950	310545311050.6088	4.9155e+03
175	1697439.9471	-1154753.9777	2375402.9471	2377409.0223	310545311050.6088	4.9134e+03
176	1697535.9841	-1154781.8504	2375498.9841	2377381.1496	310545311050.6088	4.9113e+03
177	1697632.0212	-1154809.7232	2375595.0212	2377353.2768	310545311050.6088	4.9092e+03
178	1697728.0582	-1154837.5959	2375691.0582	2377325.4041	310545311050.6088	4.9070e+03
179	1697824.0952	-1154865.4686	2375787.0952	2377297.5314	310545311050.6088	4.9049e+03
180	1697920.1323	-1154893.3413	2375883.1323	2377269.6587	310545311050.6088	4.9028e+03
181	1698016.1693	-1154921.2141	2375979.1693	2377241.7859	310545311050.6088	4.9007e+03
182	1698112.2063	-1154949.0868	2376075.2063	2377213.9132	310545311050.6088	4.8986e+03
183	1698208.2433	-1154976.9595	2376171.2433	2377186.0405	310545311050.6088	4.8965e+03
184	1698304.2804	-1155004.8323	2376267.2804	2377158.1677	310545311050.6088	4.8944e+03
185	1698400.3174	-1155032.7050	2376363.3174	2377130.2950	310545311050.6088	4.8923e+03
186	1698496.3544	-1155060.5777	2376459.3544	2377102.4223	310545311050.6088	4.8902e+03
187	1698592.3915	-1155088.4505	2376555.3915	2377074.5495	310545311050.6088	4.8881e+03
188	1698688.4285	-1155116.3232	2376651.4285	2377046.6768	310545311050.6088	4.8860e+03
189	1698784.4655	-1155144.1959	2376747.4655	2377018.8041	310545311050.6088	4.8839e+03
190	1698880.5025	-1155172.0686	2376843.5025	2376990.9314	310545311050.6088	4.8818e+03
191	1698976.5396	-1155199.9414	2376939.5396	2376963.0586	310545311050.6088	4.8797e+03
192	1699072.5766	-1155227.8141	2377035.5766	2376935.1859	310545311050.6088	4.8776e+03
193	1699168.6136	-1155255.6868	2377131.6136	2376907.3132	310545311050.6088	4.8755e+03
194	1699264.6507	-1155283.5596	2377227.6507	2376879.4404	310545311050.6088	4.8734e+03
195	1699360.6877	-1155311.4323	2377323.6877	2376851.5677	310545311050.6088	4.8714e+03
196	1699456.7247	-1155339.3050	2377419.7247	2376823.6950	310545311050.6088	4.8693e+03
197	1699552.7617	-1155367.1777	2377515.7617	2376795.8223	310545311050.6088	4.8672e+03
198	1699648.7988	-1155395.0505	2377611.7988	2376767.9495	310545311050.6088	4.8651e+03
199	1699744.8358	-1155422.9232	2377707.8358	2376740.0768	310545311050.6088	4.8630e+03
200	1699840.8728	-1155450.7959	2377803.8728	2376712.2041	310545311050.6088	4.8609e+03
201	1699936.9099	-1155478.6687	2377899.9099	2376684.3313	310545311050.6088	4.8588e+03
202	1700032.9469	-1155506.5414	2377995.9469	2376656.4586	310545311050.6088	4.8567e+03
203	1700128.9839	-1155534.4141	2378091.9839	2376628.5859	310545311050.6088	4.8547e+03
204	1700225.0209	-1155562.2869	2378188.0209	2376600.7131	310545311050.6088	4.8526e+03
205	1700321.0580	-1155590.1596	2378284.0580	2376572.8404	310545311050.6088	4.8505e+03
206	1700417.0950	-1155618.0323	2378380.0950	2376544.9677	310545311050.6088	4.8484e+03
207	1700513.1320	-1155645.9050	2378476.1320	2376517.0950	310545311050.6088	4.8463e+03
208	1700609.1691	-1155673.7778	2378572.1691	2376489.2222	310545311050.6088	4.8443e+03
209	1700705.2061	-1155701.6505	2378668.2061	2376461.3495	310545311050.6088	4.8422e+03
210	1700801.2431	-1155729.5232	2378764.2431	2376433.4768	310545311050.6088	4.8401e+03
211	1700897.2802	-1155757.3960	2378860.2802	2376405.6040	310545311050.6088	4.8380e+03
212	1700993.3172	-1155785.2687	2378956.3172	2376377.7313	310545311050.6088	4.8359e+03
213	1701089.3542	-1155813.1414	2379052.3542	2376349.8586	310545311050.6088	4.8339e+03
214	1701185.3912	-1155841.0141	2379148.3912	2376321.9859	310545311050.6088	4.8318e+03
215	1701281.4283	-1155868.8869	2379244.4283	2376294.1131	310545311050.6088	4.8297e+03
216	1701377.4653	-1155896.7596	2379340.4653	2376266.2404	310545311050.6088	4.8277e+03
217	1701473.5023	-1155924.6323	2379436.5023	2376238.3677	310545311050.6088	4.8256e+03
218	1701569.5394	-1155952.5051	2379532.5394	2376210.4949	310545311050.6088	4.8235e+03
219	1701665.5764	-1155980.3778	2379628.5764	2376182.6222	310545311050.6088	4.8214e+03
220	1701761.6134	-1156008.2505	2379724.6134	2376154.7495	310545311050.6088	4.8194e+03
221	1701857.6504	-1156036.1233	2379820.6504	2376126.8767	310545311050.6088	4.8173e+03
222	1701953.6875	-1156063.9960	2379916.6875	2376099.0040	310545311050.6088	4.8152e+03
223	1702049.7245	-1156091.8687	2380012.7245	2376071.1313	310545311050.6088	4.8132e+03
224	1702145.7615	-1156119.7414	2380108.7615	2376043.2586	310545311050.6088	4.8111e+03
225	1702241.7986	-1156147.6142	2380204.7986	2376015.3858	310545311050.6088	4.8090e+03
226	1702337.8356	-1156175.4869	2380300.8356	2375987.5131	310545311050.6088	4.8070e+03
227	1702433.8726	-1156203.3596	2380396.8726	2375959.6404	310545311050.6088	4.8049e+03
228	1702529.9096	-1156231.2324	2380492.9096	2375931.7676	310545311050.6088	4.8029e+03
229	1702625.9467	-1156259.1051	2380588.9467	2375903.8949	310545311050.6088	4.8008e+03
230	1702721.9837	-1156286.9778	2380684.9837	2375876.0222	310545311050.6088	4.7987e+03
231	1702818.0207	-1156314.8505	2380781.0207	2375848.1495	310545311050.6088	4.7967e+03
232	1702914.0578	-1156342.7233	2380877.0578	2375820.2767	310545311050.6088	4.7946e+03
233	1703010.0948	-1156370.5960	2380973.0948	2375792.4040	310545311050.6088	4.7926e+03
234	1703106.1318	-1156398.4687	2381069.1318	2375764.5313	310545311050.6088	4.7905e+03
235	1703202.1688	-1156426.3415	2381165.1688	2375736.6585	310545311050.6088	4.7885e+03
236	1703298.2059	-1156454.2142	2381261.2059	2375708.7858	310545311050.6088	4.7864e+03
237	1703394.2429	-1156482.0869	2381357.2429	2375680.9131	310545311050.6088	4.7844e+03
238	1703490.2799	-1156509.9597	2381453.2799	2375653.0403	310545311050.6088	4.7823e+03
239	1703586.3170	-1156537.8324	2381549.3170	2375625.1676	310545311050.6088	4.7803e+03
240	1703682.3540	-1156565.7051	2381645.3540	2375597.2949	310545311050.6088	4.7782e+03
241	1703778.3910	-1156593.5778	2381741.3910	2375569.4222	310545311050.6088	4.7762e+03
242	1703874.4281	-1156621.4506	2381837.4281	2375541.5494	310545311050.6088	4.7741e+03
243	1703970.4651	-1156649.3233	2381933.4651	2375513.6767	310545311050.6088	4.7721e+03
244	1704066.5021	-1156677.1960	2382029.5021	2375485.8040	310545311050.6088	4.7700e+03
245	1704162.5391	-1156705.0688	2382125.5391	2375457.9312	310545311050.6088	4.7680e+03
246	1704258.5762	-1156732.9415	2382221.5762	2375430.0585	310545311050.6088	4.7659e+03
247	1704354.6132	-1156760.8142	2382317.6132	2375402.1858	310545311050.6088	4.7639e+03
248	1704450.6502	-1156788.6869	2382413.6502	2375374.3131	310545311050.6088	4.7618e+03
249	1704546.6873	-1156816.5597	2382509.6873	2375346.4403	310545311050.6088	4.7598e+03
250	1704642.7243	-1156844.4324	2382605.7243	2375318.5676	310545311050.6088	4.7578e+03
251	1704738.7613	-1156872.3051	2382701.7613	2375290.6949	310545311050.6088	4.7557e+03
252	1704834.7983	-1156900.1779	2382797.7983	2375262.8221	310545311050.6088	4.7537e+03
253	1704930.8354	-1156928.0506	2382893.8354	2375234.9494	310545311050.6088	4.7516e+03
254	1705026.8724	-1156955.9233	2382989.8724	2375207.0767	310545311050.6088	4.7496e+03
255	1705122.9094	-1156983.7961	2383085.9094	2375179.2039	310545311050.6088	4.7476e+03
256	1705218.9465	-1157011.6688	2383181.9465	2375151.3312	310545311050.6088	4.7455e+03
257	1705314.9835	-1157039.5415	2383277.9835	2375123.4585	310545311050.6088	4.7435e+03
258	1705411.0205	-1157067.4142	2383374.0205	2375095.5858	310545311050.6088	4.7415e+03
259	1705507.0575	-1157095.2870	2383470.0575	2375067.7130	310545311050.6088	4.7394e+03
260	1705603.0946	-1157123.1597	2383566.0946	2375039.8403	310545311050.6088	4.7374e+03
261	1705699.1316	-1157151.0324	2383662.1316	2375011.9676	310545311050.6088	4.7354e+03
262	1705795.1686	-1157178.9052	2383758.1686	2374984.0948	310545311050.6088	4.7333e+03
263	1705891.2057	-1157206.7779	2383854.2057	2374956.2221	310545311050.6088	4.7313e+03
264	1705987.2427	-1157234.6506	2383950.2427	2374928.3494	310545311050.6088	4.7293e+03
265	1706083.2797	-1157262.5233	2384046.2797	2374900.4767	310545311050.6088	4.7273e+03
266	1706179.3168	-1157290.3961	2384142.3168	2374872.6039	310545311050.6088	4.7252e+03
267	1706275.3538	-1157318.2688	2384238.3538	2374844.7312	310545311050.6088	4.7232e+03
268	1706371.3908	-1157346.1415	2384334.3908	2374816.8585	310545311050.6088	4.7212e+03
269	1706467.4278	-1157374.0143	2384430.4278	2374788.9857	310545311050.6088	4.7192e+03
270	1706563.4649	-1157401.8870	2384526.4649	2374761.1130	310545311050.6088	4.7171e+03
271	1706659.5019	-1157429.7597	2384622.5019	2374733.2403	310545311050.6088	4.7151e+03
272	1706755.5389	-1157457.6325	2384718.5389	2374705.3675	310545311050.6088	4.7131e+03
273	1706851.5760	-1157485.5052	2384814.5760	2374677.4948	310545311050.6088	4.7111e+03
274	1706947.6130	-1157513.3779	2384910.6130	2374649.6221	310545311050.6088	4.7091e+03
275	1707043.6500	-1157541.2506	2385006.6500	2374621.7494	310545311050.6088	4.7070e+03
276	1707139.6870	-1157569.1234	2385102.6870	2374593.8766	310545311050.6088	4.7050e+03
277	1707235.7241	-1157596.9961	2385198.7241	2374566.0039	310545311050.6088	4.7030e+03
278	1707331.7611	-1157624.8688	2385294.7611	2374538.1312	310545311050.6088	4.7010e+03
279	1707427.7981	-1157652.7416	2385390.7981	2374510.2584	310545311050.6088	4.6990e+03
280	1707523.8352	-1157680.6143	2385486.8352	2374482.3857	310545311050.6088	4.6970e+03
281	1707619.8722	-1157708.4870	2385582.8722	2374454.5130	310545311050.6088	4.6950e+03
282	1707715.9092	-1157736.3597	2385678.9092	2374426.6403	310545311050.6088	4.6929e+03
283	1707811.9462	-1157764.2325	2385774.9462	2374398.7675	310545311050.6088	4.6909e+03
284	1707907.9833	-1157792.1052	2385870.9833	2374370.8948	310545311050.6088	4.6889e+03
285	1708004.0203	-1157819.9779	2385967.0203	2374343.0221	310545311050.6088	4.6869e+03
286	1708100.0573	-1157847.8507	2386063.0573	2374315.1493	310545311050.6088	4.6849e+03
287	1708196.0944	-1157875.7234	2386159.0944	2374287.2766	310545311050.6088	4.6829e+03
288	1708292.1314	-1157903.5961	2386255.1314	2374259.4039	310545311050.6088	4.6809e+03
289	1708388.1684	-1157931.4689	2386351.1684	2374231.5311	310545311050.6088	4.6789e+03
290	1708484.2054	-1157959.3416	2386447.2054	2374203.6584	310545311050.6088	4.6769e+03
291	1708580.2425	-1157987.2143	2386543.2425	2374175.7857	310545311050.6088	4.6749e+03
292	1708676.2795	-1158015.0870	2386639.2795	2374147.9130	310545311050.6088	4.6729e+03
293	1708772.3165	-1158042.9598	2386735.3165	2374120.0402	310545311050.6088	4.6709e+03
294	1708868.3536	-1158070.8325	2386831.3536	2374092.1675	310545311050.6088	4.6689e+03
295	1708964.3906	-1158098.7052	2386927.3906	2374064.2948	310545311050.6088	4.6669e+03
296	1709060.4276	-1158126.5780	2387023.4276	2374036.4220	310545311050.6088	4.6649e+03
297	1709156.4647	-1158154.4507	2387119.4647	2374008.5493	310545311050.6088	4.6629e+03
298	1709252.5017	-1158182.3234	2387215.5017	2373980.6766	310545311050.6088	4.6609e+03
299	1709348.5387	-1158210.1961	2387311.5387	2373952.8039	310545311050.6088	4.6589e+03
300	1709444.5757	-1158238.0689	2387407.5757	2373924.9311	310545311050.6088	4.6569e+03
301	1709540.6128	-1158265.9416	2387503.6128	2373897.0584	310545311050.6088	4.6549e+03
302	1709636.6498	-1158293.8143	2387599.6498	2373869.1857	310545311050.6088	4.6529e+03
303	1709732.6868	-1158321.6871	2387695.6868	2373841.3129	310545311050.6088	4.6509e+03
304	1709828.7239	-1158349.5598	2387791.7239	2373813.4402	310545311050.6088	4.6489e+03
305	1709924.7609	-1158377.4325	2387887.7609	2373785.5675	310545311050.6088	4.6469e+03
306	1710020.7979	-1158405.3053	2387983.7979	2373757.6947	310545311050.6088	4.6449e+03
307	1710116.8349	-1158433.1780	2388079.8349	2373729.8220	310545311050.6088	4.6429e+03
308	1710212.8720	-1158461.0507	2388175.8720	2373701.9493	310545311050.6088	4.6410e+03
309	1710308.9090	-1158488.9234	2388271.9090	2373674.0766	310545311050.6088	4.6390e+03
310	1710404.9460	-1158516.7962	2388367.9460	2373646.2038	310545311050.6088	4.6370e+03
311	1710500.9831	-1158544.6689	2388463.9831	2373618.3311	310545311050.6088	4.6350e+03
312	1710597.0201	-1158572.5416	2388560.0201	2373590.4584	310545311050.6088	4.6330e+03
313	1710693.0571	-1158600.4144	2388656.0571	2373562.5856	310545311050.6088	4.6310e+03
314	1710789.0941	-1158628.2871	2388752.0941	2373534.7129	310545311050.6088	4.6291e+03
315	1710885.1312	-1158656.1598	2388848.1312	2373506.8402	310545311050.6088	4.6271e+03
316	1710981.1682	-1158684.0326	2388944.1682	2373478.9674	310545311050.6088	4.6251e+03
317	1711077.2052	-1158711.9053	2389040.2052	2373451.0947	310545311050.6088	4.6231e+03
318	1711173.2423	-1158739.7780	2389136.2423	2373423.2220	310545311050.6088	4.6211e+03
319	1711269.2793	-1158767.6507	2389232.2793	2373395.3493	310545311050.6088	4.6192e+03
320	1711365.3163	-1158795.5235	2389328.3163	2373367.4765	310545311050.6088	4.6172e+03
321	1711461.3534	-1158823.3962	2389424.3534	2373339.6038	310545311050.6088	4.6152e+03
322	1711557.3904	-1158851.2689	2389520.3904	2373311.7311	310545311050.6088	4.6132e+03
323	1711653.4274	-1158879.1417	2389616.4274	2373283.8583	310545311050.6088	4.6112e+03
324	1711749.4644	-1158907.0144	2389712.4644	2373255.9856	310545311050.6088	4.6093e+03
325	1711845.5015	-1158934.8871	2389808.5015	2373228.1129	310545311050.6088	4.6073e+03
326	1711941.5385	-1158962.7598	2389904.5385	2373200.2402	310545311050.6088	4.6053e+03
327	1712037.5755	-1158990.6326	2390000.5755	2373172.3674	310545311050.6088	4.6034e+03
328	1712133.6126	-1159018.5053	2390096.6126	2373144.4947	310545311050.6088	4.6014e+03
329	1712229.6496	-1159046.3780	2390192.6496	2373116.6220	310545311050.6088	4.5994e+03
330	1712325.6866	-1159074.2508	2390288.6866	2373088.7492	310545311050.6088	4.5974e+03
331	1712421.7236	-1159102.1235	2390384.7236	2373060.8765	310545311050.6088	4.5955e+03
332	1712517.7607	-1159129.9962	2390480.7607	2373033.0038	310545311050.6088	4.5935e+03
333	1712613.7977	-1159157.8690	2390576.7977	2373005.1310	310545311050.6088	4.5915e+03
334	1712709.8347	-1159185.7417	2390672.8347	2372977.2583	310545311050.6088	4.5896e+03
335	1712805.8718	-1159213.6144	2390768.8718	2372949.3856	310545311050.6088	4.5876e+03
336	1712901.9088	-1159241.4871	2390864.9088	2372921.5129	310545311050.6088	4.5857e+03
337	1712997.9458	-1159269.3599	2390960.9458	2372893.6401	310545311050.6088	4.5837e+03
338	1713093.9828	-1159297.2326	2391056.9828	2372865.7674	310545311050.6088	4.5817e+03
339	1713190.0199	-1159325.1053	2391153.0199	2372837.8947	310545311050.6088	4.5798e+03
340	1713286.0569	-1159352.9781	2391249.0569	2372810.0219	310545311050.6088	4.5778e+03
341	1713382.0939	-1159380.8508	2391345.0939	2372782.1492	310545311050.6088	4.5759e+03
342	1713478.1310	-1159408.7235	2391441.1310	2372754.2765	310545311050.6088	4.5739e+03
343	1713574.1680	-1159436.5962	2391537.1680	2372726.4038	310545311050.6088	4.5719e+03
344	1713670.2050	-1159464.4690	2391633.2050	2372698.5310	310545311050.6088	4.5700e+03
345	1713766.2420	-1159492.3417	2391729.2420	2372670.6583	310545311050.6088	4.5680e+03
346	1713862.2791	-1159520.2144	2391825.2791	2372642.7856	310545311050.6088	4.5661e+03
347	1713958.3161	-1159548.0872	2391921.3161	2372614.9128	310545311050.6088	4.5641e+03
348	1714054.3531	-1159575.9599	2392017.3531	2372587.0401	310545311050.6088	4.5622e+03
349	1714150.3902	-1159603.8326	2392113.3902	2372559.1674	310545311050.6088	4.5602e+03
350	1714246.4272	-1159631.7054	2392209.4272	2372531.2946	310545311050.6088	4.5583e+03
351	1714342.4642	-1159659.5781	2392305.4642	2372503.4219	310545311050.6088	4.5563e+03
352	1714438.5013	-1159687.4508	2392401.5013	2372475.5492	310545311050.6088	4.5544e+03
353	1714534.5383	-1159715.3235	2392497.5383	2372447.6765	310545311050.6088	4.5524e+03
354	1714630.5753	-1159743.1963	2392593.5753	2372419.8037	310545311050.6088	4.5505e+03
355	1714726.6123	-1159771.0690	2392689.6123	2372391.9310	310545311050.6088	4.5485e+03
356	1714822.6494	-1159798.9417	2392785.6494	2372364.0583	310545311050.6088	4.5466e+03
357	1714918.6864	-1159826.8145	2392881.6864	2372336.1855	310545311050.6088	4.5446e+03
358	1715014.7234	-1159854.6872	2392977.7234	2372308.3128	310545311050.6088	4.5427e+03
359	1715110.7605	-1159882.5599	2393073.7605	2372280.4401	310545311050.6088	4.5407e+03
360	1715206.7975	-1159910.4326	2393169.7975	2372252.5674	310545311050.6088	4.5388e+03
361	1715302.8345	-1159938.3054	2393265.8345	2372224.6946	310545311050.6088	4.5369e+03
362	1715398.8715	-1159966.1781	2393361.8715	2372196.8219	310545311050.6088	4.5349e+03
363	1715494.9086	-1159994.0508	2393457.9086	2372168.9492	310545311050.6088	4.5330e+03
364	1715590.9456	-1160021.9236	2393553.9456	2372141.0764	310545311050.6088	4.5310e+03
365	1715686.9826	-1160049.7963	2393649.9826	2372113.2037	310545311050.6088	4.5291e+03
366	1715783.0197	-1160077.6690	2393746.0197	2372085.3310	310545311050.6088	4.5272e+03
367	1715879.0567	-1160105.5418	2393842.0567	2372057.4582	310545311050.6088	4.5252e+03
368	1715975.0937	-1160133.4145	2393938.0937	2372029.5855	310545311050.6088	4.5233e+03
369	1716071.1307	-1160161.2872	2394034.1307	2372001.7128	310545311050.6088	4.5214e+03
370	1716167.1678	-1160189.1599	2394130.1678	2371973.8401	310545311050.6088	4.5194e+03
371	1716263.2048	-1160217.0327	2394226.2048	2371945.9673	310545311050.6088	4.5175e+03
372	1716359.2418	-1160244.9054	2394322.2418	2371918.0946	310545311050.6088	4.5156e+03
373	1716455.2789	-1160272.7781	2394418.2789	2371890.2219	310545311050.6088	4.5136e+03
374	1716551.3159	-1160300.6509	2394514.3159	2371862.3491	310545311050.6088	4.5117e+03
375	1716647.3529	-1160328.5236	2394610.3529	2371834.4764	310545311050.6088	4.5098e+03
376	1716743.3899	-1160356.3963	2394706.3899	2371806.6037	310545311050.6088	4.5078e+03
377	1716839.4270	-1160384.2690	2394802.4270	2371778.7310	310545311050.6088	4.5059e+03
378	1716935.4640	-1160412.1418	2394898.4640	2371750.8582	310545311050.6088	4.5040e+03
379	1717031.5010	-1160440.0145	2394994.5010	2371722.9855	310545311050.6088	4.5021e+03
380	1717127.5381	-1160467.8872	2395090.5381	2371695.1128	310545311050.6088	4.5001e+03
381	1717223.5751	-1160495.7600	2395186.5751	2371667.2400	310545311050.6088	4.4982e+03
382	1717319.6121	-1160523.6327	2395282.6121	2371639.3673	310545311050.6088	4.4963e+03
383	1717415.6492	-1160551.5054	2395378.6492	2371611.4946	310545311050.6088	4.4944e+03
384	1717511.6862	-1160579.3782	2395474.6862	2371583.6218	310545311050.6088	4.4924e+03
385	1717607.7232	-1160607.2509	2395570.7232	2371555.7491	310545311050.6088	4.4905e+03
386	1717703.7602	-1160635.1236	2395666.7602	2371527.8764	310545311050.6088	4.4886e+03
387	1717799.7973	-1160662.9963	2395762.7973	2371500.0037	310545311050.6088	4.4867e+03
388	1717895.8343	-1160690.8691	2395858.8343	2371472.1309	310545311050.6088	4.4848e+03
389	1717991.8713	-1160718.7418	2395954.8713	2371444.2582	310545311050.6088	4.4829e+03
390	1718087.9084	-1160746.6145	2396050.9084	2371416.3855	310545311050.6088	4.4809e+03
391	1718183.9454	-1160774.4873	2396146.9454	2371388.5127	310545311050.6088	4.4790e+03
392	1718279.9824	-1160802.3600	2396242.9824	2371360.6400	310545311050.6088	4.4771e+03
393	1718376.0194	-1160830.2327	2396339.0194	2371332.7673	310545311050.6088	4.4752e+03
394	1718472.0565	-1160858.1054	2396435.0565	2371304.8946	310545311050.6088	4.4733e+03
395	1718568.0935	-1160885.9782	2396531.0935	2371277.0218	310545311050.6088	4.4714e+03
396	1718664.1305	-1160913.8509	2396627.1305	2371249.1491	310545311050.6088	4.4695e+03
397	1718760.1676	-1160941.7236	2396723.1676	2371221.2764	310545311050.6088	4.4675e+03
398	1718856.2046	-1160969.5964	2396819.2046	2371193.4036	310545311050.6088	4.4656e+03
399	1718952.2416	-1160997.4691	2396915.2416	2371165.5309	310545311050.6088	4.4637e+03
400	1719048.2786	-1161025.3418	2397011.2786	2371137.6582	310545311050.6088	4.4618e+03
401	1719144.3157	-1161053.2146	2397107.3157	2371109.7854	310545311050.6088	4.4599e+03
402	1719240.3527	-1161081.0873	2397203.3527	2371081.9127	310545311050.6088	4.4580e+03
403	1719336.3897	-1161108.9600	2397299.3897	2371054.0400	310545311050.6088	4.4561e+03
404	1719432.4268	-1161136.8327	2397395.4268	2371026.1673	310545311050.6088	4.4542e+03
405	1719528.4638	-1161164.7055	2397491.4638	2370998.2945	310545311050.6088	4.4523e+03
406	1719624.5008	-1161192.5782	2397587.5008	2370970.4218	310545311050.6088	4.4504e+03
407	1719720.5379	-1161220.4509	2397683.5379	2370942.5491	310545311050.6088	4.4485e+03
408	1719816.5749	-1161248.3237	2397779.5749	2370914.6763	310545311050.6088	4.4466e+03
409	1719912.6119	-1161276.1964	2397875.6119	2370886.8036	310545311050.6088	4.4447e+03
410	1720008.6489	-1161304.0691	2397971.6489	2370858.9309	310545311050.6088	4.4428e+03
411	1720104.6860	-1161331.9418	2398067.6860	2370831.0582	310545311050.6088	4.4409e+03
412	1720200.7230	-1161359.8146	2398163.7230	2370803.1854	310545311050.6088	4.4390e+03
413	1720296.7600	-1161387.6873	2398259.7600	2370775.3127	310545311050.6088	4.4371e+03
414	1720392.7971	-1161415.5600	2398355.7971	2370747.4400	310545311050.6088	4.4352e+03
415	1720488.8341	-1161443.4328	2398451.8341	2370719.5672	310545311050.6088	4.4333e+03
416	1720584.8711	-1161471.3055	2398547.8711	2370691.6945	310545311050.6088	4.4314e+03
417	1720680.9081	-1161499.1782	2398643.9081	2370663.8218	310545311050.6088	4.4295e+03
418	1720776.9452	-1161527.0510	2398739.9452	2370635.9490	310545311050.6088	4.4276e+03
419	1720872.9822	-1161554.9237	2398835.9822	2370608.0763	310545311050.6088	4.4257e+03
420	1720969.0192	-1161582.7964	2398932.0192	2370580.2036	310545311050.6088	4.4238e+03
421	1721065.0563	-1161610.6691	2399028.0563	2370552.3309	310545311050.6088	4.4220e+03
422	1721161.0933	-1161638.5419	2399124.0933	2370524.4581	310545311050.6088	4.4201e+03
423	1721257.1303	-1161666.4146	2399220.1303	2370496.5854	310545311050.6088	4.4182e+03
424	1721353.1673	-1161694.2873	2399316.1673	2370468.7127	310545311050.6088	4.4163e+03
425	1721449.2044	-1161722.1601	2399412.2044	2370440.8399	310545311050.6088	4.4144e+03
426	1721545.2414	-1161750.0328	2399508.2414	2370412.9672	310545311050.6088	4.4125e+03
427	1721641.2784	-1161777.9055	2399604.2784	2370385.0945	310545311050.6088	4.4106e+03
428	1721737.3155	-1161805.7782	2399700.3155	2370357.2218	310545311050.6088	4.4088e+03
429	1721833.3525	-1161833.6510	2399796.3525	2370329.3490	310545311050.6088	4.4069e+03
430	1721929.3895	-1161861.5237	2399892.3895	2370301.4763	310545311050.6088	4.4050e+03
431	1722025.4265	-1161889.3964	2399988.4265	2370273.6036	310545311050.6088	4.4031e+03
432	1722121.4636	-1161917.2692	2400084.4636	2370245.7308	310545311050.6088	4.4012e+03
433	1722217.5006	-1161945.1419	2400180.5006	2370217.8581	310545311050.6088	4.3993e+03
434	1722313.5376	-1161973.0146	2400276.5376	2370189.9854	310545311050.6088	4.3975e+03
435	1722409.5747	-1162000.8874	2400372.5747	2370162.1126	310545311050.6088	4.3956e+03
436	1722505.6117	-1162028.7601	2400468.6117	2370134.2399	310545311050.6088	4.3937e+03
437	1722601.6487	-1162056.6328	2400564.6487	2370106.3672	310545311050.6088	4.3918e+03
438	1722697.6858	-1162084.5055	2400660.6858	2370078.4945	310545311050.6088	4.3900e+03
439	1722793.7228	-1162112.3783	2400756.7228	2370050.6217	310545311050.6088	4.3881e+03
440	1722889.7598	-1162140.2510	2400852.7598	2370022.7490	310545311050.6088	4.3862e+03
441	1722985.7968	-1162168.1237	2400948.7968	2369994.8763	310545311050.6088	4.3843e+03
442	1723081.8339	-1162195.9965	2401044.8339	2369967.0035	310545311050.6088	4.3825e+03
443	1723177.8709	-1162223.8692	2401140.8709	2369939.1308	310545311050.6088	4.3806e+03
444	1723273.9079	-1162251.7419	2401236.9079	2369911.2581	310545311050.6088	4.3787e+03
445	1723369.9450	-1162279.6146	2401332.9450	2369883.3854	310545311050.6088	4.3769e+03
446	1723465.9820	-1162307.4874	2401428.9820	2369855.5126	310545311050.6088	4.3750e+03
447	1723562.0190	-1162335.3601	2401525.0190	2369827.6399	310545311050.6088	4.3731e+03
448	1723658.0560	-1162363.2328	2401621.0560	2369799.7672	310545311050.6088	4.3713e+03
449	1723754.0931	-1162391.1056	2401717.0931	2369771.8944	310545311050.6088	4.3694e+03
450	1723850.1301	-1162418.9783	2401813.1301	2369744.0217	310545311050.6088	4.3675e+03
451	1723946.1671	-1162446.8510	2401909.1671	2369716.1490	310545311050.6088	4.3657e+03
452	1724042.2042	-1162474.7238	2402005.2042	2369688.2762	310545311050.6088	4.3638e+03
453	1724138.2412	-1162502.5965	2402101.2412	2369660.4035	310545311050.6088	4.3619e+03
454	1724234.2782	-1162530.4692	2402197.2782	2369632.5308	310545311050.6088	4.3601e+03
455	1724330.3152	-1162558.3419	2402293.3152	2369604.6581	310545311050.6088	4.3582e+03
456	1724426.3523	-1162586.2147	2402389.3523	2369576.7853	310545311050.6088	4.3563e+03
457	1724522.3893	-1162614.0874	2402485.3893	2369548.9126	310545311050.6088	4.3545e+03
458	1724618.4263	-1162641.9601	2402581.4263	2369521.0399	310545311050.6088	4.3526e+03
459	1724714.4634	-1162669.8329	2402677.4634	2369493.1671	310545311050.6088	4.3508e+03
460	1724810.5004	-1162697.7056	2402773.5004	2369465.2944	310545311050.6088	4.3489e+03
461	1724906.5374	-1162725.5783	2402869.5374	2369437.4217	310545311050.6088	4.3471e+03
462	1725002.5744	-1162753.4510	2402965.5744	2369409.5490	310545311050.6088	4.3452e+03
463	1725098.6115	-1162781.3238	2403061.6115	2369381.6762	310545311050.6088	4.3433e+03
464	1725194.6485	-1162809.1965	2403157.6485	2369353.8035	310545311050.6088	4.3415e+03
465	1725290.6855	-1162837.0692	2403253.6855	2369325.9308	310545311050.6088	4.3396e+03
466	1725386.7226	-1162864.9420	2403349.7226	2369298.0580	310545311050.6088	4.3378e+03
467	1725482.7596	-1162892.8147	2403445.7596	2369270.1853	310545311050.6088	4.3359e+03
468	1725578.7966	-1162920.6874	2403541.7966	2369242.3126	310545311050.6088	4.3341e+03
469	1725674.8337	-1162948.5602	2403637.8337	2369214.4398	310545311050.6088	4.3322e+03
470	1725770.8707	-1162976.4329	2403733.8707	2369186.5671	310545311050.6088	4.3304e+03
471	1725866.9077	-1163004.3056	2403829.9077	2369158.6944	310545311050.6088	4.3285e+03
472	1725962.9447	-1163032.1783	2403925.9447	2369130.8217	310545311050.6088	4.3267e+03
473	1726058.9818	-1163060.0511	2404021.9818	2369102.9489	310545311050.6088	4.3248e+03
474	1726155.0188	-1163087.9238	2404118.0188	2369075.0762	310545311050.6088	4.3230e+03
475	1726251.0558	-1163115.7965	2404214.0558	2369047.2035	310545311050.6088	4.3212e+03
476	1726347.0929	-1163143.6693	2404310.0929	2369019.3307	310545311050.6088	4.3193e+03
477	1726443.1299	-1163171.5420	2404406.1299	2368991.4580	310545311050.6088	4.3175e+03
478	1726539.1669	-1163199.4147	2404502.1669	2368963.5853	310545311050.6088	4.3156e+03
479	1726635.2039	-1163227.2874	2404598.2039	2368935.7126	310545311050.6088	4.3138e+03
480	1726731.2410	-1163255.1602	2404694.2410	2368907.8398	310545311050.6088	4.3119e+03
481	1726827.2780	-1163283.0329	2404790.2780	2368879.9671	310545311050.6088	4.3101e+03
482	1726923.3150	-1163310.9056	2404886.3150	2368852.0944	310545311050.6088	4.3083e+03
483	1727019.3521	-1163338.7784	2404982.3521	2368824.2216	310545311050.6088	4.3064e+03
484	1727115.3891	-1163366.6511	2405078.3891	2368796.3489	310545311050.6088	4.3046e+03
485	1727211.4261	-1163394.5238	2405174.4261	2368768.4762	310545311050.6088	4.3028e+03
486	1727307.4631	-1163422.3966	2405270.4631	2368740.6034	310545311050.6088	4.3009e+03
487	1727403.5002	-1163450.2693	2405366.5002	2368712.7307	310545311050.6088	4.2991e+03
488	1727499.5372	-1163478.1420	2405462.5372	2368684.8580	310545311050.6088	4.2973e+03
489	1727595.5742	-1163506.0147	2405558.5742	2368656.9853	310545311050.6088	4.2954e+03
490	1727691.6113	-1163533.8875	2405654.6113	2368629.1125	310545311050.6088	4.2936e+03
491	1727787.6483	-1163561.7602	2405750.6483	2368601.2398	310545311050.6088	4.2918e+03
492	1727883.6853	-1163589.6329	2405846.6853	2368573.3671	310545311050.6088	4.2899e+03
493	1727979.7224	-1163617.5057	2405942.7224	2368545.4943	310545311050.6088	4.2881e+03
494	1728075.7594	-1163645.3784	2406038.7594	2368517.6216	310545311050.6088	4.2863e+03
495	1728171.7964	-1163673.2511	2406134.7964	2368489.7489	310545311050.6088	4.2844e+03
496	1728267.8334	-1163701.1238	2406230.8334	2368461.8762	310545311050.6088	4.2826e+03
497	1728363.8705	-1163728.9966	2406326.8705	2368434.0034	310545311050.6088	4.2808e+03
498	1728459.9075	-1163756.8693	2406422.9075	2368406.1307	310545311050.6088	4.2790e+03
499	1728555.9445	-1163784.7420	2406518.9445	2368378.2580	310545311050.6088	4.2771e+03
500	1728651.9816	-1163812.6148	2406614.9816	2368350.3852	310545311050.6088	4.2753e+03
501	1728748.0186	-1163840.4875	2406711.0186	2368322.5125	310545311050.6088	4.2735e+03
502	1728844.0556	-1163868.3602	2406807.0556	2368294.6398	310545311050.6088	4.2717e+03
503	1728940.0926	-1163896.2330	2406903.0926	2368266.7670	310545311050.6088	4.2698e+03
504	1729036.1297	-1163924.1057	2406999.1297	2368238.8943	310545311050.6088	4.2680e+03
505	1729132.1667	-1163951.9784	2407095.1667	2368211.0216	310545311050.6088	4.2662e+03
506	1729228.2037	-1163979.8511	2407191.2037	2368183.1489	310545311050.6088	4.2644e+03
507	1729324.2408	-1164007.7239	2407287.2408	2368155.2761	310545311050.6088	4.2626e+03
508	1729420.2778	-1164035.5966	2407383.2778	2368127.4034	310545311050.6088	4.2607e+03
509	1729516.3148	-1164063.4693	2407479.3148	2368099.5307	310545311050.6088	4.2589e+03
510	1729612.3518	-1164091.3421	2407575.3518	2368071.6579	310545311050.6088	4.2571e+03
511	1729708.3889	-1164119.2148	2407671.3889	2368043.7852	310545311050.6088	4.2553e+03
512	1729804.4259	-1164147.0875	2407767.4259	2368015.9125	310545311050.6088	4.2535e+03
513	1729900.4629	-1164174.9602	2407863.4629	2367988.0398	310545311050.6088	4.2517e+03
514	1729996.5000	-1164202.8330	2407959.5000	2367960.1670	310545311050.6088	4.2499e+03
515	1730092.5370	-1164230.7057	2408055.5370	2367932.2943	310545311050.6088	4.2480e+03
516	1730188.5740	-1164258.5784	2408151.5740	2367904.4216	310545311050.6088	4.2462e+03
517	1730284.6110	-1164286.4512	2408247.6110	2367876.5488	310545311050.6088	4.2444e+03
518	1730380.6481	-1164314.3239	2408343.6481	2367848.6761	310545311050.6088	4.2426e+03
519	1730476.6851	-1164342.1966	2408439.6851	2367820.8034	310545311050.6088	4.2408e+03
520	1730572.7221	-1164370.0694	2408535.7221	2367792.9306	310545311050.6088	4.2390e+03
521	1730668.7592	-1164397.9421	2408631.7592	2367765.0579	310545311050.6088	4.2372e+03
522	1730764.7962	-1164425.8148	2408727.7962	2367737.1852	310545311050.6088	4.2354e+03
523	1730860.8332	-1164453.6875	2408823.8332	2367709.3125	310545311050.6088	4.2336e+03
524	1730956.8703	-1164481.5603	2408919.8703	2367681.4397	310545311050.6088	4.2318e+03
525	1731052.9073	-1164509.4330	2409015.9073	2367653.5670	310545311050.6088	4.2300e+03
526	1731148.9443	-1164537.3057	2409111.9443	2367625.6943	310545311050.6088	4.2282e+03
527	1731244.9813	-1164565.1785	2409207.9813	2367597.8215	310545311050.6088	4.2264e+03
528	1731341.0184	-1164593.0512	2409304.0184	2367569.9488	310545311050.6088	4.2246e+03
529	1731437.0554	-1164620.9239	2409400.0554	2367542.0761	310545311050.6088	4.2228e+03
530	1731533.0924	-1164648.7967	2409496.0924	2367514.2033	310545311050.6088	4.2210e+03
531	1731629.1295	-1164676.6694	2409592.1295	2367486.3306	310545311050.6088	4.2192e+03
532	1731725.1665	-1164704.5421	2409688.1665	2367458.4579	310545311050.6088	4.2174e+03
533	1731821.2035	-1164732.4148	2409784.2035	2367430.5852	310545311050.6088	4.2156e+03
534	1731917.2405	-1164760.2876	2409880.2405	2367402.7124	310545311050.6088	4.2138e+03
535	1732013.2776	-1164788.1603	2409976.2776	2367374.8397	310545311050.6088	4.2120e+03
536	1732109.3146	-1164816.0330	2410072.3146	2367346.9670	310545311050.6088	4.2102e+03
537	1732205.3516	-1164843.9058	2410168.3516	2367319.0942	310545311050.6088	4.2084e+03
538	1732301.3887	-1164871.7785	2410264.3887	2367291.2215	310545311050.6088	4.2066e+03
539	1732397.4257	-1164899.6512	2410360.4257	2367263.3488	310545311050.6088	4.2048e+03
540	1732493.4627	-1164927.5239	2410456.4627	2367235.4761	310545311050.6088	4.2030e+03
541	1732589.4997	-1164955.3967	2410552.4997	2367207.6033	310545311050.6088	4.2012e+03
542	1732685.5368	-1164983.2694	2410648.5368	2367179.7306	310545311050.6088	4.1994e+03
543	1732781.5738	-1165011.1421	2410744.5738	2367151.8579	310545311050.6088	4.1976e+03
544	1732877.6108	-1165039.0149	2410840.6108	2367123.9851	310545311050.6088	4.1958e+03
545	1732973.6479	-1165066.8876	2410936.6479	2367096.1124	310545311050.6088	4.1941e+03
546	1733069.6849	-1165094.7603	2411032.6849	2367068.2397	310545311050.6088	4.1923e+03
547	1733165.7219	-1165122.6331	2411128.7219	2367040.3669	310545311050.6088	4.1905e+03
548	1733261.7590	-1165150.5058	2411224.7590	2367012.4942	310545311050.6088	4.1887e+03
549	1733357.7960	-1165178.3785	2411320.7960	2366984.6215	310545311050.6088	4.1869e+03
550	1733453.8330	-1165206.2512	2411416.8330	2366956.7488	310545311050.6088	4.1851e+03
551	1733549.8700	-1165234.1240	2411512.8700	2366928.8760	310545311050.6088	4.1834e+03
552	1733645.9071	-1165261.9967	2411608.9071	2366901.0033	310545311050.6088	4.1816e+03
553	1733741.9441	-1165289.8694	2411704.9441	2366873.1306	310545311050.6088	4.1798e+03
554	1733837.9811	-1165317.7422	2411800.9811	2366845.2578	310545311050.6088	4.1780e+03
555	1733934.0182	-1165345.6149	2411897.0182	2366817.3851	310545311050.6088	4.1762e+03
556	1734030.0552	-1165373.4876	2411993.0552	2366789.5124	310545311050.6088	4.1744e+03
557	1734126.0922	-1165401.3603	2412089.0922	2366761.6397	310545311050.6088	4.1727e+03
558	1734222.1292	-1165429.2331	2412185.1292	2366733.7669	310545311050.6088	4.1709e+03
559	1734318.1663	-1165457.1058	2412281.1663	2366705.8942	310545311050.6088	4.1691e+03
560	1734414.2033	-1165484.9785	2412377.2033	2366678.0215	310545311050.6088	4.1673e+03
561	1734510.2403	-1165512.8513	2412473.2403	2366650.1487	310545311050.6088	4.1656e+03
562	1734606.2774	-1165540.7240	2412569.2774	2366622.2760	310545311050.6088	4.1638e+03
563	1734702.3144	-1165568.5967	2412665.3144	2366594.4033	310545311050.6088	4.1620e+03
564	1734798.3514	-1165596.4695	2412761.3514	2366566.5305	310545311050.6088	4.1602e+03
565	1734894.3884	-1165624.3422	2412857.3884	2366538.6578	310545311050.6088	4.1585e+03
566	1734990.4255	-1165652.2149	2412953.4255	2366510.7851	310545311050.6088	4.1567e+03
567	1735086.4625	-1165680.0876	2413049.4625	2366482.9124	310545311050.6088	4.1549e+03
568	1735182.4995	-1165707.9604	2413145.4995	2366455.0396	310545311050.6088	4.1532e+03
569	1735278.5366	-1165735.8331	2413241.5366	2366427.1669	310545311050.6088	4.1514e+03
570	1735374.5736	-1165763.7058	2413337.5736	2366399.2942	310545311050.6088	4.1496e+03
571	1735470.6106	-1165791.5786	2413433.6106	2366371.4214	310545311050.6088	4.1479e+03
572	1735566.6476	-1165819.4513	2413529.6476	2366343.5487	310545311050.6088	4.1461e+03
573	1735662.6847	-1165847.3240	2413625.6847	2366315.6760	310545311050.6088	4.1443e+03
574	1735758.7217	-1165875.1967	2413721.7217	2366287.8033	310545311050.6088	4.1426e+03
575	1735854.7587	-1165903.0695	2413817.7587	2366259.9305	310545311050.6088	4.1408e+03
576	1735950.7958	-1165930.9422	2413913.7958	2366232.0578	310545311050.6088	4.1390e+03
577	1736046.8328	-1165958.8149	2414009.8328	2366204.1851	310545311050.6088	4.1373e+03
578	1736142.8698	-1165986.6877	2414105.8698	2366176.3123	310545311050.6088	4.1355e+03
579	1736238.9069	-1166014.5604	2414201.9069	2366148.4396	310545311050.6088	4.1338e+03
580	1736334.9439	-1166042.4331	2414297.9439	2366120.5669	310545311050.6088	4.1320e+03
581	1736430.9809	-1166070.3059	2414393.9809	2366092.6941	310545311050.6088	4.1302e+03
582	1736527.0179	-1166098.1786	2414490.0179	2366064.8214	310545311050.6088	4.1285e+03
583	1736623.0550	-1166126.0513	2414586.0550	2366036.9487	310545311050.6088	4.1267e+03
584	1736719.0920	-1166153.9240	2414682.0920	2366009.0760	310545311050.6088	4.1250e+03
585	1736815.1290	-1166181.7968	2414778.1290	2365981.2032	310545311050.6088	4.1232e+03
586	1736911.1661	-1166209.6695	2414874.1661	2365953.3305	310545311050.6088	4.1214e+03
587	1737007.2031	-1166237.5422	2414970.2031	2365925.4578	310545311050.6088	4.1197e+03
588	1737103.2401	-1166265.4150	2415066.2401	2365897.5850	310545311050.6088	4.1179e+03
589	1737199.2771	-1166293.2877	2415162.2771	2365869.7123	310545311050.6088	4.1162e+03
590	1737295.3142	-1166321.1604	2415258.3142	2365841.8396	310545311050.6088	4.1144e+03
591	1737391.3512	-1166349.0331	2415354.3512	2365813.9669	310545311050.6088	4.1127e+03
592	1737487.3882	-1166376.9059	2415450.3882	2365786.0941	310545311050.6088	4.1109e+03
593	1737583.4253	-1166404.7786	2415546.4253	2365758.2214	310545311050.6088	4.1092e+03
594	1737679.4623	-1166432.6513	2415642.4623	2365730.3487	310545311050.6088	4.1074e+03
595	1737775.4993	-1166460.5241	2415738.4993	2365702.4759	310545311050.6088	4.1057e+03
596	1737871.5363	-1166488.3968	2415834.5363	2365674.6032	310545311050.6088	4.1039e+03
597	1737967.5734	-1166516.2695	2415930.5734	2365646.7305	310545311050.6088	4.1022e+03
598	1738063.6104	-1166544.1423	2416026.6104	2365618.8577	310545311050.6088	4.1004e+03
599	1738159.6474	-1166572.0150	2416122.6474	2365590.9850	310545311050.6088	4.0987e+03
600	1738255.6845	-1166599.8877	2416218.6845	2365563.1123	310545311050.6088	4.0970e+03
601	1738351.7215	-1166627.7604	2416314.7215	2365535.2396	310545311050.6088	4.0952e+03
602	1738447.7585	-1166655.6332	2416410.7585	2365507.3668	310545311050.6088	4.0935e+03
603	1738543.7955	-1166683.5059	2416506.7955	2365479.4941	310545311050.6088	4.0917e+03
604	1738639.8326	-1166711.3786	2416602.8326	2365451.6214	310545311050.6088	4.0900e+03
605	1738735.8696	-1166739.2514	2416698.8696	2365423.7486	310545311050.6088	4.0882e+03
606	1738831.9066	-1166767.1241	2416794.9066	2365395.8759	310545311050.6088	4.0865e+03
607	1738927.9437	-1166794.9968	2416890.9437	2365368.0032	310545311050.6088	4.0848e+03
608	1739023.9807	-1166822.8695	2416986.9807	2365340.1305	310545311050.6088	4.0830e+03
609	1739120.0177	-1166850.7423	2417083.0177	2365312.2577	310545311050.6088	4.0813e+03
610	1739216.0548	-1166878.6150	2417179.0548	2365284.3850	310545311050.6088	4.0796e+03
611	1739312.0918	-1166906.4877	2417275.0918	2365256.5123	310545311050.6088	4.0778e+03
612	1739408.1288	-1166934.3605	2417371.1288	2365228.6395	310545311050.6088	4.0761e+03
613	1739504.1658	-1166962.2332	2417467.1658	2365200.7668	310545311050.6088	4.0744e+03
614	1739600.2029	-1166990.1059	2417563.2029	2365172.8941	310545311050.6088	4.0726e+03
615	1739696.2399	-1167017.9787	2417659.2399	2365145.0213	310545311050.6088	4.0709e+03
616	1739792.2769	-1167045.8514	2417755.2769	2365117.1486	310545311050.6088	4.0692e+03
617	1739888.3140	-1167073.7241	2417851.3140	2365089.2759	310545311050.6088	4.0674e+03
618	1739984.3510	-1167101.5968	2417947.3510	2365061.4032	310545311050.6088	4.0657e+03
619	1740080.3880	-1167129.4696	2418043.3880	2365033.5304	310545311050.6088	4.0640e+03
620	1740176.4250	-1167157.3423	2418139.4250	2365005.6577	310545311050.6088	4.0622e+03
621	1740272.4621	-1167185.2150	2418235.4621	2364977.7850	310545311050.6088	4.0605e+03
622	1740368.4991	-1167213.0878	2418331.4991	2364949.9122	310545311050.6088	4.0588e+03
623	1740464.5361	-1167240.9605	2418427.5361	2364922.0395	310545311050.6088	4.0571e+03
624	1740560.5732	-1167268.8332	2418523.5732	2364894.1668	310545311050.6088	4.0553e+03
625	1740656.6102	-1167296.7059	2418619.6102	2364866.2941	310545311050.6088	4.0536e+03
626	1740752.6472	-1167324.5787	2418715.6472	2364838.4213	310545311050.6088	4.0519e+03
627	1740848.6842	-1167352.4514	2418811.6842	2364810.5486	310545311050.6088	4.0502e+03
628	1740944.7213	-1167380.3241	2418907.7213	2364782.6759	310545311050.6088	4.0484e+03
629	1741040.7583	-1167408.1969	2419003.7583	2364754.8031	310545311050.6088	4.0467e+03
630	1741136.7953	-1167436.0696	2419099.7953	2364726.9304	310545311050.6088	4.0450e+03
631	1741232.8324	-1167463.9423	2419195.8324	2364699.0577	310545311050.6088	4.0433e+03
632	1741328.8694	-1167491.8151	2419291.8694	2364671.1849	310545311050.6088	4.0415e+03
633	1741424.9064	-1167519.6878	2419387.9064	2364643.3122	310545311050.6088	4.0398e+03
634	1741520.9435	-1167547.5605	2419483.9435	2364615.4395	310545311050.6088	4.0381e+03
635	1741616.9805	-1167575.4332	2419579.9805	2364587.5668	310545311050.6088	4.0364e+03
636	1741713.0175	-1167603.3060	2419676.0175	2364559.6940	310545311050.6088	4.0347e+03
637	1741809.0545	-1167631.1787	2419772.0545	2364531.8213	310545311050.6088	4.0330e+03
638	1741905.0916	-1167659.0514	2419868.0916	2364503.9486	310545311050.6088	4.0312e+03
639	1742001.1286	-1167686.9242	2419964.1286	2364476.0758	310545311050.6088	4.0295e+03
640	1742097.1656	-1167714.7969	2420060.1656	2364448.2031	310545311050.6088	4.0278e+03
641	1742193.2027	-1167742.6696	2420156.2027	2364420.3304	310545311050.6088	4.0261e+03
642	1742289.2397	-1167770.5423	2420252.2397	2364392.4577	310545311050.6088	4.0244e+03
643	1742385.2767	-1167798.4151	2420348.2767	2364364.5849	310545311050.6088	4.0227e+03
644	1742481.3137	-1167826.2878	2420444.3137	2364336.7122	310545311050.6088	4.0210e+03
645	1742577.3508	-1167854.1605	2420540.3508	2364308.8395	310545311050.6088	4.0193e+03
646	1742673.3878	-1167882.0333	2420636.3878	2364280.9667	310545311050.6088	4.0176e+03
647	1742769.4248	-1167909.9060	2420732.4248	2364253.0940	310545311050.6088	4.0158e+03
648	1742865.4619	-1167937.7787	2420828.4619	2364225.2213	310545311050.6088	4.0141e+03
649	1742961.4989	-1167965.6515	2420924.4989	2364197.3485	310545311050.6088	4.0124e+03
650	1743057.5359	-1167993.5242	2421020.5359	2364169.4758	310545311050.6088	4.0107e+03
651	1743153.5729	-1168021.3969	2421116.5729	2364141.6031	310545311050.6088	4.0090e+03
652	1743249.6100	-1168049.2696	2421212.6100	2364113.7304	310545311050.6088	4.0073e+03
653	1743345.6470	-1168077.1424	2421308.6470	2364085.8576	310545311050.6088	4.0056e+03
654	1743441.6840	-1168105.0151	2421404.6840	2364057.9849	310545311050.6088	4.0039e+03
655	1743537.7211	-1168132.8878	2421500.7211	2364030.1122	310545311050.6088	4.0022e+03
656	1743633.7581	-1168160.7606	2421596.7581	2364002.2394	310545311050.6088	4.0005e+03
657	1743729.7951	-1168188.6333	2421692.7951	2363974.3667	310545311050.6088	3.9988e+03
658	1743825.8321	-1168216.5060	2421788.8321	2363946.4940	310545311050.6088	3.9971e+03
659	1743921.8692	-1168244.3787	2421884.8692	2363918.6213	310545311050.6088	3.9954e+03
660	1744017.9062	-1168272.2515	2421980.9062	2363890.7485	310545311050.6088	3.9937e+03
661	1744113.9432	-1168300.1242	2422076.9432	2363862.8758	310545311050.6088	3.9920e+03
662	1744209.9803	-1168327.9969	2422172.9803	2363835.0031	310545311050.6088	3.9903e+03
663	1744306.0173	-1168355.8697	2422269.0173	2363807.1303	310545311050.6088	3.9886e+03
664	1744402.0543	-1168383.7424	2422365.0543	2363779.2576	310545311050.6088	3.9869e+03
665	1744498.0914	-1168411.6151	2422461.0914	2363751.3849	310545311050.6088	3.9852e+03
666	1744594.1284	-1168439.4879	2422557.1284	2363723.5121	310545311050.6088	3.9835e+03
667	1744690.1654	-1168467.3606	2422653.1654	2363695.6394	310545311050.6088	3.9818e+03
668	1744786.2024	-1168495.2333	2422749.2024	2363667.7667	310545311050.6088	3.9802e+03
669	1744882.2395	-1168523.1060	2422845.2395	2363639.8940	310545311050.6088	3.9785e+03
670	1744978.2765	-1168550.9788	2422941.2765	2363612.0212	310545311050.6088	3.9768e+03
671	1745074.3135	-1168578.8515	2423037.3135	2363584.1485	310545311050.6088	3.9751e+03
672	1745170.3506	-1168606.7242	2423133.3506	2363556.2758	310545311050.6088	3.9734e+03
673	1745266.3876	-1168634.5970	2423229.3876	2363528.4030	310545311050.6088	3.9717e+03
674	1745362.4246	-1168662.4697	2423325.4246	2363500.5303	310545311050.6088	3.9700e+03
675	1745458.4616	-1168690.3424	2423421.4616	2363472.6576	310545311050.6088	3.9683e+03
676	1745554.4987	-1168718.2151	2423517.4987	2363444.7849	310545311050.6088	3.9666e+03
677	1745650.5357	-1168746.0879	2423613.5357	2363416.9121	310545311050.6088	3.9650e+03
678	1745746.5727	-1168773.9606	2423709.5727	2363389.0394	310545311050.6088	3.9633e+03
679	1745842.6098	-1168801.8333	2423805.6098	2363361.1667	310545311050.6088	3.9616e+03
680	1745938.6468	-1168829.7061	2423901.6468	2363333.2939	310545311050.6088	3.9599e+03
681	1746034.6838	-1168857.5788	2423997.6838	2363305.4212	310545311050.6088	3.9582e+03
682	1746130.7208	-1168885.4515	2424093.7208	2363277.5485	310545311050.6088	3.9565e+03
683	1746226.7579	-1168913.3243	2424189.7579	2363249.6757	310545311050.6088	3.9549e+03
684	1746322.7949	-1168941.1970	2424285.7949	2363221.8030	310545311050.6088	3.9532e+03
685	1746418.8319	-1168969.0697	2424381.8319	2363193.9303	310545311050.6088	3.9515e+03
686	1746514.8690	-1168996.9424	2424477.8690	2363166.0576	310545311050.6088	3.9498e+03
687	1746610.9060	-1169024.8152	2424573.9060	2363138.1848	310545311050.6088	3.9481e+03
688	1746706.9430	-1169052.6879	2424669.9430	2363110.3121	310545311050.6088	3.9465e+03
689	1746802.9800	-1169080.5606	2424765.9800	2363082.4394	310545311050.6088	3.9448e+03
690	1746899.0171	-1169108.4334	2424862.0171	2363054.5666	310545311050.6088	3.9431e+03
691	1746995.0541	-1169136.3061	2424958.0541	2363026.6939	310545311050.6088	3.9414e+03
692	1747091.0911	-1169164.1788	2425054.0911	2362998.8212	310545311050.6088	3.9398e+03
693	1747187.1282	-1169192.0515	2425150.1282	2362970.9485	310545311050.6088	3.9381e+03
694	1747283.1652	-1169219.9243	2425246.1652	2362943.0757	310545311050.6088	3.9364e+03
695	1747379.2022	-1169247.7970	2425342.2022	2362915.2030	310545311050.6088	3.9347e+03
696	1747475.2393	-1169275.6697	2425438.2393	2362887.3303	310545311050.6088	3.9331e+03
697	1747571.2763	-1169303.5425	2425534.2763	2362859.4575	310545311050.6088	3.9314e+03
698	1747667.3133	-1169331.4152	2425630.3133	2362831.5848	310545311050.6088	3.9297e+03
699	1747763.3503	-1169359.2879	2425726.3503	2362803.7121	310545311050.6088	3.9281e+03
700	1747859.3874	-1169387.1607	2425822.3874	2362775.8393	310545311050.6088	3.9264e+03
701	1747955.4244	-1169415.0334	2425918.4244	2362747.9666	310545311050.6088	3.9247e+03
702	1748051.4614	-1169442.9061	2426014.4614	2362720.0939	310545311050.6088	3.9231e+03
703	1748147.4985	-1169470.7788	2426110.4985	2362692.2212	310545311050.6088	3.9214e+03
704	1748243.5355	-1169498.6516	2426206.5355	2362664.3484	310545311050.6088	3.9197e+03
705	1748339.5725	-1169526.5243	2426302.5725	2362636.4757	310545311050.6088	3.9181e+03
706	1748435.6095	-1169554.3970	2426398.6095	2362608.6030	310545311050.6088	3.9164e+03
707	1748531.6466	-1169582.2698	2426494.6466	2362580.7302	310545311050.6088	3.9147e+03
708	1748627.6836	-1169610.1425	2426590.6836	2362552.8575	310545311050.6088	3.9131e+03
709	1748723.7206	-1169638.0152	2426686.7206	2362524.9848	310545311050.6088	3.9114e+03
710	1748819.7577	-1169665.8879	2426782.7577	2362497.1121	310545311050.6088	3.9098e+03
711	1748915.7947	-1169693.7607	2426878.7947	2362469.2393	310545311050.6088	3.9081e+03
712	1749011.8317	-1169721.6334	2426974.8317	2362441.3666	310545311050.6088	3.9064e+03
713	1749107.8687	-1169749.5061	2427070.8687	2362413.4939	310545311050.6088	3.9048e+03
714	1749203.9058	-1169777.3789	2427166.9058	2362385.6211	310545311050.6088	3.9031e+03
715	1749299.9428	-1169805.2516	2427262.9428	2362357.7484	310545311050.6088	3.9015e+03
716	1749395.9798	-1169833.1243	2427358.9798	2362329.8757	310545311050.6088	3.8998e+03
717	1749492.0169	-1169860.9971	2427455.0169	2362302.0029	310545311050.6088	3.8982e+03
718	1749588.0539	-1169888.8698	2427551.0539	2362274.1302	310545311050.6088	3.8965e+03
719	1749684.0909	-1169916.7425	2427647.0909	2362246.2575	310545311050.6088	3.8948e+03
720	1749780.1280	-1169944.6152	2427743.1280	2362218.3848	310545311050.6088	3.8932e+03
721	1749876.1650	-1169972.4880	2427839.1650	2362190.5120	310545311050.6088	3.8915e+03
722	1749972.2020	-1170000.3607	2427935.2020	2362162.6393	310545311050.6088	3.8899e+03
723	1750068.2390	-1170028.2334	2428031.2390	2362134.7666	310545311050.6088	3.8882e+03
724	1750164.2761	-1170056.1062	2428127.2761	2362106.8938	310545311050.6088	3.8866e+03
725	1750260.3131	-1170083.9789	2428223.3131	2362079.0211	310545311050.6088	3.8849e+03
726	1750356.3501	-1170111.8516	2428319.3501	2362051.1484	310545311050.6088	3.8833e+03
727	1750452.3872	-1170139.7243	2428415.3872	2362023.2757	310545311050.6088	3.8816e+03
728	1750548.4242	-1170167.5971	2428511.4242	2361995.4029	310545311050.6088	3.8800e+03
729	1750644.4612	-1170195.4698	2428607.4612	2361967.5302	310545311050.6088	3.8783e+03
730	1750740.4982	-1170223.3425	2428703.4982	2361939.6575	310545311050.6088	3.8767e+03
731	1750836.5353	-1170251.2153	2428799.5353	2361911.7847	310545311050.6088	3.8751e+03
732	1750932.5723	-1170279.0880	2428895.5723	2361883.9120	310545311050.6088	3.8734e+03
733	1751028.6093	-1170306.9607	2428991.6093	2361856.0393	310545311050.6088	3.8718e+03
734	1751124.6464	-1170334.8335	2429087.6464	2361828.1665	310545311050.6088	3.8701e+03
735	1751220.6834	-1170362.7062	2429183.6834	2361800.2938	310545311050.6088	3.8685e+03
736	1751316.7204	-1170390.5789	2429279.7204	2361772.4211	310545311050.6088	3.8668e+03
737	1751412.7574	-1170418.4516	2429375.7574	2361744.5484	310545311050.6088	3.8652e+03
738	1751508.7945	-1170446.3244	2429471.7945	2361716.6756	310545311050.6088	3.8636e+03
739	1751604.8315	-1170474.1971	2429567.8315	2361688.8029	310545311050.6088	3.8619e+03
740	1751700.8685	-1170502.0698	2429663.8685	2361660.9302	310545311050.6088	3.8603e+03
741	1751796.9056	-1170529.9426	2429759.9056	2361633.0574	310545311050.6088	3.8586e+03
742	1751892.9426	-1170557.8153	2429855.9426	2361605.1847	310545311050.6088	3.8570e+03
743	1751988.9796	-1170585.6880	2429951.9796	2361577.3120	310545311050.6088	3.8554e+03
744	1752085.0166	-1170613.5607	2430048.0166	2361549.4393	310545311050.6088	3.8537e+03
745	1752181.0537	-1170641.4335	2430144.0537	2361521.5665	310545311050.6088	3.8521e+03
746	1752277.0907	-1170669.3062	2430240.0907	2361493.6938	310545311050.6088	3.8505e+03
747	1752373.1277	-1170697.1789	2430336.1277	2361465.8211	310545311050.6088	3.8488e+03
748	1752469.1648	-1170725.0517	2430432.1648	2361437.9483	310545311050.6088	3.8472e+03
749	1752565.2018	-1170752.9244	2430528.2018	2361410.0756	310545311050.6088	3.8456e+03
750	1752661.2388	-1170780.7971	2430624.2388	2361382.2029	310545311050.6088	3.8439e+03
751	1752757.2759	-1170808.6699	2430720.2759	2361354.3301	310545311050.6088	3.8423e+03
752	1752853.3129	-1170836.5426	2430816.3129	2361326.4574	310545311050.6088	3.8407e+03
753	1752949.3499	-1170864.4153	2430912.3499	2361298.5847	310545311050.6088	3.8390e+03
754	1753045.3869	-1170892.2880	2431008.3869	2361270.7120	310545311050.6088	3.8374e+03
755	1753141.4240	-1170920.1608	2431104.4240	2361242.8392	310545311050.6088	3.8358e+03
756	1753237.4610	-1170948.0335	2431200.4610	2361214.9665	310545311050.6088	3.8342e+03
757	1753333.4980	-1170975.9062	2431296.4980	2361187.0938	310545311050.6088	3.8325e+03
758	1753429.5351	-1171003.7790	2431392.5351	2361159.2210	310545311050.6088	3.8309e+03
759	1753525.5721	-1171031.6517	2431488.5721	2361131.3483	310545311050.6088	3.8293e+03
760	1753621.6091	-1171059.5244	2431584.6091	2361103.4756	310545311050.6088	3.8277e+03
761	1753717.6461	-1171087.3972	2431680.6461	2361075.6028	310545311050.6088	3.8260e+03
762	1753813.6832	-1171115.2699	2431776.6832	2361047.7301	310545311050.6088	3.8244e+03
763	1753909.7202	-1171143.1426	2431872.7202	2361019.8574	310545311050.6088	3.8228e+03
764	1754005.7572	-1171171.0153	2431968.7572	2360991.9847	310545311050.6088	3.8212e+03
765	1754101.7943	-1171198.8881	2432064.7943	2360964.1119	310545311050.6088	3.8196e+03
766	1754197.8313	-1171226.7608	2432160.8313	2360936.2392	310545311050.6088	3.8179e+03
767	1754293.8683	-1171254.6335	2432256.8683	2360908.3665	310545311050.6088	3.8163e+03
768	1754389.9053	-1171282.5063	2432352.9053	2360880.4937	310545311050.6088	3.8147e+03
769	1754485.9424	-1171310.3790	2432448.9424	2360852.6210	310545311050.6088	3.8131e+03
770	1754581.9794	-1171338.2517	2432544.9794	2360824.7483	310545311050.6088	3.8115e+03
771	1754678.0164	-1171366.1244	2432641.0164	2360796.8756	310545311050.6088	3.8098e+03
772	1754774.0535	-1171393.9972	2432737.0535	2360769.0028	310545311050.6088	3.8082e+03
773	1754870.0905	-1171421.8699	2432833.0905	2360741.1301	310545311050.6088	3.8066e+03
774	1754966.1275	-1171449.7426	2432929.1275	2360713.2574	310545311050.6088	3.8050e+03
775	1755062.1646	-1171477.6154	2433025.1646	2360685.3846	310545311050.6088	3.8034e+03
776	1755158.2016	-1171505.4881	2433121.2016	2360657.5119	310545311050.6088	3.8018e+03
777	1755254.2386	-1171533.3608	2433217.2386	2360629.6392	310545311050.6088	3.8002e+03
778	1755350.2756	-1171561.2336	2433313.2756	2360601.7664	310545311050.6088	3.7986e+03
779	1755446.3127	-1171589.1063	2433409.3127	2360573.8937	310545311050.6088	3.7969e+03
780	1755542.3497	-1171616.9790	2433505.3497	2360546.0210	310545311050.6088	3.7953e+03
781	1755638.3867	-1171644.8517	2433601.3867	2360518.1483	310545311050.6088	3.7937e+03
782	1755734.4238	-1171672.7245	2433697.4238	2360490.2755	310545311050.6088	3.7921e+03
783	1755830.4608	-1171700.5972	2433793.4608	2360462.4028	310545311050.6088	3.7905e+03
784	1755926.4978	-1171728.4699	2433889.4978	2360434.5301	310545311050.6088	3.7889e+03
785	1756022.5348	-1171756.3427	2433985.5348	2360406.6573	310545311050.6088	3.7873e+03
786	1756118.5719	-1171784.2154	2434081.5719	2360378.7846	310545311050.6088	3.7857e+03
787	1756214.6089	-1171812.0881	2434177.6089	2360350.9119	310545311050.6088	3.7841e+03
788	1756310.6459	-1171839.9608	2434273.6459	2360323.0392	310545311050.6088	3.7825e+03
789	1756406.6830	-1171867.8336	2434369.6830	2360295.1664	310545311050.6088	3.7809e+03
790	1756502.7200	-1171895.7063	2434465.7200	2360267.2937	310545311050.6088	3.7793e+03
791	1756598.7570	-1171923.5790	2434561.7570	2360239.4210	310545311050.6088	3.7777e+03
792	1756694.7940	-1171951.4518	2434657.7940	2360211.5482	310545311050.6088	3.7761e+03
793	1756790.8311	-1171979.3245	2434753.8311	2360183.6755	310545311050.6088	3.7745e+03
794	1756886.8681	-1172007.1972	2434849.8681	2360155.8028	310545311050.6088	3.7729e+03
795	1756982.9051	-1172035.0700	2434945.9051	2360127.9300	310545311050.6088	3.7713e+03
796	1757078.9422	-1172062.9427	2435041.9422	2360100.0573	310545311050.6088	3.7697e+03
797	1757174.9792	-1172090.8154	2435137.9792	2360072.1846	310545311050.6088	3.7681e+03
798	1757271.0162	-1172118.6881	2435234.0162	2360044.3119	310545311050.6088	3.7665e+03
799	1757367.0532	-1172146.5609	2435330.0532	2360016.4391	310545311050.6088	3.7649e+03
800	1757463.0903	-1172174.4336	2435426.0903	2359988.5664	310545311050.6088	3.7633e+03
801	1757559.1273	-1172202.3063	2435522.1273	2359960.6937	310545311050.6088	3.7617e+03
802	1757655.1643	-1172230.1791	2435618.1643	2359932.8209	310545311050.6088	3.7601e+03
803	1757751.2014	-1172258.0518	2435714.2014	2359904.9482	310545311050.6088	3.7585e+03
804	1757847.2384	-1172285.9245	2435810.2384	2359877.0755	310545311050.6088	3.7569e+03
805	1757943.2754	-1172313.7972	2435906.2754	2359849.2028	310545311050.6088	3.7553e+03
806	1758039.3125	-1172341.6700	2436002.3125	2359821.3300	310545311050.6088	3.7537e+03
807	1758135.3495	-1172369.5427	2436098.3495	2359793.4573	310545311050.6088	3.7521e+03
808	1758231.3865	-1172397.4154	2436194.3865	2359765.5846	310545311050.6088	3.7505e+03
809	1758327.4235	-1172425.2882	2436290.4235	2359737.7118	310545311050.6088	3.7490e+03
810	1758423.4606	-1172453.1609	2436386.4606	2359709.8391	310545311050.6088	3.7474e+03
811	1758519.4976	-1172481.0336	2436482.4976	2359681.9664	310545311050.6088	3.7458e+03
812	1758615.5346	-1172508.9064	2436578.5346	2359654.0936	310545311050.6088	3.7442e+03
813	1758711.5717	-1172536.7791	2436674.5717	2359626.2209	310545311050.6088	3.7426e+03
814	1758807.6087	-1172564.6518	2436770.6087	2359598.3482	310545311050.6088	3.7410e+03
815	1758903.6457	-1172592.5245	2436866.6457	2359570.4755	310545311050.6088	3.7394e+03
816	1758999.6827	-1172620.3973	2436962.6827	2359542.6027	310545311050.6088	3.7379e+03
817	1759095.7198	-1172648.2700	2437058.7198	2359514.7300	310545311050.6088	3.7363e+03
818	1759191.7568	-1172676.1427	2437154.7568	2359486.8573	310545311050.6088	3.7347e+03
819	1759287.7938	-1172704.0155	2437250.7938	2359458.9845	310545311050.6088	3.7331e+03
820	1759383.8309	-1172731.8882	2437346.8309	2359431.1118	310545311050.6088	3.7315e+03
821	1759479.8679	-1172759.7609	2437442.8679	2359403.2391	310545311050.6088	3.7299e+03
822	1759575.9049	-1172787.6336	2437538.9049	2359375.3664	310545311050.6088	3.7284e+03
823	1759671.9419	-1172815.5064	2437634.9419	2359347.4936	310545311050.6088	3.7268e+03
824	1759767.9790	-1172843.3791	2437730.9790	2359319.6209	310545311050.6088	3.7252e+03
825	1759864.0160	-1172871.2518	2437827.0160	2359291.7482	310545311050.6088	3.7236e+03
826	1759960.0530	-1172899.1246	2437923.0530	2359263.8754	310545311050.6088	3.7221e+03
827	1760056.0901	-1172926.9973	2438019.0901	2359236.0027	310545311050.6088	3.7205e+03
828	1760152.1271	-1172954.8700	2438115.1271	2359208.1300	310545311050.6088	3.7189e+03
829	1760248.1641	-1172982.7428	2438211.1641	2359180.2572	310545311050.6088	3.7173e+03
830	1760344.2011	-1173010.6155	2438307.2011	2359152.3845	310545311050.6088	3.7158e+03
831	1760440.2382	-1173038.4882	2438403.2382	2359124.5118	310545311050.6088	3.7142e+03
832	1760536.2752	-1173066.3609	2438499.2752	2359096.6391	310545311050.6088	3.7126e+03
833	1760632.3122	-1173094.2337	2438595.3122	2359068.7663	310545311050.6088	3.7110e+03
834	1760728.3493	-1173122.1064	2438691.3493	2359040.8936	310545311050.6088	3.7095e+03
835	1760824.3863	-1173149.9791	2438787.3863	2359013.0209	310545311050.6088	3.7079e+03
836	1760920.4233	-1173177.8519	2438883.4233	2358985.1481	310545311050.6088	3.7063e+03
837	1761016.4604	-1173205.7246	2438979.4604	2358957.2754	310545311050.6088	3.7048e+03
838	1761112.4974	-1173233.5973	2439075.4974	2358929.4027	310545311050.6088	3.7032e+03
839	1761208.5344	-1173261.4700	2439171.5344	2358901.5300	310545311050.6088	3.7016e+03
840	1761304.5714	-1173289.3428	2439267.5714	2358873.6572	310545311050.6088	3.7000e+03
841	1761400.6085	-1173317.2155	2439363.6085	2358845.7845	310545311050.6088	3.6985e+03
842	1761496.6455	-1173345.0882	2439459.6455	2358817.9118	310545311050.6088	3.6969e+03
843	1761592.6825	-1173372.9610	2439555.6825	2358790.0390	310545311050.6088	3.6954e+03
844	1761688.7196	-1173400.8337	2439651.7196	2358762.1663	310545311050.6088	3.6938e+03
845	1761784.7566	-1173428.7064	2439747.7566	2358734.2936	310545311050.6088	3.6922e+03
846	1761880.7936	-1173456.5792	2439843.7936	2358706.4208	310545311050.6088	3.6907e+03
847	1761976.8306	-1173484.4519	2439939.8306	2358678.5481	310545311050.6088	3.6891e+03
848	1762072.8677	-1173512.3246	2440035.8677	2358650.6754	310545311050.6088	3.6875e+03
849	1762168.9047	-1173540.1973	2440131.9047	2358622.8027	310545311050.6088	3.6860e+03
850	1762264.9417	-1173568.0701	2440227.9417	2358594.9299	310545311050.6088	3.6844e+03
851	1762360.9788	-1173595.9428	2440323.9788	2358567.0572	310545311050.6088	3.6829e+03
852	1762457.0158	-1173623.8155	2440420.0158	2358539.1845	310545311050.6088	3.6813e+03
853	1762553.0528	-1173651.6883	2440516.0528	2358511.3117	310545311050.6088	3.6797e+03
854	1762649.0898	-1173679.5610	2440612.0898	2358483.4390	310545311050.6088	3.6782e+03
855	1762745.1269	-1173707.4337	2440708.1269	2358455.5663	310545311050.6088	3.6766e+03
856	1762841.1639	-1173735.3064	2440804.1639	2358427.6936	310545311050.6088	3.6751e+03
857	1762937.2009	-1173763.1792	2440900.2009	2358399.8208	310545311050.6088	3.6735e+03
858	1763033.2380	-1173791.0519	2440996.2380	2358371.9481	310545311050.6088	3.6720e+03
859	1763129.2750	-1173818.9246	2441092.2750	2358344.0754	310545311050.6088	3.6704e+03
860	1763225.3120	-1173846.7974	2441188.3120	2358316.2026	310545311050.6088	3.6689e+03
861	1763321.3491	-1173874.6701	2441284.3491	2358288.3299	310545311050.6088	3.6673e+03
862	1763417.3861	-1173902.5428	2441380.3861	2358260.4572	310545311050.6088	3.6657e+03
863	1763513.4231	-1173930.4156	2441476.4231	2358232.5844	310545311050.6088	3.6642e+03
864	1763609.4601	-1173958.2883	2441572.4601	2358204.7117	310545311050.6088	3.6626e+03
865	1763705.4972	-1173986.1610	2441668.4972	2358176.8390	310545311050.6088	3.6611e+03
866	1763801.5342	-1174014.0337	2441764.5342	2358148.9663	310545311050.6088	3.6595e+03
867	1763897.5712	-1174041.9065	2441860.5712	2358121.0935	310545311050.6088	3.6580e+03
868	1763993.6083	-1174069.7792	2441956.6083	2358093.2208	310545311050.6088	3.6564e+03
869	1764089.6453	-1174097.6519	2442052.6453	2358065.3481	310545311050.6088	3.6549e+03
870	1764185.6823	-1174125.5247	2442148.6823	2358037.4753	310545311050.6088	3.6534e+03
871	1764281.7193	-1174153.3974	2442244.7193	2358009.6026	310545311050.6088	3.6518e+03
872	1764377.7564	-1174181.2701	2442340.7564	2357981.7299	310545311050.6088	3.6503e+03
873	1764473.7934	-1174209.1428	2442436.7934	2357953.8572	310545311050.6088	3.6487e+03
874	1764569.8304	-1174237.0156	2442532.8304	2357925.9844	310545311050.6088	3.6472e+03
875	1764665.8675	-1174264.8883	2442628.8675	2357898.1117	310545311050.6088	3.6456e+03
876	1764761.9045	-1174292.7610	2442724.9045	2357870.2390	310545311050.6088	3.6441e+03
877	1764857.9415	-1174320.6338	2442820.9415	2357842.3662	310545311050.6088	3.6425e+03
878	1764953.9785	-1174348.5065	2442916.9785	2357814.4935	310545311050.6088	3.6410e+03
879	1765050.0156	-1174376.3792	2443013.0156	2357786.6208	310545311050.6088	3.6395e+03
880	1765146.0526	-1174404.2520	2443109.0526	2357758.7480	310545311050.6088	3.6379e+03
881	1765242.0896	-1174432.1247	2443205.0896	2357730.8753	310545311050.6088	3.6364e+03
882	1765338.1267	-1174459.9974	2443301.1267	2357703.0026	310545311050.6088	3.6349e+03
883	1765434.1637	-1174487.8701	2443397.1637	2357675.1299	310545311050.6088	3.6333e+03
884	1765530.2007	-1174515.7429	2443493.2007	2357647.2571	310545311050.6088	3.6318e+03
885	1765626.2377	-1174543.6156	2443589.2377	2357619.3844	310545311050.6088	3.6302e+03
886	1765722.2748	-1174571.4883	2443685.2748	2357591.5117	310545311050.6088	3.6287e+03
887	1765818.3118	-1174599.3611	2443781.3118	2357563.6389	310545311050.6088	3.6272e+03
888	1765914.3488	-1174627.2338	2443877.3488	2357535.7662	310545311050.6088	3.6256e+03
889	1766010.3859	-1174655.1065	2443973.3859	2357507.8935	310545311050.6088	3.6241e+03
890	1766106.4229	-1174682.9792	2444069.4229	2357480.0208	310545311050.6088	3.6226e+03
891	1766202.4599	-1174710.8520	2444165.4599	2357452.1480	310545311050.6088	3.6210e+03
892	1766298.4970	-1174738.7247	2444261.4970	2357424.2753	310545311050.6088	3.6195e+03
893	1766394.5340	-1174766.5974	2444357.5340	2357396.4026	310545311050.6088	3.6180e+03
894	1766490.5710	-1174794.4702	2444453.5710	2357368.5298	310545311050.6088	3.6164e+03
895	1766586.6080	-1174822.3429	2444549.6080	2357340.6571	310545311050.6088	3.6149e+03
896	1766682.6451	-1174850.2156	2444645.6451	2357312.7844	310545311050.6088	3.6134e+03
897	1766778.6821	-1174878.0884	2444741.6821	2357284.9116	310545311050.6088	3.6119e+03
898	1766874.7191	-1174905.9611	2444837.7191	2357257.0389	310545311050.6088	3.6103e+03
899	1766970.7562	-1174933.8338	2444933.7562	2357229.1662	310545311050.6088	3.6088e+03
900	1767066.7932	-1174961.7065	2445029.7932	2357201.2935	310545311050.6088	3.6073e+03
901	1767162.8302	-1174989.5793	2445125.8302	2357173.4207	310545311050.6088	3.6058e+03
902	1767258.8672	-1175017.4520	2445221.8672	2357145.5480	310545311050.6088	3.6042e+03
903	1767354.9043	-1175045.3247	2445317.9043	2357117.6753	310545311050.6088	3.6027e+03
904	1767450.9413	-1175073.1975	2445413.9413	2357089.8025	310545311050.6088	3.6012e+03
905	1767546.9783	-1175101.0702	2445509.9783	2357061.9298	310545311050.6088	3.5997e+03
906	1767643.0154	-1175128.9429	2445606.0154	2357034.0571	310545311050.6088	3.5981e+03
907	1767739.0524	-1175156.8156	2445702.0524	2357006.1844	310545311050.6088	3.5966e+03
908	1767835.0894	-1175184.6884	2445798.0894	2356978.3116	310545311050.6088	3.5951e+03
909	1767931.1264	-1175212.5611	2445894.1264	2356950.4389	310545311050.6088	3.5936e+03
910	1768027.1635	-1175240.4338	2445990.1635	2356922.5662	310545311050.6088	3.5921e+03
911	1768123.2005	-1175268.3066	2446086.2005	2356894.6934	310545311050.6088	3.5905e+03
912	1768219.2375	-1175296.1793	2446182.2375	2356866.8207	310545311050.6088	3.5890e+03
913	1768315.2746	-1175324.0520	2446278.2746	2356838.9480	310545311050.6088	3.5875e+03
914	1768411.3116	-1175351.9248	2446374.3116	2356811.0752	310545311050.6088	3.5860e+03
915	1768507.3486	-1175379.7975	2446470.3486	2356783.2025	310545311050.6088	3.5845e+03
916	1768603.3857	-1175407.6702	2446566.3857	2356755.3298	310545311050.6088	3.5830e+03
917	1768699.4227	-1175435.5429	2446662.4227	2356727.4571	310545311050.6088	3.5814e+03
918	1768795.4597	-1175463.4157	2446758.4597	2356699.5843	310545311050.6088	3.5799e+03
919	1768891.4967	-1175491.2884	2446854.4967	2356671.7116	310545311050.6088	3.5784e+03
920	1768987.5338	-1175519.1611	2446950.5338	2356643.8389	310545311050.6088	3.5769e+03
921	1769083.5708	-1175547.0339	2447046.5708	2356615.9661	310545311050.6088	3.5754e+03
922	1769179.6078	-1175574.9066	2447142.6078	2356588.0934	310545311050.6088	3.5739e+03
923	1769275.6449	-1175602.7793	2447238.6449	2356560.2207	310545311050.6088	3.5724e+03
924	1769371.6819	-1175630.6520	2447334.6819	2356532.3480	310545311050.6088	3.5709e+03
925	1769467.7189	-1175658.5248	2447430.7189	2356504.4752	310545311050.6088	3.5694e+03
926	1769563.7559	-1175686.3975	2447526.7559	2356476.6025	310545311050.6088	3.5678e+03
927	1769659.7930	-1175714.2702	2447622.7930	2356448.7298	310545311050.6088	3.5663e+03
928	1769755.8300	-1175742.1430	2447718.8300	2356420.8570	310545311050.6088	3.5648e+03
929	1769851.8670	-1175770.0157	2447814.8670	2356392.9843	310545311050.6088	3.5633e+03
930	1769947.9041	-1175797.8884	2447910.9041	2356365.1116	310545311050.6088	3.5618e+03
931	1770043.9411	-1175825.7612	2448006.9411	2356337.2388	310545311050.6088	3.5603e+03
932	1770139.9781	-1175853.6339	2448102.9781	2356309.3661	310545311050.6088	3.5588e+03
933	1770236.0151	-1175881.5066	2448199.0151	2356281.4934	310545311050.6088	3.5573e+03
934	1770332.0522	-1175909.3793	2448295.0522	2356253.6207	310545311050.6088	3.5558e+03
935	1770428.0892	-1175937.2521	2448391.0892	2356225.7479	310545311050.6088	3.5543e+03
936	1770524.1262	-1175965.1248	2448487.1262	2356197.8752	310545311050.6088	3.5528e+03
937	1770620.1633	-1175992.9975	2448583.1633	2356170.0025	310545311050.6088	3.5513e+03
938	1770716.2003	-1176020.8703	2448679.2003	2356142.1297	310545311050.6088	3.5498e+03
939	1770812.2373	-1176048.7430	2448775.2373	2356114.2570	310545311050.6088	3.5483e+03
940	1770908.2743	-1176076.6157	2448871.2743	2356086.3843	310545311050.6088	3.5468e+03
941	1771004.3114	-1176104.4884	2448967.3114	2356058.5116	310545311050.6088	3.5453e+03
942	1771100.3484	-1176132.3612	2449063.3484	2356030.6388	310545311050.6088	3.5438e+03
943	1771196.3854	-1176160.2339	2449159.3854	2356002.7661	310545311050.6088	3.5423e+03
944	1771292.4225	-1176188.1066	2449255.4225	2355974.8934	310545311050.6088	3.5408e+03
945	1771388.4595	-1176215.9794	2449351.4595	2355947.0206	310545311050.6088	3.5393e+03
946	1771484.4965	-1176243.8521	2449447.4965	2355919.1479	310545311050.6088	3.5378e+03
947	1771580.5336	-1176271.7248	2449543.5336	2355891.2752	310545311050.6088	3.5363e+03
948	1771676.5706	-1176299.5976	2449639.5706	2355863.4024	310545311050.6088	3.5348e+03
949	1771772.6076	-1176327.4703	2449735.6076	2355835.5297	310545311050.6088	3.5333e+03
950	1771868.6446	-1176355.3430	2449831.6446	2355807.6570	310545311050.6088	3.5318e+03
951	1771964.6817	-1176383.2157	2449927.6817	2355779.7843	310545311050.6088	3.5304e+03
952	1772060.7187	-1176411.0885	2450023.7187	2355751.9115	310545311050.6088	3.5289e+03
953	1772156.7557	-1176438.9612	2450119.7557	2355724.0388	310545311050.6088	3.5274e+03
954	1772252.7928	-1176466.8339	2450215.7928	2355696.1661	310545311050.6088	3.5259e+03
955	1772348.8298	-1176494.7067	2450311.8298	2355668.2933	310545311050.6088	3.5244e+03
956	1772444.8668	-1176522.5794	2450407.8668	2355640.4206	310545311050.6088	3.5229e+03
957	1772540.9038	-1176550.4521	2450503.9038	2355612.5479	310545311050.6088	3.5214e+03
958	1772636.9409	-1176578.3248	2450599.9409	2355584.6752	310545311050.6088	3.5199e+03
959	1772732.9779	-1176606.1976	2450695.9779	2355556.8024	310545311050.6088	3.5184e+03
960	1772829.0149	-1176634.0703	2450792.0149	2355528.9297	310545311050.6088	3.5170e+03
961	1772925.0520	-1176661.9430	2450888.0520	2355501.0570	310545311050.6088	3.5155e+03
962	1773021.0890	-1176689.8158	2450984.0890	2355473.1842	310545311050.6088	3.5140e+03
963	1773117.1260	-1176717.6885	2451080.1260	2355445.3115	310545311050.6088	3.5125e+03
964	1773213.1630	-1176745.5612	2451176.1630	2355417.4388	310545311050.6088	3.5110e+03
965	1773309.2001	-1176773.4340	2451272.2001	2355389.5660	310545311050.6088	3.5095e+03
966	1773405.2371	-1176801.3067	2451368.2371	2355361.6933	310545311050.6088	3.5081e+03
967	1773501.2741	-1176829.1794	2451464.2741	2355333.8206	310545311050.6088	3.5066e+03
968	1773597.3112	-1176857.0521	2451560.3112	2355305.9479	310545311050.6088	3.5051e+03
969	1773693.3482	-1176884.9249	2451656.3482	2355278.0751	310545311050.6088	3.5036e+03
970	1773789.3852	-1176912.7976	2451752.3852	2355250.2024	310545311050.6088	3.5021e+03
971	1773885.4222	-1176940.6703	2451848.4222	2355222.3297	310545311050.6088	3.5007e+03
972	1773981.4593	-1176968.5431	2451944.4593	2355194.4569	310545311050.6088	3.4992e+03
973	1774077.4963	-1176996.4158	2452040.4963	2355166.5842	310545311050.6088	3.4977e+03
974	1774173.5333	-1177024.2885	2452136.5333	2355138.7115	310545311050.6088	3.4962e+03
975	1774269.5704	-1177052.1613	2452232.5704	2355110.8387	310545311050.6088	3.4947e+03
976	1774365.6074	-1177080.0340	2452328.6074	2355082.9660	310545311050.6088	3.4933e+03
977	1774461.6444	-1177107.9067	2452424.6444	2355055.0933	310545311050.6088	3.4918e+03
978	1774557.6815	-1177135.7794	2452520.6815	2355027.2206	310545311050.6088	3.4903e+03
979	1774653.7185	-1177163.6522	2452616.7185	2354999.3478	310545311050.6088	3.4889e+03
980	1774749.7555	-1177191.5249	2452712.7555	2354971.4751	310545311050.6088	3.4874e+03
981	1774845.7925	-1177219.3976	2452808.7925	2354943.6024	310545311050.6088	3.4859e+03
982	1774941.8296	-1177247.2704	2452904.8296	2354915.7296	310545311050.6088	3.4844e+03
983	1775037.8666	-1177275.1431	2453000.8666	2354887.8569	310545311050.6088	3.4830e+03
984	1775133.9036	-1177303.0158	2453096.9036	2354859.9842	310545311050.6088	3.4815e+03
985	1775229.9407	-1177330.8885	2453192.9407	2354832.1115	310545311050.6088	3.4800e+03
986	1775325.9777	-1177358.7613	2453288.9777	2354804.2387	310545311050.6088	3.4786e+03
987	1775422.0147	-1177386.6340	2453385.0147	2354776.3660	310545311050.6088	3.4771e+03
988	1775518.0517	-1177414.5067	2453481.0517	2354748.4933	310545311050.6088	3.4756e+03
989	1775614.0888	-1177442.3795	2453577.0888	2354720.6205	310545311050.6088	3.4742e+03
990	1775710.1258	-1177470.2522	2453673.1258	2354692.7478	310545311050.6088	3.4727e+03
991	1775806.1628	-1177498.1249	2453769.1628	2354664.8751	310545311050.6088	3.4712e+03
992	1775902.1999	-1177525.9977	2453865.1999	2354637.0023	310545311050.6088	3.4698e+03
993	1775998.2369	-1177553.8704	2453961.2369	2354609.1296	310545311050.6088	3.4683e+03
994	1776094.2739	-1177581.7431	2454057.2739	2354581.2569	310545311050.6088	3.4668e+03
995	1776190.3109	-1177609.6158	2454153.3109	2354553.3842	310545311050.6088	3.4654e+03
996	1776286.3480	-1177637.4886	2454249.3480	2354525.5114	310545311050.6088	3.4639e+03
997	1776382.3850	-1177665.3613	2454345.3850	2354497.6387	310545311050.6088	3.4624e+03
998	1776478.4220	-1177693.2340	2454441.4220	2354469.7660	310545311050.6088	3.4610e+03
999	1776574.4591	-1177721.1068	2454537.4591	2354441.8932	310545311050.6088	3.4595e+03
