#Md(phi)	area(sqkm)	max_dist(m)
-0.94	1.0000	2109.5
-0.88	2.0000	3549.4
-0.87	3.0000	3549.4
-0.80	4.0000	4435.3
-0.77	5.0000	4435.3
-0.73	6.0000	5361.5
-0.71	7.0000	5361.5
-0.69	8.0000	5361.5
-0.67	9.0000	5361.5
-0.67	10.0000	6310.3
-0.63	11.0000	6310.3
-0.62	12.0000	7272.8
-0.58	13.0000	7272.8
-0.58	14.0000	7272.8
-0.57	15.0000	8244.3
-0.53	16.0000	8244.3
-0.51	17.0000	9221.8
-0.49	18.0000	9221.8
-0.49	19.0000	9221.8
-0.48	20.0000	9221.8
-0.48	21.0000	9221.8
-0.47	22.0000	10203.7
-0.46	23.0000	10203.7
-0.45	24.0000	10203.7
-0.44	25.0000	10203.7
-0.44	26.0000	10203.7
-0.42	27.0000	10203.7
-0.42	28.0000	11188.8
-0.41	29.0000	11188.8
-0.41	30.0000	11188.8
-0.40	31.0000	11188.8
-0.37	32.0000	11188.8
-0.37	33.0000	12176.4
-0.36	34.0000	12176.4
-0.36	35.0000	12176.4
-0.34	36.0000	12176.4
-0.33	37.0000	12176.4
-0.33	38.0000	13165.8
-0.33	39.0000	13165.8
-0.33	40.0000	13165.8
-0.32	41.0000	13165.8
-0.31	42.0000	13165.8
-0.30	43.0000	13165.8
-0.30	44.0000	13165.8
-0.29	45.0000	13165.8
-0.28	46.0000	14156.7
-0.28	47.0000	14156.7
-0.27	48.0000	14156.7
-0.27	49.0000	14156.7
-0.27	50.0000	14156.7
-0.24	51.0000	14156.7
-0.24	52.0000	15148.8
-0.24	53.0000	15148.8
-0.23	54.0000	15148.8
-0.22	55.0000	15148.8
-0.21	56.0000	15148.8
-0.20	57.0000	15148.8
-0.20	58.0000	15148.8
-0.19	59.0000	16141.9
-0.19	60.0000	16141.9
-0.19	61.0000	16141.9
-0.19	62.0000	16141.9
-0.18	63.0000	16141.9
-0.18	64.0000	16141.9
-0.16	65.0000	16141.9
-0.16	66.0000	16141.9
-0.16	67.0000	16141.9
-0.16	68.0000	16141.9
-0.14	69.0000	16141.9
-0.14	70.0000	16141.9
-0.12	71.0000	16141.9
-0.11	72.0000	16141.9
-0.11	73.0000	17057.5
-0.11	74.0000	17057.5
-0.10	75.0000	17057.5
-0.09	76.0000	17057.5
-0.09	77.0000	17057.5
-0.08	78.0000	17057.5
-0.08	79.0000	17057.5
-0.07	80.0000	17057.5
-0.07	81.0000	17057.5
-0.07	82.0000	18056.4
-0.07	83.0000	18056.4
-0.07	84.0000	18056.4
-0.07	85.0000	18056.4
-0.05	86.0000	18056.4
-0.04	87.0000	18056.4
-0.03	88.0000	18056.4
-0.03	89.0000	18056.4
-0.03	90.0000	18056.4
-0.02	91.0000	19055.4
-0.02	92.0000	19055.4
-0.01	93.0000	19055.4
-0.01	94.0000	19055.4
0.00	95.0000	19055.4
0.02	96.0000	19055.4
0.02	97.0000	19055.4
0.02	98.0000	19055.4
0.03	99.0000	19055.4
0.03	100.0000	19055.4
0.03	101.0000	20054.5
0.04	102.0000	20054.5
0.04	103.0000	20054.5
0.04	104.0000	20054.5
0.05	105.0000	20054.5
0.05	106.0000	20054.5
0.06	107.0000	20054.5
0.06	108.0000	20054.5
0.06	109.0000	20054.5
0.07	110.0000	20054.5
0.08	111.0000	20054.5
0.08	112.0000	20054.5
0.08	113.0000	20054.5
0.08	114.0000	20054.5
0.09	115.0000	20054.5
0.10	116.0000	20054.5
0.10	117.0000	20054.5
0.11	118.0000	20070.7
0.12	119.0000	20070.7
0.12	120.0000	21037.6
0.12	121.0000	21037.6
0.13	122.0000	21037.6
0.15	123.0000	21037.6
0.15	124.0000	21037.6
0.15	125.0000	21037.6
0.16	126.0000	21037.6
0.16	127.0000	21037.6
0.16	128.0000	21069.1
0.17	129.0000	21069.1
0.17	130.0000	21069.1
0.17	131.0000	21069.1
0.18	132.0000	22037.6
0.18	133.0000	22037.6
0.18	134.0000	22037.6
0.18	135.0000	22037.6
0.18	136.0000	22037.6
0.19	137.0000	22037.6
0.19	138.0000	22037.6
0.19	139.0000	22037.6
0.19	140.0000	22037.6
0.20	141.0000	22037.6
0.22	142.0000	22037.6
0.22	143.0000	22037.6
0.22	144.0000	22037.6
0.22	145.0000	22067.7
0.23	146.0000	22067.7
0.23	147.0000	22067.7
0.23	148.0000	22067.7
0.26	149.0000	22067.7
0.26	150.0000	22067.7
0.26	151.0000	22067.7
0.27	152.0000	22067.7
0.27	153.0000	22067.7
0.27	154.0000	22142.9
0.27	155.0000	22142.9
0.27	156.0000	22142.9
0.28	157.0000	23066.3
0.28	158.0000	23066.3
0.28	159.0000	23066.3
0.28	160.0000	23066.3
0.29	161.0000	23066.3
0.29	162.0000	23066.3
0.29	163.0000	23066.3
0.30	164.0000	23066.3
0.31	165.0000	23066.3
0.32	166.0000	23066.3
0.32	167.0000	23138.3
0.33	168.0000	23138.3
0.33	169.0000	24065.1
0.33	170.0000	24065.1
0.34	171.0000	24065.1
0.34	172.0000	24065.1
0.34	173.0000	24065.1
0.35	174.0000	24065.1
0.37	175.0000	24065.1
0.37	176.0000	24065.1
0.37	177.0000	24065.1
0.38	178.0000	24065.1
0.38	179.0000	24134.1
0.38	180.0000	24134.1
0.38	181.0000	24134.1
0.38	182.0000	24134.1
0.38	183.0000	24134.1
0.38	184.0000	24134.1
0.39	185.0000	25064.0
0.39	186.0000	25064.0
0.40	187.0000	25064.0
0.40	188.0000	25064.0
0.40	189.0000	25064.0
0.42	190.0000	25064.0
0.42	191.0000	25064.0
0.43	192.0000	25064.0
0.43	193.0000	25130.3
0.43	194.0000	25130.3
0.43	195.0000	25130.3
0.44	196.0000	25130.3
0.44	197.0000	25130.3
0.45	198.0000	25130.3
0.45	199.0000	25130.3
0.45	200.0000	25130.3
0.45	201.0000	25130.3
0.46	202.0000	25130.3
0.47	203.0000	25130.3
0.47	204.0000	25130.3
0.48	205.0000	25130.3
0.48	206.0000	25130.3
0.48	207.0000	25130.3
0.48	208.0000	25236.0
0.48	209.0000	26126.7
0.48	210.0000	26126.7
0.49	211.0000	26126.7
0.49	212.0000	26126.7
0.49	213.0000	26126.7
0.49	214.0000	26126.7
0.49	215.0000	26126.7
0.50	216.0000	26126.7
0.50	217.0000	26126.7
0.50	218.0000	26126.7
0.52	219.0000	26126.7
0.52	220.0000	26126.7
0.52	221.0000	26228.4
0.53	222.0000	26228.4
0.53	223.0000	26228.4
0.53	224.0000	27123.4
0.53	225.0000	27123.4
0.53	226.0000	27123.4
0.53	227.0000	27123.4
0.55	228.0000	27123.4
0.56	229.0000	27123.4
0.56	230.0000	27123.4
0.56	231.0000	27123.4
0.57	232.0000	27221.4
0.57	233.0000	27221.4
0.57	234.0000	27221.4
0.57	235.0000	27221.4
0.58	236.0000	27221.4
0.58	237.0000	27221.4
0.58	238.0000	27221.4
0.58	239.0000	27221.4
0.58	240.0000	27221.4
0.58	241.0000	27221.4
0.59	242.0000	27221.4
0.59	243.0000	27221.4
0.59	244.0000	27221.4
0.59	245.0000	27221.4
0.59	246.0000	27221.4
0.60	247.0000	27221.4
0.60	248.0000	27221.4
0.61	249.0000	28214.9
0.61	250.0000	28214.9
0.61	251.0000	28214.9
0.61	252.0000	28214.9
0.62	253.0000	28214.9
0.62	254.0000	28214.9
0.62	255.0000	28214.9
0.63	256.0000	28214.9
0.63	257.0000	28214.9
0.63	258.0000	28214.9
0.63	259.0000	28214.9
0.63	260.0000	28214.9
0.64	261.0000	28214.9
0.64	262.0000	29208.8
0.65	263.0000	29208.8
0.65	264.0000	29208.8
0.65	265.0000	29208.8
0.66	266.0000	29208.8
0.66	267.0000	29208.8
0.66	268.0000	29208.8
0.66	269.0000	29208.8
0.66	270.0000	29208.8
0.67	271.0000	29208.8
0.67	272.0000	29208.8
0.67	273.0000	29208.8
0.67	274.0000	29208.8
0.67	275.0000	29208.8
0.68	276.0000	29333.9
0.68	277.0000	29333.9
0.68	278.0000	29333.9
0.68	279.0000	29333.9
0.69	280.0000	29333.9
0.69	281.0000	29333.9
0.69	282.0000	29333.9
0.69	283.0000	29333.9
0.69	284.0000	29333.9
0.70	285.0000	29333.9
0.71	286.0000	30324.1
0.71	287.0000	30324.1
0.71	288.0000	30324.1
0.71	289.0000	30324.1
0.72	290.0000	30324.1
0.72	291.0000	30324.1
0.72	292.0000	30324.1
0.72	293.0000	30324.1
0.73	294.0000	30324.1
0.73	295.0000	30324.1
0.73	296.0000	30324.1
0.73	297.0000	30324.1
0.73	298.0000	31314.9
0.73	299.0000	31314.9
0.74	300.0000	31314.9
0.74	301.0000	31314.9
0.75	302.0000	31314.9
0.75	303.0000	31314.9
0.75	304.0000	31314.9
0.75	305.0000	31314.9
0.76	306.0000	31314.9
0.76	307.0000	31314.9
0.76	308.0000	31314.9
0.76	309.0000	31463.5
0.76	310.0000	32306.3
0.76	311.0000	32306.3
0.76	312.0000	32306.3
0.76	313.0000	32306.3
0.77	314.0000	32306.3
0.77	315.0000	32306.3
0.77	316.0000	32306.3
0.77	317.0000	32306.3
0.77	318.0000	32306.3
0.78	319.0000	32306.3
0.78	320.0000	32306.3
0.78	321.0000	32306.3
0.78	322.0000	32450.4
0.79	323.0000	32450.4
0.79	324.0000	32450.4
0.79	325.0000	32450.4
0.80	326.0000	32450.4
0.80	327.0000	32450.4
0.80	328.0000	32450.4
0.80	329.0000	32450.4
0.80	330.0000	32450.4
0.80	331.0000	32450.4
0.80	332.0000	32450.4
0.80	333.0000	32450.4
0.81	334.0000	33438.0
0.81	335.0000	33438.0
0.81	336.0000	33438.0
0.81	337.0000	33438.0
0.82	338.0000	33438.0
0.82	339.0000	33438.0
0.82	340.0000	33438.0
0.82	341.0000	33438.0
0.83	342.0000	33438.0
0.83	343.0000	33606.9
0.83	344.0000	33606.9
0.83	345.0000	33606.9
0.83	346.0000	33606.9
0.83	347.0000	33606.9
0.84	348.0000	33606.9
0.84	349.0000	33606.9
0.84	350.0000	33606.9
0.84	351.0000	33606.9
0.85	352.0000	33606.9
0.85	353.0000	33606.9
0.85	354.0000	33606.9
0.85	355.0000	33606.9
0.85	356.0000	34590.5
0.85	357.0000	34590.5
0.86	358.0000	34590.5
0.86	359.0000	34590.5
0.86	360.0000	34590.5
0.86	361.0000	34590.5
0.86	362.0000	34590.5
0.86	363.0000	34590.5
0.86	364.0000	34590.5
0.86	365.0000	34590.5
0.86	366.0000	34590.5
0.87	367.0000	34590.5
0.87	368.0000	34782.6
0.87	369.0000	34782.6
0.87	370.0000	34782.6
0.87	371.0000	34782.6
0.87	372.0000	34782.6
0.88	373.0000	35574.9
0.88	374.0000	35574.9
0.88	375.0000	35574.9
0.88	376.0000	35574.9
0.88	377.0000	35574.9
0.88	378.0000	35574.9
0.88	379.0000	35574.9
0.88	380.0000	35574.9
0.89	381.0000	35574.9
0.89	382.0000	35574.9
0.89	383.0000	35761.7
0.89	384.0000	35761.7
0.89	385.0000	35761.7
0.89	386.0000	35761.7
0.89	387.0000	35761.7
0.90	388.0000	35761.7
0.90	389.0000	35761.7
0.90	390.0000	35761.7
0.91	391.0000	35761.7
0.91	392.0000	35761.7
0.91	393.0000	35761.7
0.91	394.0000	35761.7
0.91	395.0000	35975.4
0.91	396.0000	35975.4
0.92	397.0000	35975.4
0.92	398.0000	35975.4
0.92	399.0000	35975.4
0.92	400.0000	36742.0
0.92	401.0000	36742.0
0.93	402.0000	36742.0
0.93	403.0000	36742.0
0.93	404.0000	36742.0
0.93	405.0000	36742.0
0.93	406.0000	36742.0
0.93	407.0000	36742.0
0.93	408.0000	36742.0
0.93	409.0000	36742.0
0.93	410.0000	36950.0
0.93	411.0000	36950.0
0.94	412.0000	36950.0
0.94	413.0000	36950.0
0.94	414.0000	36950.0
0.94	415.0000	36950.0
0.94	416.0000	36950.0
0.94	417.0000	36950.0
0.94	418.0000	36950.0
0.94	419.0000	36950.0
0.94	420.0000	36950.0
0.95	421.0000	36950.0
0.95	422.0000	36950.0
0.95	423.0000	36950.0
0.95	424.0000	36950.0
0.95	425.0000	37183.7
0.96	426.0000	37183.7
0.96	427.0000	37183.7
0.96	428.0000	37183.7
0.96	429.0000	37183.7
0.96	430.0000	37183.7
0.96	431.0000	37925.9
0.96	432.0000	37925.9
0.96	433.0000	37925.9
0.96	434.0000	37925.9
0.97	435.0000	37925.9
0.97	436.0000	37925.9
0.97	437.0000	37925.9
0.97	438.0000	37925.9
0.98	439.0000	38153.6
0.98	440.0000	38153.6
0.98	441.0000	38153.6
0.98	442.0000	38153.6
0.98	443.0000	38153.6
0.98	444.0000	38153.6
0.99	445.0000	38153.6
0.99	446.0000	38153.6
0.99	447.0000	38153.6
0.99	448.0000	38153.6
1.00	449.0000	38153.6
1.00	450.0000	38153.6
1.00	451.0000	38153.6
1.00	452.0000	38406.1
1.00	453.0000	38406.1
1.00	454.0000	39125.1
1.00	455.0000	39125.1
1.00	456.0000	39125.1
1.00	457.0000	39125.1
1.00	458.0000	39125.1
1.00	459.0000	39125.1
1.00	460.0000	39125.1
1.01	461.0000	39125.1
1.01	462.0000	39125.1
1.01	463.0000	39125.1
1.02	464.0000	39125.1
1.02	465.0000	39371.3
1.02	466.0000	39371.3
1.02	467.0000	39371.3
1.02	468.0000	39371.3
1.02	469.0000	39371.3
1.02	470.0000	39371.3
1.02	471.0000	39371.3
1.03	472.0000	39371.3
1.03	473.0000	39371.3
1.03	474.0000	40098.0
1.03	475.0000	40338.2
1.03	476.0000	40338.2
1.04	477.0000	40338.2
1.04	478.0000	40338.2
1.04	479.0000	40338.2
1.04	480.0000	40338.2
1.04	481.0000	40338.2
1.04	482.0000	40338.2
1.05	483.0000	40338.2
1.05	484.0000	40338.2
1.05	485.0000	40338.2
1.05	486.0000	40338.2
1.05	487.0000	40338.2
1.05	488.0000	40338.2
1.05	489.0000	40338.2
1.05	490.0000	40338.2
1.05	491.0000	40338.2
1.05	492.0000	40338.2
1.06	493.0000	42276.7
1.06	494.0000	42276.7
1.06	495.0000	42276.7
1.06	496.0000	42276.7
1.06	497.0000	42276.7
1.06	498.0000	42276.7
1.07	499.0000	42276.7
1.07	500.0000	42276.7
1.07	501.0000	42276.7
1.08	502.0000	42276.7
1.08	503.0000	42276.7
1.08	504.0000	42276.7
1.08	505.0000	42276.7
1.08	506.0000	42276.7
1.08	507.0000	42276.7
1.08	508.0000	42276.7
1.08	509.0000	42276.7
1.08	510.0000	42276.7
1.08	511.0000	42276.7
1.08	512.0000	42528.2
1.09	513.0000	42528.2
1.09	514.0000	42528.2
1.09	515.0000	42528.2
1.09	516.0000	42528.2
1.09	517.0000	42528.2
1.10	518.0000	43493.9
1.10	519.0000	43493.9
1.10	520.0000	44220.7
1.10	521.0000	44220.7
1.10	522.0000	44220.7
1.10	523.0000	44220.7
1.10	524.0000	44220.7
1.10	525.0000	44220.7
1.11	526.0000	44220.7
1.11	527.0000	44220.7
1.11	528.0000	44220.7
1.11	529.0000	44220.7
1.11	530.0000	44220.7
1.12	531.0000	44220.7
1.12	532.0000	44220.7
1.12	533.0000	44220.7
1.12	534.0000	44220.7
1.12	535.0000	44220.7
1.12	536.0000	44220.7
1.12	537.0000	44220.7
1.12	538.0000	44220.7
1.12	539.0000	44220.7
1.13	540.0000	44220.7
1.13	541.0000	44220.7
1.13	542.0000	44220.7
1.13	543.0000	44220.7
1.13	544.0000	44220.7
1.13	545.0000	44220.7
1.13	546.0000	44220.7
1.14	547.0000	44220.7
1.14	548.0000	44722.7
1.14	549.0000	44722.7
1.14	550.0000	44722.7
1.14	551.0000	44722.7
1.14	552.0000	44722.7
1.14	553.0000	44722.7
1.15	554.0000	44722.7
1.15	555.0000	44722.7
1.15	556.0000	44722.7
1.15	557.0000	44722.7
1.15	558.0000	44722.7
1.15	559.0000	44722.7
1.16	560.0000	44722.7
1.16	561.0000	44722.7
1.16	562.0000	44722.7
1.16	563.0000	44722.7
1.17	564.0000	44722.7
1.17	565.0000	44722.7
1.17	566.0000	44722.7
1.17	567.0000	44722.7
1.17	568.0000	44722.7
1.17	569.0000	44722.7
1.17	570.0000	44722.7
1.17	571.0000	44722.7
1.18	572.0000	44722.7
1.18	573.0000	45685.8
1.18	574.0000	45685.8
1.18	575.0000	45685.8
1.18	576.0000	45685.8
1.18	577.0000	45685.8
1.18	578.0000	45685.8
1.18	579.0000	45685.8
1.18	580.0000	45685.8
1.18	581.0000	45685.8
1.19	582.0000	45685.8
1.19	583.0000	45685.8
1.19	584.0000	45685.8
1.19	585.0000	45685.8
1.19	586.0000	45685.8
1.20	587.0000	45685.8
1.20	588.0000	45685.8
1.20	589.0000	45962.2
1.20	590.0000	45962.2
1.20	591.0000	45962.2
1.20	592.0000	45962.2
1.21	593.0000	45962.2
1.21	594.0000	45962.2
1.21	595.0000	45962.2
1.21	596.0000	45962.2
1.21	597.0000	45962.2
1.22	598.0000	45962.2
1.22	599.0000	45962.2
1.23	600.0000	45962.2
1.23	601.0000	45962.2
1.23	602.0000	46258.5
1.23	603.0000	46258.5
1.23	604.0000	47211.5
1.23	605.0000	47211.5
1.23	606.0000	47211.5
1.23	607.0000	47211.5
1.23	608.0000	47211.5
1.23	609.0000	47211.5
1.24	610.0000	47211.5
1.24	611.0000	47211.5
1.24	612.0000	47211.5
1.24	613.0000	47211.5
1.24	614.0000	47211.5
1.24	615.0000	47211.5
1.24	616.0000	47211.5
1.24	617.0000	47211.5
1.24	618.0000	47211.5
1.24	619.0000	47211.5
1.24	620.0000	47211.5
1.25	621.0000	47211.5
1.25	622.0000	47211.5
1.25	623.0000	47211.5
1.25	624.0000	47211.5
1.25	625.0000	47211.5
1.25	626.0000	47211.5
1.25	627.0000	47211.5
1.26	628.0000	47211.5
1.26	629.0000	47211.5
1.26	630.0000	48166.3
1.26	631.0000	48166.3
1.26	632.0000	48166.3
1.26	633.0000	48166.3
1.26	634.0000	48166.3
1.27	635.0000	48166.3
1.27	636.0000	48166.3
1.27	637.0000	48166.3
1.27	638.0000	48166.3
1.27	639.0000	48166.3
1.27	640.0000	48166.3
1.28	641.0000	48166.3
1.28	642.0000	48166.3
1.28	643.0000	48166.3
1.28	644.0000	51041.3
1.28	645.0000	51041.3
1.28	646.0000	51041.3
1.29	647.0000	51041.3
1.29	648.0000	51041.3
1.29	649.0000	51041.3
1.29	650.0000	51041.3
1.29	651.0000	51041.3
1.30	652.0000	51041.3
1.30	653.0000	51041.3
1.30	654.0000	51041.3
1.30	655.0000	51041.3
1.30	656.0000	51041.3
1.30	657.0000	51041.3
1.30	658.0000	51041.3
1.30	659.0000	51041.3
1.30	660.0000	51327.8
1.30	661.0000	51327.8
1.30	662.0000	51327.8
1.30	663.0000	51327.8
1.30	664.0000	51327.8
1.30	665.0000	51327.8
1.30	666.0000	51327.8
1.31	667.0000	51327.8
1.31	668.0000	51327.8
1.31	669.0000	51327.8
1.31	670.0000	51327.8
1.31	671.0000	51327.8
1.31	672.0000	51327.8
1.32	673.0000	51327.8
1.32	674.0000	51327.8
1.32	675.0000	51327.8
1.32	676.0000	51327.8
1.32	677.0000	51327.8
1.32	678.0000	51327.8
1.33	679.0000	51327.8
1.33	680.0000	51327.8
1.33	681.0000	51327.8
1.33	682.0000	51327.8
1.33	683.0000	51327.8
1.33	684.0000	51327.8
1.33	685.0000	51327.8
1.34	686.0000	51327.8
1.34	687.0000	52284.0
1.34	688.0000	52284.0
1.34	689.0000	52284.0
1.34	690.0000	52284.0
1.34	691.0000	52284.0
1.34	692.0000	52284.0
1.34	693.0000	52284.0
1.34	694.0000	52284.0
1.34	695.0000	52284.0
1.34	696.0000	52284.0
1.35	697.0000	52284.0
1.35	698.0000	52284.0
1.35	699.0000	52284.0
1.36	700.0000	52284.0
1.36	701.0000	52284.0
1.36	702.0000	52284.0
1.36	703.0000	52284.0
1.36	704.0000	52284.0
1.36	705.0000	52284.0
1.36	706.0000	52284.0
1.37	707.0000	52284.0
1.37	708.0000	52284.0
1.37	709.0000	52284.0
1.37	710.0000	52284.0
1.37	711.0000	52284.0
1.38	712.0000	52284.0
1.38	713.0000	52284.0
1.38	714.0000	52284.0
1.38	715.0000	52284.0
1.38	716.0000	52284.0
1.38	717.0000	52284.0
1.38	718.0000	52284.0
1.38	719.0000	52284.0
1.39	720.0000	52284.0
1.39	721.0000	52284.0
1.39	722.0000	52284.0
1.39	723.0000	52284.0
1.39	724.0000	52284.0
1.39	725.0000	52284.0
1.39	726.0000	52284.0
1.40	727.0000	52898.7
1.40	728.0000	52898.7
1.40	729.0000	52898.7
1.40	730.0000	52898.7
1.40	731.0000	52965.7
1.41	732.0000	52965.7
1.41	733.0000	52965.7
1.41	734.0000	52965.7
1.41	735.0000	52965.7
1.41	736.0000	52965.7
1.42	737.0000	52965.7
1.42	738.0000	52965.7
1.42	739.0000	52965.7
1.42	740.0000	52965.7
1.42	741.0000	52965.7
1.42	742.0000	52965.7
1.42	743.0000	52965.7
1.43	744.0000	52965.7
1.43	745.0000	52965.7
1.43	746.0000	53845.6
1.43	747.0000	53845.6
1.43	748.0000	53845.6
1.43	749.0000	53845.6
1.43	750.0000	53845.6
1.44	751.0000	53845.6
1.44	752.0000	53845.6
1.44	753.0000	53845.6
1.44	754.0000	53845.6
1.44	755.0000	53845.6
1.44	756.0000	53845.6
1.44	757.0000	53845.6
1.45	758.0000	54172.6
1.45	759.0000	54172.6
1.45	760.0000	54172.6
1.45	761.0000	54172.6
1.45	762.0000	54172.6
1.45	763.0000	54172.6
1.45	764.0000	54172.6
1.45	765.0000	54172.6
1.45	766.0000	54172.6
1.46	767.0000	54172.6
1.46	768.0000	54172.6
1.46	769.0000	54172.6
1.46	770.0000	54172.6
1.46	771.0000	54172.6
1.46	772.0000	54172.6
1.46	773.0000	54172.6
1.47	774.0000	54172.6
1.47	775.0000	54172.6
1.47	776.0000	54172.6
1.47	777.0000	54172.6
1.47	778.0000	54794.3
1.47	779.0000	54794.3
1.47	780.0000	54794.3
1.48	781.0000	54794.3
1.48	782.0000	54794.3
1.48	783.0000	54794.3
1.48	784.0000	54794.3
1.49	785.0000	54794.3
1.49	786.0000	54794.3
1.49	787.0000	54794.3
1.49	788.0000	54794.3
1.49	789.0000	54794.3
1.49	790.0000	54794.3
1.49	791.0000	54794.3
1.49	792.0000	54794.3
1.49	793.0000	54794.3
1.49	794.0000	54794.3
1.50	795.0000	54794.3
1.50	796.0000	54794.3
1.50	797.0000	54794.3
1.50	798.0000	54794.3
1.50	799.0000	55115.7
1.50	800.0000	55115.7
1.50	801.0000	55115.7
1.51	802.0000	55115.7
1.51	803.0000	55115.7
1.51	804.0000	55115.7
1.51	805.0000	55115.7
1.52	806.0000	55115.7
1.52	807.0000	55115.7
1.52	808.0000	55115.7
1.52	809.0000	55115.7
1.52	810.0000	55453.3
1.52	811.0000	55453.3
1.52	812.0000	55453.3
1.53	813.0000	55453.3
1.54	814.0000	55453.3
1.54	815.0000	55453.3
1.54	816.0000	55453.3
1.54	817.0000	55453.3
1.54	818.0000	55453.3
1.54	819.0000	56392.8
1.54	820.0000	56392.8
1.54	821.0000	56392.8
1.54	822.0000	56392.8
1.55	823.0000	56392.8
1.55	824.0000	56392.8
1.55	825.0000	56392.8
1.55	826.0000	56392.8
1.55	827.0000	56392.8
1.55	828.0000	56392.8
1.55	829.0000	56392.8
1.55	830.0000	56392.8
1.56	831.0000	56392.8
1.56	832.0000	56392.8
1.56	833.0000	56392.8
1.56	834.0000	56392.8
1.56	835.0000	56392.8
1.56	836.0000	56392.8
1.56	837.0000	56392.8
1.56	838.0000	56392.8
1.56	839.0000	56392.8
1.56	840.0000	56392.8
1.56	841.0000	56392.8
1.56	842.0000	56392.8
1.57	843.0000	56392.8
1.57	844.0000	56740.4
1.58	845.0000	57007.8
1.58	846.0000	57007.8
1.58	847.0000	57007.8
1.58	848.0000	57007.8
1.58	849.0000	57007.8
1.58	850.0000	57007.8
1.58	851.0000	57007.8
1.58	852.0000	57007.8
1.58	853.0000	57007.8
1.59	854.0000	57007.8
1.59	855.0000	57007.8
1.59	856.0000	57007.8
1.60	857.0000	57007.8
1.60	858.0000	57007.8
1.60	859.0000	57007.8
1.60	860.0000	57007.8
1.60	861.0000	57007.8
1.60	862.0000	57007.8
1.60	863.0000	57007.8
1.60	864.0000	57007.8
1.60	865.0000	57334.3
1.61	866.0000	57334.3
1.61	867.0000	57334.3
1.61	868.0000	57334.3
1.61	869.0000	57334.3
1.61	870.0000	57334.3
1.61	871.0000	57334.3
1.61	872.0000	57334.3
1.61	873.0000	57334.3
1.61	874.0000	57334.3
1.61	875.0000	57334.3
1.62	876.0000	57676.2
1.62	877.0000	57676.2
1.62	878.0000	57676.2
1.62	879.0000	57676.2
1.62	880.0000	57676.2
1.62	881.0000	57676.2
1.62	882.0000	57676.2
1.63	883.0000	57676.2
1.63	884.0000	57676.2
1.63	885.0000	57676.2
1.63	886.0000	57676.2
1.64	887.0000	57676.2
1.64	888.0000	57676.2
1.64	889.0000	57676.2
1.64	890.0000	57676.2
1.64	891.0000	57676.2
1.64	892.0000	57676.2
1.64	893.0000	57676.2
1.64	894.0000	57676.2
1.65	895.0000	57676.2
1.65	896.0000	57676.2
1.65	897.0000	57676.2
1.66	898.0000	57676.2
1.66	899.0000	57676.2
1.66	900.0000	57676.2
1.66	901.0000	57676.2
1.66	902.0000	57676.2
1.67	903.0000	57676.2
1.67	904.0000	57676.2
1.67	905.0000	57676.2
1.67	906.0000	57676.2
1.67	907.0000	57676.2
1.67	908.0000	57676.2
1.67	909.0000	57676.2
1.67	910.0000	57676.2
1.67	911.0000	57676.2
1.67	912.0000	57676.2
1.67	913.0000	57676.2
1.67	914.0000	57676.2
1.67	915.0000	57676.2
1.68	916.0000	57676.2
1.68	917.0000	57676.2
1.68	918.0000	57676.2
1.68	919.0000	57676.2
1.68	920.0000	57676.2
1.68	921.0000	57676.2
1.69	922.0000	57676.2
1.69	923.0000	57676.2
1.69	924.0000	58033.4
1.69	925.0000	58277.7
1.69	926.0000	58277.7
1.69	927.0000	58277.7
1.70	928.0000	58277.7
1.70	929.0000	58277.7
1.70	930.0000	58277.7
1.70	931.0000	58277.7
1.70	932.0000	58277.7
1.70	933.0000	58277.7
1.70	934.0000	58277.7
1.70	935.0000	58277.7
1.71	936.0000	58277.7
1.71	937.0000	58277.7
1.71	938.0000	58277.7
1.71	939.0000	58405.4
1.71	940.0000	58405.4
1.71	941.0000	58405.4
1.72	942.0000	58405.4
1.72	943.0000	58965.6
1.72	944.0000	58965.6
1.72	945.0000	58965.6
1.72	946.0000	58965.6
1.72	947.0000	58965.6
1.72	948.0000	58965.6
1.72	949.0000	58965.6
1.73	950.0000	58965.6
1.73	951.0000	58965.6
1.73	952.0000	58965.6
1.73	953.0000	58965.6
1.73	954.0000	58965.6
1.73	955.0000	58965.6
1.73	956.0000	58965.6
1.73	957.0000	58965.6
1.73	958.0000	58965.6
1.73	959.0000	59331.9
1.73	960.0000	59331.9
1.74	961.0000	59331.9
1.74	962.0000	59331.9
1.74	963.0000	59331.9
1.74	964.0000	59331.9
1.74	965.0000	59331.9
1.74	966.0000	59331.9
1.74	967.0000	59331.9
1.74	968.0000	59331.9
1.75	969.0000	59331.9
1.75	970.0000	59331.9
1.76	971.0000	59331.9
1.76	972.0000	59900.1
1.76	973.0000	59900.1
1.76	974.0000	59900.1
1.76	975.0000	59900.1
1.76	976.0000	59900.1
1.76	977.0000	60260.6
1.77	978.0000	60260.6
1.77	979.0000	60260.6
1.77	980.0000	60260.6
1.77	981.0000	60260.6
1.77	982.0000	60260.6
1.77	983.0000	60260.6
1.78	984.0000	60260.6
1.78	985.0000	60260.6
1.78	986.0000	60260.6
1.78	987.0000	60260.6
1.78	988.0000	60260.6
1.78	989.0000	60260.6
1.78	990.0000	60260.6
1.78	991.0000	60260.6
1.78	992.0000	60260.6
1.78	993.0000	60260.6
1.78	994.0000	60260.6
1.78	995.0000	60260.6
1.78	996.0000	60635.6
1.78	997.0000	60635.6
1.78	998.0000	60635.6
1.78	999.0000	60635.6
1.79	1000.0000	60635.6
1.79	1001.0000	60635.6
1.79	1002.0000	60635.6
1.79	1003.0000	60635.6
1.79	1004.0000	60635.6
1.79	1005.0000	60635.6
1.80	1006.0000	60635.6
1.80	1007.0000	61191.6
1.80	1008.0000	61191.6
1.80	1009.0000	61191.6
1.81	1010.0000	61191.6
1.81	1011.0000	61560.9
1.81	1012.0000	61560.9
1.81	1013.0000	61560.9
1.81	1014.0000	61560.9
1.81	1015.0000	61560.9
1.81	1016.0000	61560.9
1.82	1017.0000	61560.9
1.82	1018.0000	61560.9
1.82	1019.0000	61560.9
1.82	1020.0000	61560.9
1.82	1021.0000	61560.9
1.82	1022.0000	61560.9
1.82	1023.0000	61560.9
1.82	1024.0000	61560.9
1.82	1025.0000	61560.9
1.83	1026.0000	61560.9
1.83	1027.0000	61944.1
1.83	1028.0000	61944.1
1.83	1029.0000	61944.1
1.83	1030.0000	61944.1
1.83	1031.0000	61944.1
1.83	1032.0000	61944.1
1.83	1033.0000	61944.1
1.83	1034.0000	61944.1
1.83	1035.0000	61944.1
1.83	1036.0000	61944.1
1.83	1037.0000	61944.1
1.83	1038.0000	61944.1
1.84	1039.0000	61944.1
1.84	1040.0000	62488.5
1.84	1041.0000	62488.5
1.84	1042.0000	62488.5
1.84	1043.0000	62488.5
1.84	1044.0000	62488.5
1.84	1045.0000	62488.5
1.84	1046.0000	62488.5
1.84	1047.0000	62488.5
1.84	1048.0000	62488.5
1.84	1049.0000	62488.5
1.85	1050.0000	62488.5
1.85	1051.0000	62488.5
1.85	1052.0000	62488.5
1.85	1053.0000	62488.5
1.85	1054.0000	62488.5
1.85	1055.0000	62488.5
1.85	1056.0000	62488.5
1.85	1057.0000	62488.5
1.85	1058.0000	62866.1
1.85	1059.0000	62866.1
1.85	1060.0000	62866.1
1.85	1061.0000	62866.1
1.86	1062.0000	62866.1
1.86	1063.0000	62866.1
1.86	1064.0000	62866.1
1.87	1065.0000	62866.1
1.87	1066.0000	62866.1
1.87	1067.0000	62866.1
1.87	1068.0000	62866.1
1.87	1069.0000	63418.4
1.87	1070.0000	63418.4
1.87	1071.0000	63418.4
1.87	1072.0000	63418.4
1.87	1073.0000	63790.4
1.88	1074.0000	63790.4
1.88	1075.0000	63790.4
1.88	1076.0000	63790.4
1.88	1077.0000	63790.4
1.88	1078.0000	63790.4
1.88	1079.0000	63790.4
1.88	1080.0000	63790.4
1.88	1081.0000	63790.4
1.88	1082.0000	63790.4
1.88	1083.0000	63790.4
1.88	1084.0000	63790.4
1.88	1085.0000	63790.4
1.88	1086.0000	63790.4
1.89	1087.0000	63790.4
1.89	1088.0000	63790.4
1.89	1089.0000	63790.4
1.89	1090.0000	63790.4
1.89	1091.0000	63790.4
1.89	1092.0000	63790.4
1.89	1093.0000	63790.4
1.89	1094.0000	63790.4
1.89	1095.0000	64175.9
1.89	1096.0000	64175.9
1.89	1097.0000	64175.9
1.89	1098.0000	64175.9
1.89	1099.0000	64175.9
1.90	1100.0000	64175.9
1.90	1101.0000	64175.9
1.90	1102.0000	64175.9
1.90	1103.0000	64175.9
1.90	1104.0000	64175.9
1.90	1105.0000	64175.9
1.91	1106.0000	64175.9
1.91	1107.0000	64175.9
1.91	1108.0000	64175.9
1.91	1109.0000	64717.0
1.91	1110.0000	64717.0
1.91	1111.0000	64717.0
1.91	1112.0000	64717.0
1.91	1113.0000	65097.0
1.91	1114.0000	65097.0
1.91	1115.0000	65097.0
1.91	1116.0000	65097.0
1.91	1117.0000	65097.0
1.92	1118.0000	65097.0
1.92	1119.0000	65097.0
1.92	1120.0000	65097.0
1.92	1121.0000	65097.0
1.92	1122.0000	65097.0
1.92	1123.0000	65097.0
1.92	1124.0000	65097.0
1.92	1125.0000	65097.0
1.92	1126.0000	65097.0
1.92	1127.0000	65097.0
1.92	1128.0000	65097.0
1.92	1129.0000	65097.0
1.92	1130.0000	65097.0
1.92	1131.0000	65097.0
1.92	1132.0000	65097.0
1.92	1133.0000	65097.0
1.92	1134.0000	65097.0
1.92	1135.0000	65097.0
1.92	1136.0000	65097.0
1.93	1137.0000	65097.0
1.93	1138.0000	65097.0
1.93	1139.0000	65097.0
1.93	1140.0000	65097.0
1.93	1141.0000	65490.0
1.93	1142.0000	65490.0
1.93	1143.0000	65490.0
1.93	1144.0000	65490.0
1.93	1145.0000	65490.0
1.94	1146.0000	65490.0
1.94	1147.0000	65490.0
1.94	1148.0000	65490.0
1.94	1149.0000	65490.0
1.94	1150.0000	65490.0
1.94	1151.0000	65490.0
1.94	1152.0000	66020.4
1.94	1153.0000	66020.4
1.94	1154.0000	66020.4
1.94	1155.0000	66020.4
1.94	1156.0000	66020.4
1.95	1157.0000	66020.4
1.95	1158.0000	66020.4
1.95	1159.0000	66020.4
1.95	1160.0000	66020.4
1.95	1161.0000	66020.4
1.95	1162.0000	66020.4
1.95	1163.0000	66020.4
1.95	1164.0000	66020.4
1.95	1165.0000	66020.4
1.95	1166.0000	66020.4
1.95	1167.0000	66020.4
1.95	1168.0000	66020.4
1.95	1169.0000	66020.4
1.95	1170.0000	66408.0
1.95	1171.0000	66408.0
1.95	1172.0000	66408.0
1.95	1173.0000	66408.0
1.95	1174.0000	66408.0
1.95	1175.0000	66408.0
1.95	1176.0000	66408.0
1.95	1177.0000	66408.0
1.95	1178.0000	66408.0
1.96	1179.0000	66408.0
1.96	1180.0000	66408.0
1.96	1181.0000	66408.0
1.96	1182.0000	66408.0
1.96	1183.0000	66408.0
1.96	1184.0000	66408.0
1.96	1185.0000	66408.0
1.96	1186.0000	66408.0
1.96	1187.0000	66408.0
1.97	1188.0000	66408.0
1.97	1189.0000	66808.3
1.97	1190.0000	66808.3
1.97	1191.0000	66808.3
1.97	1192.0000	66808.3
1.97	1193.0000	66808.3
1.97	1194.0000	66808.3
1.97	1195.0000	66808.3
1.97	1196.0000	66808.3
1.97	1197.0000	66808.3
1.97	1198.0000	66808.3
1.97	1199.0000	66808.3
1.97	1200.0000	66808.3
1.97	1201.0000	66808.3
1.97	1202.0000	66808.3
1.97	1203.0000	67328.2
1.97	1204.0000	67328.2
1.97	1205.0000	67328.2
1.97	1206.0000	67328.2
1.98	1207.0000	67328.2
1.98	1208.0000	67328.2
1.98	1209.0000	67328.2
1.98	1210.0000	67328.2
1.98	1211.0000	67328.2
1.98	1212.0000	67328.2
1.98	1213.0000	67328.2
1.98	1214.0000	67328.2
1.98	1215.0000	67328.2
1.98	1216.0000	67328.2
1.98	1217.0000	67723.1
1.99	1218.0000	67723.1
1.99	1219.0000	67723.1
1.99	1220.0000	67723.1
1.99	1221.0000	67723.1
1.99	1222.0000	67723.1
1.99	1223.0000	67723.1
1.99	1224.0000	67723.1
1.99	1225.0000	67723.1
1.99	1226.0000	67723.1
1.99	1227.0000	67723.1
1.99	1228.0000	67723.1
1.99	1229.0000	67723.1
1.99	1230.0000	67723.1
1.99	1231.0000	67723.1
2.00	1232.0000	67723.1
2.00	1233.0000	67723.1
2.00	1234.0000	67723.1
2.00	1235.0000	67723.1
2.00	1236.0000	67723.1
2.00	1237.0000	67723.1
2.00	1238.0000	67723.1
2.00	1239.0000	67723.1
2.00	1240.0000	67723.1
2.00	1241.0000	68130.3
2.00	1242.0000	68130.3
2.00	1243.0000	68130.3
2.00	1244.0000	68130.3
2.00	1245.0000	68130.3
2.00	1246.0000	68130.3
2.00	1247.0000	68130.3
2.00	1248.0000	68130.3
2.01	1249.0000	68130.3
2.01	1250.0000	68130.3
2.01	1251.0000	68130.3
2.01	1252.0000	68130.3
2.01	1253.0000	68130.3
2.01	1254.0000	68130.3
2.01	1255.0000	68130.3
2.01	1256.0000	68130.3
2.01	1257.0000	68130.3
2.01	1258.0000	68130.3
2.01	1259.0000	68130.3
2.01	1260.0000	68130.3
2.01	1261.0000	68130.3
2.01	1262.0000	68130.3
2.01	1263.0000	68130.3
2.02	1264.0000	68549.8
2.02	1265.0000	68549.8
2.02	1266.0000	68549.8
2.02	1267.0000	68549.8
2.02	1268.0000	68549.8
2.02	1269.0000	68549.8
2.02	1270.0000	68549.8
2.02	1271.0000	68549.8
2.02	1272.0000	68549.8
2.02	1273.0000	68549.8
2.02	1274.0000	68549.8
2.02	1275.0000	68549.8
2.02	1276.0000	68549.8
2.02	1277.0000	68549.8
2.02	1278.0000	68549.8
2.03	1279.0000	68549.8
2.03	1280.0000	68549.8
2.03	1281.0000	68549.8
2.03	1282.0000	68549.8
2.03	1283.0000	68549.8
2.03	1284.0000	68549.8
2.03	1285.0000	68549.8
2.03	1286.0000	68549.8
2.03	1287.0000	68549.8
2.03	1288.0000	68549.8
2.03	1289.0000	68981.1
2.03	1290.0000	68981.1
2.03	1291.0000	68981.1
2.03	1292.0000	68981.1
2.03	1293.0000	68981.1
2.03	1294.0000	68981.1
2.03	1295.0000	68981.1
2.03	1296.0000	68981.1
2.04	1297.0000	68981.1
2.04	1298.0000	68981.1
2.04	1299.0000	68981.1
2.04	1300.0000	68981.1
2.04	1301.0000	68981.1
2.04	1302.0000	68981.1
2.04	1303.0000	68981.1
2.04	1304.0000	68981.1
2.04	1305.0000	68981.1
2.04	1306.0000	68981.1
2.04	1307.0000	68981.1
2.04	1308.0000	68981.1
2.04	1309.0000	68981.1
2.04	1310.0000	68981.1
2.04	1311.0000	68981.1
2.04	1312.0000	68981.1
2.04	1313.0000	68981.1
2.04	1314.0000	69424.2
2.04	1315.0000	69424.2
2.04	1316.0000	69424.2
2.04	1317.0000	69424.2
2.05	1318.0000	69424.2
2.05	1319.0000	69424.2
2.05	1320.0000	69424.2
2.05	1321.0000	69424.2
2.05	1322.0000	69424.2
2.05	1323.0000	69424.2
2.05	1324.0000	69424.2
2.05	1325.0000	69424.2
2.05	1326.0000	69424.2
2.05	1327.0000	69424.2
2.05	1328.0000	69424.2
2.05	1329.0000	69424.2
2.05	1330.0000	69424.2
2.05	1331.0000	69424.2
2.05	1332.0000	69424.2
2.05	1333.0000	69424.2
2.05	1334.0000	69424.2
2.05	1335.0000	69424.2
2.05	1336.0000	69424.2
2.05	1337.0000	69424.2
2.05	1338.0000	69424.2
2.06	1339.0000	69424.2
2.06	1340.0000	69878.8
2.06	1341.0000	69878.8
2.06	1342.0000	69878.8
2.06	1343.0000	69878.8
2.06	1344.0000	69878.8
2.06	1345.0000	69878.8
2.06	1346.0000	69878.8
2.06	1347.0000	69878.8
2.06	1348.0000	69878.8
2.06	1349.0000	69878.8
2.06	1350.0000	69878.8
2.06	1351.0000	69878.8
2.06	1352.0000	69878.8
2.06	1353.0000	69878.8
2.06	1354.0000	69878.8
2.06	1355.0000	69878.8
2.06	1356.0000	70344.7
2.07	1357.0000	70344.7
2.07	1358.0000	70344.7
2.07	1359.0000	70344.7
2.07	1360.0000	70344.7
2.07	1361.0000	70344.7
2.07	1362.0000	70344.7
2.07	1363.0000	70344.7
2.07	1364.0000	70344.7
2.07	1365.0000	70344.7
2.07	1366.0000	70344.7
2.07	1367.0000	70344.7
2.07	1368.0000	70821.6
2.07	1369.0000	70821.6
2.07	1370.0000	70821.6
2.07	1371.0000	70821.6
2.07	1372.0000	70821.6
2.07	1373.0000	70821.6
2.08	1374.0000	70821.6
2.08	1375.0000	70821.6
2.08	1376.0000	70821.6
2.08	1377.0000	70821.6
2.08	1378.0000	70821.6
2.08	1379.0000	70821.6
2.08	1380.0000	70821.6
2.08	1381.0000	70821.6
2.08	1382.0000	70821.6
2.08	1383.0000	70821.6
2.08	1384.0000	71309.4
2.08	1385.0000	71309.4
2.08	1386.0000	71309.4
2.08	1387.0000	71309.4
2.08	1388.0000	71309.4
2.08	1389.0000	71309.4
2.08	1390.0000	71309.4
2.09	1391.0000	71309.4
2.09	1392.0000	71309.4
2.09	1393.0000	71309.4
2.09	1394.0000	71309.4
2.09	1395.0000	71309.4
2.09	1396.0000	71309.4
2.09	1397.0000	71309.4
2.09	1398.0000	71309.4
2.09	1399.0000	71309.4
2.09	1400.0000	71309.4
2.09	1401.0000	71309.4
2.09	1402.0000	71309.4
2.09	1403.0000	71309.4
2.09	1404.0000	71807.7
2.09	1405.0000	71807.7
2.09	1406.0000	71807.7
2.10	1407.0000	71807.7
2.10	1408.0000	71807.7
2.10	1409.0000	71807.7
2.10	1410.0000	71807.7
2.10	1411.0000	71807.7
2.10	1412.0000	71807.7
2.10	1413.0000	72316.5
2.10	1414.0000	72316.5
2.11	1415.0000	72316.5
2.11	1416.0000	72316.5
2.11	1417.0000	72316.5
2.11	1418.0000	72316.5
2.11	1419.0000	72316.5
2.11	1420.0000	72316.5
2.11	1421.0000	72316.5
2.11	1422.0000	72316.5
2.11	1423.0000	72316.5
2.11	1424.0000	72316.5
2.11	1425.0000	72316.5
2.11	1426.0000	72316.5
2.11	1427.0000	72316.5
2.11	1428.0000	72316.5
2.11	1429.0000	72316.5
2.11	1430.0000	72316.5
2.11	1431.0000	72316.5
2.11	1432.0000	72316.5
2.11	1433.0000	72316.5
2.12	1434.0000	72316.5
2.12	1435.0000	72316.5
2.12	1436.0000	72316.5
2.12	1437.0000	72835.5
2.12	1438.0000	72835.5
2.12	1439.0000	72835.5
2.12	1440.0000	72835.5
2.12	1441.0000	72835.5
2.12	1442.0000	72835.5
2.13	1443.0000	72835.5
2.13	1444.0000	72835.5
2.13	1445.0000	72835.5
2.13	1446.0000	72835.5
2.13	1447.0000	72835.5
2.13	1448.0000	72835.5
2.13	1449.0000	72835.5
2.13	1450.0000	72835.5
2.13	1451.0000	72835.5
2.13	1452.0000	72835.5
2.13	1453.0000	72835.5
2.13	1454.0000	72835.5
2.14	1455.0000	72835.5
2.14	1456.0000	72835.5
2.14	1457.0000	72835.5
2.14	1458.0000	72835.5
2.14	1459.0000	72835.5
2.14	1460.0000	72835.5
2.14	1461.0000	72835.5
2.14	1462.0000	73364.4
2.14	1463.0000	73364.4
2.14	1464.0000	73364.4
2.14	1465.0000	73364.4
2.15	1466.0000	73364.4
2.15	1467.0000	73364.4
2.15	1468.0000	73364.4
2.15	1469.0000	73364.4
2.15	1470.0000	73364.4
2.15	1471.0000	73364.4
2.15	1472.0000	73364.4
2.16	1473.0000	73364.4
2.16	1474.0000	73364.4
2.16	1475.0000	73364.4
2.16	1476.0000	73364.4
2.16	1477.0000	73364.4
2.16	1478.0000	73364.4
2.16	1479.0000	73364.4
2.16	1480.0000	73364.4
2.16	1481.0000	73364.4
2.17	1482.0000	73364.4
2.17	1483.0000	73903.0
2.17	1484.0000	73903.0
2.17	1485.0000	73903.0
2.17	1486.0000	73903.0
2.17	1487.0000	73903.0
2.17	1488.0000	73903.0
2.17	1489.0000	73903.0
2.18	1490.0000	73903.0
2.18	1491.0000	73903.0
2.18	1492.0000	73903.0
2.18	1493.0000	73903.0
2.18	1494.0000	73903.0
2.18	1495.0000	73903.0
2.18	1496.0000	73903.0
2.19	1497.0000	73903.0
2.19	1498.0000	73903.0
2.19	1499.0000	73903.0
2.19	1500.0000	73903.0
2.19	1501.0000	73903.0
2.19	1502.0000	73903.0
2.19	1503.0000	73903.0
2.19	1504.0000	73903.0
2.19	1505.0000	73903.0
2.19	1506.0000	73903.0
2.20	1507.0000	73903.0
2.20	1508.0000	73903.0
2.20	1509.0000	73903.0
2.20	1510.0000	73903.0
2.20	1511.0000	73903.0
2.20	1512.0000	73903.0
2.20	1513.0000	73903.0
2.20	1514.0000	73903.0
2.20	1515.0000	73903.0
2.21	1516.0000	74451.2
2.21	1517.0000	74451.2
2.21	1518.0000	74451.2
2.21	1519.0000	74451.2
2.21	1520.0000	74451.2
2.21	1521.0000	74451.2
2.21	1522.0000	74451.2
2.21	1523.0000	74451.2
2.21	1524.0000	74451.2
2.22	1525.0000	74451.2
2.22	1526.0000	74451.2
2.22	1527.0000	74451.2
2.22	1528.0000	74451.2
2.22	1529.0000	74451.2
2.22	1530.0000	74451.2
2.22	1531.0000	74451.2
2.22	1532.0000	74451.2
2.23	1533.0000	74451.2
2.23	1534.0000	74451.2
2.23	1535.0000	74451.2
2.23	1536.0000	74451.2
2.23	1537.0000	74451.2
2.23	1538.0000	74451.2
2.23	1539.0000	74451.2
2.23	1540.0000	74451.2
2.24	1541.0000	74451.2
2.24	1542.0000	74451.2
2.24	1543.0000	74451.2
2.24	1544.0000	74451.2
2.24	1545.0000	74451.2
2.25	1546.0000	74451.2
2.25	1547.0000	74451.2
2.25	1548.0000	74451.2
2.26	1549.0000	74451.2
2.26	1550.0000	75008.7
2.26	1551.0000	75008.7
2.26	1552.0000	75008.7
2.26	1553.0000	75008.7
2.26	1554.0000	75008.7
2.26	1555.0000	75008.7
2.26	1556.0000	75008.7
2.26	1557.0000	75008.7
2.26	1558.0000	75008.7
2.27	1559.0000	75008.7
2.27	1560.0000	75008.7
2.27	1561.0000	75008.7
2.27	1562.0000	75008.7
2.27	1563.0000	75008.7
2.27	1564.0000	75008.7
2.27	1565.0000	75008.7
2.28	1566.0000	75008.7
2.28	1567.0000	75008.7
2.28	1568.0000	75008.7
2.28	1569.0000	75008.7
2.29	1570.0000	75008.7
2.29	1571.0000	75008.7
2.29	1572.0000	75008.7
2.29	1573.0000	75008.7
2.29	1574.0000	75008.7
2.29	1575.0000	75008.7
2.29	1576.0000	75008.7
2.30	1577.0000	75008.7
2.30	1578.0000	75008.7
2.30	1579.0000	75008.7
2.30	1580.0000	75008.7
2.30	1581.0000	75008.7
2.30	1582.0000	75008.7
2.31	1583.0000	75008.7
2.31	1584.0000	75008.7
2.31	1585.0000	75008.7
2.31	1586.0000	75008.7
2.31	1587.0000	75008.7
2.32	1588.0000	75008.7
2.32	1589.0000	75008.7
2.32	1590.0000	75008.7
2.32	1591.0000	75008.7
2.33	1592.0000	75575.4
2.33	1593.0000	75575.4
2.33	1594.0000	75575.4
2.33	1595.0000	75575.4
2.33	1596.0000	75575.4
2.33	1597.0000	75575.4
2.33	1598.0000	75575.4
2.33	1599.0000	75575.4
2.34	1600.0000	75575.4
2.34	1601.0000	75575.4
2.34	1602.0000	75575.4
2.34	1603.0000	75575.4
2.34	1604.0000	75575.4
2.34	1605.0000	75575.4
2.35	1606.0000	75575.4
2.35	1607.0000	75575.4
2.35	1608.0000	75575.4
2.35	1609.0000	75575.4
2.35	1610.0000	75575.4
2.35	1611.0000	75575.4
2.35	1612.0000	75575.4
2.36	1613.0000	75575.4
2.36	1614.0000	75575.4
2.36	1615.0000	75575.4
2.36	1616.0000	75575.4
2.36	1617.0000	75575.4
2.37	1618.0000	75575.4
2.37	1619.0000	75575.4
2.37	1620.0000	75575.4
2.37	1621.0000	75575.4
2.37	1622.0000	75575.4
2.37	1623.0000	75575.4
2.38	1624.0000	75575.4
2.38	1625.0000	75575.4
2.38	1626.0000	75575.4
2.38	1627.0000	75575.4
2.38	1628.0000	75575.4
2.38	1629.0000	75575.4
2.38	1630.0000	75575.4
2.38	1631.0000	75575.4
2.39	1632.0000	75575.4
2.39	1633.0000	75575.4
2.40	1634.0000	75575.4
2.40	1635.0000	75575.4
2.40	1636.0000	75575.4
2.40	1637.0000	75575.4
2.41	1638.0000	75575.4
2.41	1639.0000	75575.4
2.41	1640.0000	75575.4
2.41	1641.0000	75575.4
2.41	1642.0000	75575.4
2.41	1643.0000	76150.9
2.42	1644.0000	76150.9
2.42	1645.0000	76150.9
2.42	1646.0000	76150.9
2.42	1647.0000	76150.9
2.42	1648.0000	76150.9
2.42	1649.0000	76150.9
2.42	1650.0000	76150.9
2.43	1651.0000	76150.9
2.43	1652.0000	76150.9
2.43	1653.0000	76150.9
2.43	1654.0000	76150.9
2.43	1655.0000	76150.9
2.43	1656.0000	76150.9
2.43	1657.0000	76150.9
2.43	1658.0000	76150.9
2.44	1659.0000	76150.9
2.44	1660.0000	76150.9
2.44	1661.0000	76150.9
2.44	1662.0000	76150.9
2.44	1663.0000	76150.9
2.44	1664.0000	76150.9
2.44	1665.0000	76150.9
2.45	1666.0000	76150.9
2.45	1667.0000	76150.9
2.45	1668.0000	76150.9
2.46	1669.0000	76150.9
2.46	1670.0000	76150.9
2.46	1671.0000	76150.9
2.46	1672.0000	76150.9
2.46	1673.0000	76150.9
2.47	1674.0000	76150.9
2.47	1675.0000	76150.9
2.47	1676.0000	76150.9
2.47	1677.0000	76150.9
2.47	1678.0000	76150.9
2.48	1679.0000	76150.9
2.48	1680.0000	76150.9
2.48	1681.0000	76150.9
2.49	1682.0000	76150.9
2.49	1683.0000	76150.9
2.49	1684.0000	76150.9
2.49	1685.0000	76150.9
2.49	1686.0000	76150.9
2.49	1687.0000	76150.9
2.49	1688.0000	76150.9
2.50	1689.0000	76150.9
2.50	1690.0000	76150.9
2.50	1691.0000	76150.9
2.50	1692.0000	76150.9
2.51	1693.0000	76150.9
2.52	1694.0000	76150.9
2.52	1695.0000	76735.2
2.52	1696.0000	76735.2
2.52	1697.0000	76735.2
2.52	1698.0000	76735.2
2.52	1699.0000	76735.2
2.52	1700.0000	76735.2
2.52	1701.0000	76735.2
2.53	1702.0000	76735.2
2.53	1703.0000	76735.2
2.53	1704.0000	76735.2
2.53	1705.0000	76735.2
2.53	1706.0000	76735.2
2.53	1707.0000	76735.2
2.53	1708.0000	76735.2
2.53	1709.0000	76735.2
2.54	1710.0000	76735.2
2.54	1711.0000	76735.2
2.54	1712.0000	76735.2
2.54	1713.0000	76735.2
2.54	1714.0000	76735.2
2.54	1715.0000	76735.2
2.55	1716.0000	76735.2
2.55	1717.0000	76735.2
2.56	1718.0000	76735.2
2.56	1719.0000	76735.2
2.56	1720.0000	76735.2
2.56	1721.0000	76735.2
2.56	1722.0000	76735.2
2.56	1723.0000	76735.2
2.57	1724.0000	76735.2
2.57	1725.0000	76735.2
2.57	1726.0000	76735.2
2.57	1727.0000	76735.2
2.58	1728.0000	76735.2
2.58	1729.0000	76735.2
2.58	1730.0000	76735.2
2.58	1731.0000	76735.2
2.58	1732.0000	76735.2
2.59	1733.0000	76735.2
2.59	1734.0000	76735.2
2.59	1735.0000	76735.2
2.59	1736.0000	76735.2
2.59	1737.0000	76735.2
2.59	1738.0000	76735.2
2.59	1739.0000	76735.2
2.60	1740.0000	76735.2
2.60	1741.0000	76735.2
2.60	1742.0000	76735.2
2.60	1743.0000	76735.2
2.60	1744.0000	76735.2
2.60	1745.0000	76735.2
2.60	1746.0000	76735.2
2.60	1747.0000	76735.2
2.61	1748.0000	76735.2
2.61	1749.0000	76735.2
2.61	1750.0000	76735.2
2.62	1751.0000	76735.2
2.62	1752.0000	76735.2
2.62	1753.0000	76735.2
2.63	1754.0000	76735.2
2.63	1755.0000	77328.0
2.63	1756.0000	77328.0
2.64	1757.0000	77328.0
2.64	1758.0000	77328.0
2.64	1759.0000	77328.0
2.64	1760.0000	77328.0
2.65	1761.0000	77328.0
2.65	1762.0000	77328.0
2.65	1763.0000	77328.0
2.65	1764.0000	77328.0
2.65	1765.0000	77328.0
2.65	1766.0000	77328.0
2.65	1767.0000	77328.0
2.65	1768.0000	77328.0
2.66	1769.0000	77328.0
2.66	1770.0000	77328.0
2.66	1771.0000	77328.0
2.66	1772.0000	77328.0
2.66	1773.0000	77328.0
2.66	1774.0000	77328.0
2.66	1775.0000	77328.0
2.66	1776.0000	77328.0
2.66	1777.0000	77328.0
2.66	1778.0000	77328.0
2.67	1779.0000	77328.0
2.67	1780.0000	77328.0
2.67	1781.0000	77328.0
2.67	1782.0000	77328.0
2.67	1783.0000	77328.0
2.68	1784.0000	77328.0
2.68	1785.0000	77328.0
2.68	1786.0000	77328.0
2.68	1787.0000	77328.0
2.68	1788.0000	77328.0
2.69	1789.0000	77328.0
2.69	1790.0000	77328.0
2.69	1791.0000	77328.0
2.69	1792.0000	77328.0
2.70	1793.0000	77328.0
2.70	1794.0000	77328.0
2.70	1795.0000	77328.0
2.70	1796.0000	77328.0
2.70	1797.0000	77328.0
2.70	1798.0000	77328.0
2.71	1799.0000	77328.0
2.71	1800.0000	77328.0
2.71	1801.0000	77328.0
2.71	1802.0000	77328.0
2.71	1803.0000	77328.0
2.72	1804.0000	77328.0
2.72	1805.0000	77328.0
2.72	1806.0000	77328.0
2.72	1807.0000	77328.0
2.72	1808.0000	77328.0
2.73	1809.0000	77328.0
2.73	1810.0000	77328.0
2.73	1811.0000	77328.0
2.73	1812.0000	77328.0
2.73	1813.0000	77328.0
2.73	1814.0000	77328.0
2.74	1815.0000	77328.0
2.74	1816.0000	77328.0
2.74	1817.0000	77328.0
2.74	1818.0000	77328.0
2.74	1819.0000	77328.0
2.74	1820.0000	77328.0
2.74	1821.0000	77929.1
2.74	1822.0000	77929.1
2.74	1823.0000	77929.1
2.74	1824.0000	77929.1
2.75	1825.0000	77929.1
2.75	1826.0000	77929.1
2.75	1827.0000	77929.1
2.76	1828.0000	77929.1
2.76	1829.0000	77929.1
2.76	1830.0000	77929.1
2.76	1831.0000	77929.1
2.76	1832.0000	77929.1
2.76	1833.0000	77929.1
2.76	1834.0000	77929.1
2.76	1835.0000	77929.1
2.77	1836.0000	77929.1
2.77	1837.0000	77929.1
2.77	1838.0000	77929.1
2.77	1839.0000	77929.1
2.77	1840.0000	77929.1
2.77	1841.0000	77929.1
2.77	1842.0000	77929.1
2.77	1843.0000	77929.1
2.78	1844.0000	77929.1
2.78	1845.0000	77929.1
2.78	1846.0000	77929.1
2.78	1847.0000	77929.1
2.78	1848.0000	77929.1
2.78	1849.0000	77929.1
2.79	1850.0000	77929.1
2.79	1851.0000	77929.1
2.79	1852.0000	77929.1
2.80	1853.0000	77929.1
2.80	1854.0000	77929.1
2.80	1855.0000	77929.1
2.80	1856.0000	77929.1
2.80	1857.0000	77929.1
2.80	1858.0000	77929.1
2.81	1859.0000	77929.1
2.81	1860.0000	77929.1
2.81	1861.0000	77929.1
2.81	1862.0000	77929.1
2.81	1863.0000	77929.1
2.81	1864.0000	77929.1
2.82	1865.0000	77929.1
2.82	1866.0000	77929.1
2.82	1867.0000	77929.1
2.82	1868.0000	77929.1
2.82	1869.0000	77929.1
2.82	1870.0000	77929.1
2.82	1871.0000	77929.1
2.82	1872.0000	77929.1
2.82	1873.0000	77929.1
2.83	1874.0000	77929.1
2.83	1875.0000	77929.1
2.83	1876.0000	77929.1
2.83	1877.0000	77929.1
2.83	1878.0000	77929.1
2.84	1879.0000	78538.3
2.84	1880.0000	78538.3
2.84	1881.0000	78538.3
2.84	1882.0000	78538.3
2.84	1883.0000	78538.3
2.84	1884.0000	78538.3
2.84	1885.0000	78538.3
2.84	1886.0000	78538.3
2.85	1887.0000	78538.3
2.85	1888.0000	78538.3
2.85	1889.0000	78538.3
2.85	1890.0000	78538.3
2.85	1891.0000	78538.3
2.85	1892.0000	78538.3
2.85	1893.0000	78538.3
2.85	1894.0000	78538.3
2.85	1895.0000	78538.3
2.85	1896.0000	78538.3
2.85	1897.0000	78538.3
2.86	1898.0000	78538.3
2.86	1899.0000	78538.3
2.86	1900.0000	78538.3
2.86	1901.0000	78538.3
2.86	1902.0000	78538.3
2.87	1903.0000	78538.3
2.87	1904.0000	78538.3
2.87	1905.0000	78538.3
2.87	1906.0000	78538.3
2.87	1907.0000	78538.3
2.87	1908.0000	78538.3
2.87	1909.0000	78538.3
2.88	1910.0000	78538.3
2.88	1911.0000	78538.3
2.88	1912.0000	78538.3
2.88	1913.0000	78538.3
2.88	1914.0000	78538.3
2.88	1915.0000	78538.3
2.88	1916.0000	78538.3
2.88	1917.0000	78538.3
2.88	1918.0000	78538.3
2.88	1919.0000	78538.3
2.88	1920.0000	78538.3
2.88	1921.0000	78538.3
2.89	1922.0000	78538.3
2.89	1923.0000	78538.3
2.89	1924.0000	78538.3
2.89	1925.0000	78538.3
2.89	1926.0000	78538.3
2.89	1927.0000	78538.3
2.89	1928.0000	78538.3
2.90	1929.0000	78538.3
2.90	1930.0000	78538.3
2.90	1931.0000	78538.3
2.90	1932.0000	78538.3
2.90	1933.0000	78538.3
2.90	1934.0000	78538.3
2.90	1935.0000	78538.3
2.90	1936.0000	78538.3
2.90	1937.0000	78538.3
2.90	1938.0000	79155.5
2.91	1939.0000	79155.5
2.91	1940.0000	79155.5
2.91	1941.0000	79155.5
2.91	1942.0000	79155.5
2.91	1943.0000	79155.5
2.91	1944.0000	79155.5
2.91	1945.0000	79155.5
2.91	1946.0000	79155.5
2.91	1947.0000	79155.5
2.91	1948.0000	79155.5
2.91	1949.0000	79155.5
2.92	1950.0000	79155.5
2.92	1951.0000	79155.5
2.92	1952.0000	79155.5
2.92	1953.0000	79155.5
2.92	1954.0000	79155.5
2.92	1955.0000	79155.5
2.92	1956.0000	79155.5
2.92	1957.0000	79155.5
2.93	1958.0000	79155.5
2.93	1959.0000	79155.5
2.93	1960.0000	79155.5
2.93	1961.0000	79155.5
2.93	1962.0000	79155.5
2.93	1963.0000	79155.5
2.93	1964.0000	79155.5
2.93	1965.0000	79155.5
2.93	1966.0000	79155.5
2.93	1967.0000	79155.5
2.93	1968.0000	79155.5
2.93	1969.0000	79155.5
2.93	1970.0000	79155.5
2.93	1971.0000	79155.5
2.94	1972.0000	79155.5
2.94	1973.0000	79155.5
2.94	1974.0000	79155.5
2.94	1975.0000	79155.5
2.94	1976.0000	79155.5
2.94	1977.0000	79155.5
2.94	1978.0000	79155.5
2.94	1979.0000	79155.5
2.94	1980.0000	79155.5
2.94	1981.0000	79155.5
2.95	1982.0000	79155.5
2.95	1983.0000	79155.5
2.95	1984.0000	79155.5
2.95	1985.0000	79155.5
2.95	1986.0000	79155.5
2.95	1987.0000	79155.5
2.95	1988.0000	79780.4
2.95	1989.0000	79780.4
2.95	1990.0000	79780.4
2.95	1991.0000	79780.4
2.95	1992.0000	79780.4
2.95	1993.0000	79780.4
2.96	1994.0000	79780.4
2.96	1995.0000	79780.4
2.96	1996.0000	79780.4
2.96	1997.0000	79780.4
2.96	1998.0000	79780.4
2.96	1999.0000	79780.4
2.96	2000.0000	79780.4
2.96	2001.0000	79780.4
2.96	2002.0000	79780.4
2.96	2003.0000	79780.4
2.96	2004.0000	79780.4
2.96	2005.0000	79780.4
2.96	2006.0000	79780.4
2.96	2007.0000	79780.4
2.96	2008.0000	79780.4
2.96	2009.0000	79780.4
2.96	2010.0000	79780.4
2.97	2011.0000	79780.4
2.97	2012.0000	79780.4
2.97	2013.0000	79780.4
2.97	2014.0000	79780.4
2.97	2015.0000	79780.4
2.97	2016.0000	79780.4
2.97	2017.0000	79780.4
2.97	2018.0000	79780.4
2.97	2019.0000	79780.4
2.97	2020.0000	79780.4
2.97	2021.0000	79780.4
2.97	2022.0000	79780.4
2.97	2023.0000	79780.4
2.97	2024.0000	79780.4
2.97	2025.0000	79780.4
2.97	2026.0000	79780.4
2.97	2027.0000	79780.4
2.97	2028.0000	79780.4
2.97	2029.0000	79780.4
2.97	2030.0000	79780.4
2.97	2031.0000	79780.4
2.98	2032.0000	79780.4
2.98	2033.0000	79780.4
2.98	2034.0000	79780.4
2.98	2035.0000	79780.4
2.98	2036.0000	80412.9
2.98	2037.0000	80412.9
2.98	2038.0000	80412.9
2.98	2039.0000	80412.9
2.98	2040.0000	80412.9
2.98	2041.0000	80412.9
2.98	2042.0000	80412.9
2.98	2043.0000	80412.9
2.98	2044.0000	80412.9
2.98	2045.0000	80412.9
2.98	2046.0000	80412.9
2.98	2047.0000	80412.9
2.98	2048.0000	80412.9
2.98	2049.0000	80412.9
2.99	2050.0000	80412.9
2.99	2051.0000	80412.9
2.99	2052.0000	80412.9
2.99	2053.0000	80412.9
2.99	2054.0000	80412.9
2.99	2055.0000	80412.9
2.99	2056.0000	80412.9
2.99	2057.0000	80412.9
2.99	2058.0000	80412.9
2.99	2059.0000	80412.9
2.99	2060.0000	80412.9
2.99	2061.0000	80412.9
2.99	2062.0000	80412.9
2.99	2063.0000	80412.9
2.99	2064.0000	80412.9
2.99	2065.0000	80412.9
2.99	2066.0000	80412.9
2.99	2067.0000	81052.9
2.99	2068.0000	81052.9
2.99	2069.0000	81052.9
2.99	2070.0000	81052.9
2.99	2071.0000	81052.9
2.99	2072.0000	81052.9
2.99	2073.0000	81052.9
2.99	2074.0000	81052.9
2.99	2075.0000	81052.9
2.99	2076.0000	81052.9
3.00	2077.0000	81052.9
3.00	2078.0000	81052.9
3.00	2079.0000	81052.9
3.00	2080.0000	81052.9
3.00	2081.0000	81052.9
3.00	2082.0000	81052.9
3.00	2083.0000	81052.9
3.00	2084.0000	81052.9
3.00	2085.0000	81052.9
3.00	2086.0000	81052.9
3.00	2087.0000	81052.9
3.00	2088.0000	81052.9
3.00	2089.0000	81052.9
3.00	2090.0000	81052.9
3.00	2091.0000	81052.9
3.00	2092.0000	81052.9
3.00	2093.0000	81052.9
3.00	2094.0000	81052.9
3.00	2095.0000	81052.9
3.00	2096.0000	81052.9
3.00	2097.0000	81052.9
3.00	2098.0000	81052.9
3.00	2099.0000	81052.9
3.00	2100.0000	81052.9
3.00	2101.0000	81052.9
3.00	2102.0000	81052.9
3.00	2103.0000	81052.9
3.00	2104.0000	81052.9
3.00	2105.0000	81052.9
3.00	2106.0000	81052.9
3.00	2107.0000	81052.9
3.00	2108.0000	81052.9
3.00	2109.0000	81052.9
3.00	2110.0000	81052.9
3.00	2111.0000	81052.9
3.00	2112.0000	81052.9
3.00	2113.0000	81052.9
3.00	2114.0000	81052.9
3.00	2115.0000	81052.9
3.00	2116.0000	81052.9
3.00	2117.0000	81052.9
3.00	2118.0000	81052.9
3.00	2119.0000	81052.9
3.00	2120.0000	81052.9
3.00	2121.0000	81052.9
3.00	2122.0000	81052.9
3.00	2123.0000	81052.9
3.01	2124.0000	81052.9
3.01	2125.0000	81052.9
3.01	2126.0000	81052.9
3.01	2127.0000	81052.9
3.01	2128.0000	81052.9
3.01	2129.0000	81052.9
3.01	2130.0000	81052.9
3.01	2131.0000	81052.9
3.01	2132.0000	81052.9
3.01	2133.0000	81052.9
3.01	2134.0000	81052.9
3.01	2135.0000	81052.9
3.01	2136.0000	81052.9
3.01	2137.0000	81052.9
3.01	2138.0000	81052.9
3.01	2139.0000	81052.9
3.01	2140.0000	81052.9
3.01	2141.0000	81052.9
3.01	2142.0000	81052.9
3.01	2143.0000	81052.9
3.01	2144.0000	81052.9
3.01	2145.0000	81052.9
3.01	2146.0000	81052.9
3.01	2147.0000	81052.9
3.01	2148.0000	81052.9
3.01	2149.0000	81052.9
3.01	2150.0000	81052.9
3.01	2151.0000	81052.9
3.01	2152.0000	81052.9
3.01	2153.0000	81052.9
3.01	2154.0000	81052.9
3.02	2155.0000	81052.9
3.02	2156.0000	81052.9
3.02	2157.0000	81052.9
3.02	2158.0000	81052.9
3.02	2159.0000	81052.9
3.02	2160.0000	81052.9
3.02	2161.0000	81052.9
3.02	2162.0000	81052.9
3.02	2163.0000	81052.9
3.02	2164.0000	81052.9
3.02	2165.0000	81052.9
3.02	2166.0000	81052.9
3.02	2167.0000	81052.9
3.02	2168.0000	81052.9
3.02	2169.0000	81052.9
3.02	2170.0000	81052.9
3.02	2171.0000	81052.9
3.02	2172.0000	81052.9
3.02	2173.0000	81052.9
3.02	2174.0000	81052.9
3.02	2175.0000	81052.9
3.02	2176.0000	81052.9
3.02	2177.0000	81052.9
3.03	2178.0000	81052.9
3.03	2179.0000	81052.9
3.03	2180.0000	81052.9
3.03	2181.0000	81052.9
3.03	2182.0000	81052.9
3.03	2183.0000	81052.9
3.03	2184.0000	81052.9
3.03	2185.0000	81052.9
3.03	2186.0000	81052.9
3.03	2187.0000	81052.9
3.03	2188.0000	81052.9
3.03	2189.0000	81052.9
3.03	2190.0000	81052.9
3.03	2191.0000	81052.9
3.03	2192.0000	81052.9
3.03	2193.0000	81052.9
3.03	2194.0000	81052.9
3.03	2195.0000	81052.9
3.03	2196.0000	81052.9
3.03	2197.0000	81052.9
3.03	2198.0000	81052.9
3.03	2199.0000	81052.9
3.03	2200.0000	81052.9
3.03	2201.0000	81052.9
3.03	2202.0000	81052.9
3.03	2203.0000	81052.9
3.03	2204.0000	81052.9
3.03	2205.0000	81052.9
3.03	2206.0000	81052.9
3.03	2207.0000	81052.9
3.03	2208.0000	81052.9
3.03	2209.0000	81052.9
3.03	2210.0000	81052.9
3.03	2211.0000	81052.9
3.03	2212.0000	81052.9
3.03	2213.0000	81052.9
3.04	2214.0000	81052.9
3.04	2215.0000	81052.9
3.04	2216.0000	81052.9
3.04	2217.0000	81052.9
3.04	2218.0000	81052.9
3.04	2219.0000	81052.9
3.04	2220.0000	81052.9
3.04	2221.0000	81052.9
3.04	2222.0000	81052.9
3.04	2223.0000	81052.9
3.04	2224.0000	81052.9
3.04	2225.0000	81052.9
3.04	2226.0000	81052.9
3.04	2227.0000	81052.9
3.04	2228.0000	81052.9
3.04	2229.0000	81052.9
3.04	2230.0000	81052.9
3.04	2231.0000	81052.9
3.04	2232.0000	81052.9
3.04	2233.0000	81052.9
3.04	2234.0000	81052.9
3.04	2235.0000	81052.9
3.04	2236.0000	81052.9
3.04	2237.0000	81052.9
3.04	2238.0000	81052.9
3.04	2239.0000	81052.9
3.04	2240.0000	81052.9
3.04	2241.0000	81052.9
3.04	2242.0000	81052.9
3.04	2243.0000	81052.9
3.04	2244.0000	81052.9
3.04	2245.0000	81052.9
3.04	2246.0000	81052.9
3.04	2247.0000	81052.9
3.04	2248.0000	81052.9
3.04	2249.0000	81052.9
3.04	2250.0000	81052.9
3.04	2251.0000	81052.9
3.04	2252.0000	81052.9
3.05	2253.0000	81052.9
3.05	2254.0000	81052.9
3.05	2255.0000	81052.9
3.05	2256.0000	81052.9
3.05	2257.0000	81052.9
3.05	2258.0000	81052.9
3.05	2259.0000	81052.9
3.05	2260.0000	81052.9
3.05	2261.0000	81052.9
3.05	2262.0000	81052.9
3.05	2263.0000	81052.9
3.05	2264.0000	81052.9
3.05	2265.0000	81052.9
3.05	2266.0000	81052.9
3.05	2267.0000	81052.9
3.05	2268.0000	81052.9
3.05	2269.0000	81052.9
3.05	2270.0000	81052.9
3.05	2271.0000	81052.9
3.05	2272.0000	81052.9
3.05	2273.0000	81052.9
3.05	2274.0000	81052.9
3.05	2275.0000	81052.9
3.06	2276.0000	81052.9
3.06	2277.0000	81052.9
3.06	2278.0000	81052.9
3.06	2279.0000	81052.9
3.06	2280.0000	81052.9
3.06	2281.0000	81052.9
3.06	2282.0000	81052.9
3.06	2283.0000	81052.9
3.06	2284.0000	81052.9
3.06	2285.0000	81052.9
3.06	2286.0000	81052.9
3.06	2287.0000	81052.9
3.06	2288.0000	81052.9
3.06	2289.0000	81052.9
3.06	2290.0000	81052.9
3.06	2291.0000	81052.9
3.06	2292.0000	81052.9
3.06	2293.0000	81052.9
3.06	2294.0000	81052.9
3.06	2295.0000	81052.9
3.06	2296.0000	81052.9
3.06	2297.0000	81052.9
3.06	2298.0000	81052.9
3.07	2299.0000	81052.9
3.07	2300.0000	81052.9
3.07	2301.0000	81052.9
3.07	2302.0000	81052.9
3.07	2303.0000	81052.9
3.07	2304.0000	81052.9
3.07	2305.0000	81052.9
3.07	2306.0000	81052.9
3.07	2307.0000	81052.9
3.07	2308.0000	81052.9
3.07	2309.0000	81052.9
3.07	2310.0000	81052.9
3.07	2311.0000	81052.9
3.07	2312.0000	81052.9
3.08	2313.0000	81052.9
3.08	2314.0000	81052.9
3.08	2315.0000	81052.9
3.08	2316.0000	81052.9
3.08	2317.0000	81052.9
3.08	2318.0000	81052.9
3.08	2319.0000	81052.9
3.08	2320.0000	81052.9
3.08	2321.0000	81052.9
3.08	2322.0000	81052.9
3.08	2323.0000	81052.9
3.08	2324.0000	81052.9
3.08	2325.0000	81052.9
3.09	2326.0000	81052.9
3.09	2327.0000	81052.9
3.09	2328.0000	81052.9
3.09	2329.0000	81052.9
3.09	2330.0000	81052.9
3.09	2331.0000	81052.9
3.09	2332.0000	81052.9
3.09	2333.0000	81052.9
3.09	2334.0000	81052.9
3.09	2335.0000	81052.9
3.09	2336.0000	81052.9
3.09	2337.0000	81052.9
3.09	2338.0000	81052.9
3.10	2339.0000	81052.9
3.10	2340.0000	81052.9
3.10	2341.0000	81052.9
3.10	2342.0000	81052.9
3.10	2343.0000	81052.9
3.10	2344.0000	81052.9
3.10	2345.0000	81052.9
3.10	2346.0000	81052.9
3.10	2347.0000	81052.9
3.10	2348.0000	81052.9
3.10	2349.0000	81052.9
3.10	2350.0000	81052.9
3.10	2351.0000	81052.9
3.10	2352.0000	81052.9
3.10	2353.0000	81052.9
3.10	2354.0000	81052.9
3.10	2355.0000	81052.9
3.10	2356.0000	81052.9
3.10	2357.0000	81052.9
3.10	2358.0000	81052.9
3.11	2359.0000	81052.9
3.11	2360.0000	81052.9
3.11	2361.0000	81052.9
3.11	2362.0000	81052.9
3.11	2363.0000	81052.9
3.11	2364.0000	81052.9
3.11	2365.0000	81052.9
3.11	2366.0000	81052.9
3.11	2367.0000	81052.9
3.11	2368.0000	81052.9
3.11	2369.0000	81052.9
3.11	2370.0000	81052.9
3.11	2371.0000	81052.9
3.11	2372.0000	81052.9
3.11	2373.0000	81052.9
3.11	2374.0000	81052.9
3.11	2375.0000	81052.9
3.11	2376.0000	81052.9
3.11	2377.0000	81052.9
3.11	2378.0000	81052.9
3.12	2379.0000	81052.9
3.12	2380.0000	81052.9
3.12	2381.0000	81052.9
3.12	2382.0000	81052.9
3.12	2383.0000	81052.9
3.12	2384.0000	81052.9
3.12	2385.0000	81052.9
3.12	2386.0000	81052.9
3.12	2387.0000	81052.9
3.12	2388.0000	81052.9
3.12	2389.0000	81052.9
3.12	2390.0000	81052.9
3.12	2391.0000	81052.9
3.12	2392.0000	81052.9
3.12	2393.0000	81052.9
3.12	2394.0000	81052.9
3.12	2395.0000	81052.9
3.12	2396.0000	81052.9
3.13	2397.0000	81052.9
3.13	2398.0000	81052.9
3.13	2399.0000	81052.9
3.13	2400.0000	81052.9
3.13	2401.0000	81052.9
3.13	2402.0000	81052.9
3.13	2403.0000	81052.9
3.13	2404.0000	81052.9
3.13	2405.0000	81052.9
3.13	2406.0000	81052.9
3.13	2407.0000	81052.9
3.13	2408.0000	81052.9
3.14	2409.0000	81052.9
3.14	2410.0000	81052.9
3.14	2411.0000	81052.9
3.14	2412.0000	81052.9
3.14	2413.0000	81052.9
3.14	2414.0000	81052.9
3.14	2415.0000	81052.9
3.14	2416.0000	81052.9
3.14	2417.0000	81052.9
3.14	2418.0000	81052.9
3.14	2419.0000	81052.9
3.14	2420.0000	81052.9
3.14	2421.0000	81052.9
3.14	2422.0000	81052.9
3.14	2423.0000	81052.9
3.14	2424.0000	81052.9
3.14	2425.0000	81052.9
3.15	2426.0000	81052.9
3.15	2427.0000	81052.9
3.15	2428.0000	81052.9
3.15	2429.0000	81052.9
3.15	2430.0000	81052.9
3.15	2431.0000	81052.9
3.15	2432.0000	81052.9
3.15	2433.0000	81052.9
3.15	2434.0000	81052.9
3.15	2435.0000	81052.9
3.15	2436.0000	81052.9
3.15	2437.0000	81052.9
3.15	2438.0000	81052.9
3.16	2439.0000	81052.9
3.16	2440.0000	81052.9
3.16	2441.0000	81052.9
3.16	2442.0000	81052.9
3.16	2443.0000	81052.9
3.16	2444.0000	81052.9
3.16	2445.0000	81052.9
3.16	2446.0000	81052.9
3.16	2447.0000	81052.9
3.16	2448.0000	81052.9
3.17	2449.0000	81052.9
3.17	2450.0000	81052.9
3.17	2451.0000	81052.9
3.17	2452.0000	81052.9
3.17	2453.0000	81052.9
3.17	2454.0000	81052.9
3.17	2455.0000	81052.9
3.17	2456.0000	81052.9
3.17	2457.0000	81052.9
3.17	2458.0000	81052.9
3.17	2459.0000	81052.9
3.18	2460.0000	81052.9
3.18	2461.0000	81052.9
3.18	2462.0000	81052.9
3.18	2463.0000	81052.9
3.19	2464.0000	81052.9
3.19	2465.0000	81052.9
3.19	2466.0000	81052.9
3.19	2467.0000	81052.9
3.19	2468.0000	81052.9
3.19	2469.0000	81052.9
3.19	2470.0000	81052.9
3.19	2471.0000	81052.9
3.19	2472.0000	81052.9
3.19	2473.0000	81052.9
3.20	2474.0000	81052.9
3.20	2475.0000	81052.9
3.20	2476.0000	81052.9
3.21	2477.0000	81052.9
3.21	2478.0000	81052.9
3.21	2479.0000	81052.9
3.22	2480.0000	81052.9
3.22	2481.0000	81052.9
3.22	2482.0000	81052.9
3.22	2483.0000	81052.9
3.22	2484.0000	81052.9
3.23	2485.0000	81052.9
3.24	2486.0000	81052.9
3.24	2487.0000	81052.9
3.28	2488.0000	81052.9
