s	phi5.0	phi4.9	phi4.8	phi4.7	phi4.6	phi4.5	phi4.4	phi4.3	phi4.2	phi4.1
0	24.3845	41.3704	69.4900	115.5609	190.2635	310.1389	500.5099	799.6957	1265.0051	1981.1390
1	24.3809	41.3633	69.4763	115.5347	190.2140	310.0462	500.3382	799.3805	1264.4324	1980.1088
2	24.3772	41.3562	69.4626	115.5086	190.1646	309.9536	500.1665	799.0655	1263.8600	1979.0791
3	24.3736	41.3491	69.4489	115.4824	190.1151	309.8610	499.9949	798.7506	1263.2878	1978.0499
4	24.3699	41.3420	69.4352	115.4563	190.0657	309.7685	499.8233	798.4357	1262.7159	1977.0213
5	24.3663	41.3349	69.4215	115.4301	190.0163	309.6759	499.6518	798.1211	1262.1443	1975.9932
6	24.3627	41.3278	69.4079	115.4040	189.9669	309.5834	499.4804	797.8065	1261.5729	1974.9657
7	24.3590	41.3208	69.3942	115.3779	189.9175	309.4910	499.3090	797.4921	1261.0017	1973.9387
8	24.3554	41.3137	69.3805	115.3518	189.8681	309.3985	499.1377	797.1778	1260.4308	1972.9122
9	24.3517	41.3066	69.3668	115.3256	189.8187	309.3061	498.9664	796.8636	1259.8602	1971.8862
10	24.3481	41.2995	69.3532	115.2995	189.7693	309.2137	498.7952	796.5495	1259.2899	1970.8608
11	24.3445	41.2924	69.3395	115.2734	189.7200	309.1213	498.6241	796.2356	1258.7198	1969.8359
12	24.3408	41.2853	69.3258	115.2473	189.6706	309.0290	498.4530	795.9218	1258.1499	1968.8116
13	24.3372	41.2782	69.3122	115.2212	189.6213	308.9367	498.2820	795.6081	1257.5803	1967.7878
14	24.3336	41.2712	69.2985	115.1952	189.5720	308.8444	498.1110	795.2945	1257.0110	1966.7645
15	24.3299	41.2641	69.2848	115.1691	189.5227	308.7522	497.9401	794.9811	1256.4419	1965.7417
16	24.3263	41.2570	69.2712	115.1430	189.4734	308.6599	497.7693	794.6677	1255.8731	1964.7195
17	24.3227	41.2499	69.2575	115.1169	189.4242	308.5677	497.5985	794.3545	1255.3046	1963.6978
18	24.3190	41.2428	69.2439	115.0909	189.3749	308.4756	497.4277	794.0415	1254.7363	1962.6767
19	24.3154	41.2358	69.2302	115.0648	189.3257	308.3834	497.2571	793.7285	1254.1682	1961.6561
20	24.3118	41.2287	69.2166	115.0388	189.2764	308.2913	497.0864	793.4157	1253.6005	1960.6360
21	24.3081	41.2216	69.2030	115.0127	189.2272	308.1992	496.9159	793.1030	1253.0329	1959.6164
22	24.3045	41.2145	69.1893	114.9867	189.1780	308.1072	496.7454	792.7904	1252.4657	1958.5974
23	24.3009	41.2075	69.1757	114.9607	189.1288	308.0151	496.5749	792.4779	1251.8987	1957.5789
24	24.2972	41.2004	69.1620	114.9346	189.0796	307.9231	496.4046	792.1656	1251.3319	1956.5609
25	24.2936	41.1933	69.1484	114.9086	189.0305	307.8312	496.2342	791.8534	1250.7654	1955.5434
26	24.2900	41.1863	69.1348	114.8826	188.9813	307.7392	496.0640	791.5413	1250.1992	1954.5265
27	24.2864	41.1792	69.1212	114.8566	188.9322	307.6473	495.8938	791.2293	1249.6332	1953.5101
28	24.2827	41.1721	69.1075	114.8306	188.8830	307.5554	495.7236	790.9175	1249.0675	1952.4943
29	24.2791	41.1651	69.0939	114.8046	188.8339	307.4635	495.5535	790.6058	1248.5020	1951.4790
30	24.2755	41.1580	69.0803	114.7786	188.7848	307.3717	495.3835	790.2942	1247.9368	1950.4642
31	24.2718	41.1509	69.0667	114.7526	188.7357	307.2799	495.2135	789.9827	1247.3718	1949.4499
32	24.2682	41.1439	69.0531	114.7267	188.6866	307.1881	495.0436	789.6714	1246.8071	1948.4361
33	24.2646	41.1368	69.0395	114.7007	188.6376	307.0963	494.8738	789.3601	1246.2427	1947.4229
34	24.2610	41.1298	69.0259	114.6747	188.5885	307.0046	494.7040	789.0490	1245.6785	1946.4102
35	24.2573	41.1227	69.0123	114.6488	188.5395	306.9129	494.5342	788.7380	1245.1145	1945.3981
36	24.2537	41.1157	68.9987	114.6228	188.4904	306.8212	494.3645	788.4272	1244.5508	1944.3864
37	24.2501	41.1086	68.9851	114.5968	188.4414	306.7296	494.1949	788.1164	1243.9874	1943.3753
38	24.2465	41.1015	68.9715	114.5709	188.3924	306.6379	494.0254	787.8058	1243.4242	1942.3647
39	24.2429	41.0945	68.9579	114.5450	188.3434	306.5463	493.8558	787.4953	1242.8613	1941.3547
40	24.2392	41.0874	68.9443	114.5190	188.2945	306.4548	493.6864	787.1850	1242.2987	1940.3451
41	24.2356	41.0804	68.9307	114.4931	188.2455	306.3632	493.5170	786.8747	1241.7362	1939.3361
42	24.2320	41.0733	68.9171	114.4672	188.1965	306.2717	493.3477	786.5646	1241.1741	1938.3276
43	24.2284	41.0663	68.9035	114.4413	188.1476	306.1802	493.1784	786.2546	1240.6122	1937.3197
44	24.2248	41.0593	68.8899	114.4154	188.0987	306.0888	493.0092	785.9447	1240.0505	1936.3122
45	24.2211	41.0522	68.8764	114.3895	188.0498	305.9974	492.8400	785.6349	1239.4892	1935.3053
46	24.2175	41.0452	68.8628	114.3636	188.0009	305.9060	492.6709	785.3253	1238.9280	1934.2989
47	24.2139	41.0381	68.8492	114.3377	187.9520	305.8146	492.5019	785.0158	1238.3671	1933.2931
48	24.2103	41.0311	68.8357	114.3118	187.9031	305.7232	492.3329	784.7064	1237.8065	1932.2877
49	24.2067	41.0240	68.8221	114.2859	187.8542	305.6319	492.1640	784.3971	1237.2461	1931.2829
50	24.2031	41.0170	68.8085	114.2600	187.8054	305.5406	491.9951	784.0880	1236.6860	1930.2786
51	24.1994	41.0100	68.7950	114.2342	187.7566	305.4493	491.8263	783.7790	1236.1261	1929.2748
52	24.1958	41.0029	68.7814	114.2083	187.7077	305.3581	491.6575	783.4700	1235.5665	1928.2716
53	24.1922	40.9959	68.7678	114.1825	187.6589	305.2669	491.4889	783.1613	1235.0072	1927.2688
54	24.1886	40.9889	68.7543	114.1566	187.6101	305.1757	491.3202	782.8526	1234.4481	1926.2666
55	24.1850	40.9818	68.7407	114.1308	187.5613	305.0846	491.1516	782.5441	1233.8892	1925.2649
56	24.1814	40.9748	68.7272	114.1049	187.5126	304.9934	490.9831	782.2356	1233.3306	1924.2638
57	24.1778	40.9678	68.7137	114.0791	187.4638	304.9023	490.8147	781.9273	1232.7723	1923.2631
58	24.1742	40.9607	68.7001	114.0533	187.4150	304.8112	490.6462	781.6192	1232.2142	1922.2630
59	24.1705	40.9537	68.6866	114.0275	187.3663	304.7202	490.4779	781.3111	1231.6563	1921.2634
60	24.1669	40.9467	68.6730	114.0016	187.3176	304.6292	490.3096	781.0032	1231.0987	1920.2643
61	24.1633	40.9397	68.6595	113.9758	187.2689	304.5382	490.1414	780.6954	1230.5414	1919.2657
62	24.1597	40.9326	68.6460	113.9500	187.2202	304.4472	489.9732	780.3877	1229.9843	1918.2677
63	24.1561	40.9256	68.6324	113.9242	187.1715	304.3563	489.8051	780.0801	1229.4275	1917.2701
64	24.1525	40.9186	68.6189	113.8984	187.1228	304.2654	489.6370	779.7727	1228.8709	1916.2731
65	24.1489	40.9116	68.6054	113.8727	187.0742	304.1745	489.4690	779.4653	1228.3146	1915.2766
66	24.1453	40.9046	68.5919	113.8469	187.0255	304.0836	489.3011	779.1581	1227.7585	1914.2806
67	24.1417	40.8975	68.5784	113.8211	186.9769	303.9928	489.1332	778.8510	1227.2027	1913.2852
68	24.1381	40.8905	68.5648	113.7953	186.9283	303.9020	488.9654	778.5441	1226.6471	1912.2903
69	24.1345	40.8835	68.5513	113.7696	186.8796	303.8112	488.7976	778.2372	1226.0918	1911.2958
70	24.1309	40.8765	68.5378	113.7438	186.8311	303.7205	488.6299	777.9305	1225.5367	1910.3019
71	24.1273	40.8695	68.5243	113.7181	186.7825	303.6297	488.4622	777.6239	1224.9819	1909.3085
72	24.1237	40.8625	68.5108	113.6923	186.7339	303.5390	488.2946	777.3174	1224.4273	1908.3157
73	24.1200	40.8554	68.4973	113.6666	186.6853	303.4484	488.1271	777.0111	1223.8730	1907.3233
74	24.1164	40.8484	68.4838	113.6409	186.6368	303.3577	487.9596	776.7048	1223.3189	1906.3315
75	24.1128	40.8414	68.4703	113.6151	186.5883	303.2671	487.7922	776.3987	1222.7651	1905.3401
76	24.1092	40.8344	68.4568	113.5894	186.5397	303.1765	487.6248	776.0927	1222.2115	1904.3493
77	24.1056	40.8274	68.4433	113.5637	186.4912	303.0860	487.4575	775.7868	1221.6582	1903.3590
78	24.1020	40.8204	68.4298	113.5380	186.4427	302.9954	487.2903	775.4811	1221.1052	1902.3693
79	24.0984	40.8134	68.4163	113.5123	186.3943	302.9049	487.1231	775.1755	1220.5523	1901.3800
80	24.0948	40.8064	68.4029	113.4866	186.3458	302.8145	486.9559	774.8699	1219.9998	1900.3913
81	24.0912	40.7994	68.3894	113.4609	186.2973	302.7240	486.7888	774.5645	1219.4475	1899.4030
82	24.0876	40.7924	68.3759	113.4352	186.2489	302.6336	486.6218	774.2593	1218.8954	1898.4153
83	24.0840	40.7854	68.3624	113.4095	186.2004	302.5432	486.4548	773.9541	1218.3436	1897.4281
84	24.0804	40.7784	68.3490	113.3839	186.1520	302.4528	486.2879	773.6491	1217.7920	1896.4414
85	24.0769	40.7714	68.3355	113.3582	186.1036	302.3625	486.1211	773.3442	1217.2407	1895.4552
86	24.0733	40.7644	68.3220	113.3325	186.0552	302.2721	485.9543	773.0394	1216.6897	1894.4695
87	24.0697	40.7574	68.3085	113.3069	186.0068	302.1819	485.7876	772.7347	1216.1388	1893.4844
88	24.0661	40.7504	68.2951	113.2812	185.9585	302.0916	485.6209	772.4302	1215.5883	1892.4997
89	24.0625	40.7434	68.2816	113.2556	185.9101	302.0014	485.4543	772.1257	1215.0380	1891.5156
90	24.0589	40.7364	68.2682	113.2299	185.8618	301.9112	485.2877	771.8214	1214.4879	1890.5320
91	24.0553	40.7295	68.2547	113.2043	185.8134	301.8210	485.1212	771.5172	1213.9381	1889.5489
92	24.0517	40.7225	68.2413	113.1787	185.7651	301.7308	484.9547	771.2131	1213.3885	1888.5663
93	24.0481	40.7155	68.2278	113.1531	185.7168	301.6407	484.7883	770.9092	1212.8392	1887.5842
94	24.0445	40.7085	68.2144	113.1274	185.6685	301.5506	484.6220	770.6054	1212.2901	1886.6026
95	24.0409	40.7015	68.2009	113.1018	185.6202	301.4605	484.4557	770.3016	1211.7413	1885.6216
96	24.0373	40.6945	68.1875	113.0762	185.5720	301.3705	484.2895	769.9980	1211.1927	1884.6410
97	24.0337	40.6875	68.1740	113.0506	185.5237	301.2804	484.1233	769.6946	1210.6444	1883.6610
98	24.0301	40.6806	68.1606	113.0250	185.4755	301.1904	483.9572	769.3912	1210.0963	1882.6814
99	24.0266	40.6736	68.1472	112.9994	185.4272	301.1005	483.7912	769.0880	1209.5485	1881.7024
100	24.0230	40.6666	68.1337	112.9739	185.3790	301.0105	483.6252	768.7849	1209.0009	1880.7239
101	24.0194	40.6596	68.1203	112.9483	185.3308	300.9206	483.4592	768.4819	1208.4536	1879.7459
102	24.0158	40.6527	68.1069	112.9227	185.2826	300.8307	483.2934	768.1790	1207.9065	1878.7684
103	24.0122	40.6457	68.0935	112.8972	185.2344	300.7409	483.1275	767.8762	1207.3596	1877.7914
104	24.0086	40.6387	68.0800	112.8716	185.1863	300.6510	482.9618	767.5736	1206.8131	1876.8149
105	24.0050	40.6317	68.0666	112.8460	185.1381	300.5612	482.7960	767.2711	1206.2667	1875.8389
106	24.0014	40.6248	68.0532	112.8205	185.0900	300.4715	482.6304	766.9687	1205.7206	1874.8635
107	23.9979	40.6178	68.0398	112.7950	185.0418	300.3817	482.4648	766.6664	1205.1748	1873.8885
108	23.9943	40.6108	68.0264	112.7694	184.9937	300.2920	482.2993	766.3642	1204.6292	1872.9141
109	23.9907	40.6039	68.0130	112.7439	184.9456	300.2023	482.1338	766.0622	1204.0838	1871.9401
110	23.9871	40.5969	67.9996	112.7184	184.8975	300.1126	481.9683	765.7603	1203.5387	1870.9667
111	23.9835	40.5899	67.9862	112.6929	184.8494	300.0230	481.8030	765.4585	1202.9938	1869.9937
112	23.9799	40.5830	67.9728	112.6673	184.8014	299.9334	481.6377	765.1568	1202.4492	1869.0213
113	23.9764	40.5760	67.9594	112.6418	184.7533	299.8438	481.4724	764.8552	1201.9049	1868.0494
114	23.9728	40.5690	67.9460	112.6163	184.7053	299.7542	481.3072	764.5538	1201.3607	1867.0780
115	23.9692	40.5621	67.9326	112.5908	184.6572	299.6647	481.1421	764.2524	1200.8169	1866.1071
116	23.9656	40.5551	67.9192	112.5654	184.6092	299.5751	480.9770	763.9512	1200.2732	1865.1367
117	23.9620	40.5482	67.9058	112.5399	184.5612	299.4857	480.8119	763.6501	1199.7298	1864.1668
118	23.9585	40.5412	67.8924	112.5144	184.5132	299.3962	480.6470	763.3492	1199.1867	1863.1974
119	23.9549	40.5342	67.8791	112.4889	184.4652	299.3068	480.4821	763.0483	1198.6438	1862.2285
120	23.9513	40.5273	67.8657	112.4635	184.4173	299.2174	480.3172	762.7476	1198.1012	1861.2601
121	23.9477	40.5203	67.8523	112.4380	184.3693	299.1280	480.1524	762.4470	1197.5588	1860.2922
122	23.9441	40.5134	67.8389	112.4125	184.3214	299.0386	479.9877	762.1465	1197.0166	1859.3248
123	23.9406	40.5064	67.8256	112.3871	184.2734	298.9493	479.8230	761.8461	1196.4747	1858.3579
124	23.9370	40.4995	67.8122	112.3617	184.2255	298.8600	479.6583	761.5458	1195.9330	1857.3916
125	23.9334	40.4925	67.7988	112.3362	184.1776	298.7708	479.4938	761.2457	1195.3916	1856.4257
126	23.9298	40.4856	67.7855	112.3108	184.1297	298.6815	479.3292	760.9457	1194.8505	1855.4603
127	23.9263	40.4786	67.7721	112.2854	184.0818	298.5923	479.1648	760.6457	1194.3095	1854.4954
128	23.9227	40.4717	67.7588	112.2599	184.0340	298.5031	479.0004	760.3460	1193.7688	1853.5311
129	23.9191	40.4648	67.7454	112.2345	183.9861	298.4139	478.8360	760.0463	1193.2284	1852.5672
130	23.9156	40.4578	67.7321	112.2091	183.9383	298.3248	478.6717	759.7467	1192.6882	1851.6038
131	23.9120	40.4509	67.7187	112.1837	183.8904	298.2357	478.5075	759.4473	1192.1483	1850.6410
132	23.9084	40.4439	67.7054	112.1583	183.8426	298.1466	478.3433	759.1480	1191.6086	1849.6786
133	23.9048	40.4370	67.6920	112.1329	183.7948	298.0575	478.1792	758.8488	1191.0691	1848.7167
134	23.9013	40.4301	67.6787	112.1075	183.7470	297.9685	478.0151	758.5497	1190.5299	1847.7554
135	23.8977	40.4231	67.6653	112.0822	183.6992	297.8795	477.8511	758.2507	1189.9909	1846.7945
136	23.8941	40.4162	67.6520	112.0568	183.6515	297.7905	477.6871	757.9519	1189.4522	1845.8342
137	23.8906	40.4092	67.6387	112.0314	183.6037	297.7016	477.5232	757.6532	1188.9137	1844.8743
138	23.8870	40.4023	67.6253	112.0061	183.5560	297.6127	477.3594	757.3546	1188.3755	1843.9149
139	23.8834	40.3954	67.6120	111.9807	183.5082	297.5238	477.1956	757.0561	1187.8375	1842.9561
140	23.8799	40.3885	67.5987	111.9554	183.4605	297.4349	477.0319	756.7577	1187.2997	1841.9977
141	23.8763	40.3815	67.5854	111.9300	183.4128	297.3460	476.8682	756.4594	1186.7622	1841.0398
142	23.8727	40.3746	67.5720	111.9047	183.3651	297.2572	476.7046	756.1613	1186.2249	1840.0825
143	23.8692	40.3677	67.5587	111.8793	183.3174	297.1684	476.5410	755.8633	1185.6879	1839.1256
144	23.8656	40.3607	67.5454	111.8540	183.2698	297.0797	476.3775	755.5654	1185.1511	1838.1692
145	23.8620	40.3538	67.5321	111.8287	183.2221	296.9909	476.2140	755.2676	1184.6146	1837.2133
146	23.8585	40.3469	67.5188	111.8034	183.1745	296.9022	476.0506	754.9699	1184.0783	1836.2579
147	23.8549	40.3400	67.5055	111.7781	183.1268	296.8135	475.8873	754.6724	1183.5423	1835.3031
148	23.8513	40.3331	67.4922	111.7528	183.0792	296.7249	475.7240	754.3749	1183.0064	1834.3487
149	23.8478	40.3261	67.4789	111.7275	183.0316	296.6362	475.5608	754.0776	1182.4709	1833.3948
150	23.8442	40.3192	67.4656	111.7022	182.9840	296.5476	475.3976	753.7804	1181.9356	1832.4414
151	23.8407	40.3123	67.4523	111.6769	182.9364	296.4591	475.2345	753.4833	1181.4005	1831.4885
152	23.8371	40.3054	67.4390	111.6516	182.8888	296.3705	475.0714	753.1864	1180.8656	1830.5361
153	23.8335	40.2985	67.4257	111.6263	182.8413	296.2820	474.9084	752.8895	1180.3310	1829.5842
154	23.8300	40.2915	67.4124	111.6010	182.7937	296.1935	474.7455	752.5928	1179.7967	1828.6328
155	23.8264	40.2846	67.3991	111.5758	182.7462	296.1050	474.5826	752.2962	1179.2626	1827.6818
156	23.8229	40.2777	67.3858	111.5505	182.6987	296.0165	474.4198	751.9997	1178.7287	1826.7314
157	23.8193	40.2708	67.3726	111.5253	182.6512	295.9281	474.2570	751.7033	1178.1951	1825.7815
158	23.8157	40.2639	67.3593	111.5000	182.6037	295.8397	474.0943	751.4070	1177.6617	1824.8320
159	23.8122	40.2570	67.3460	111.4748	182.5562	295.7514	473.9316	751.1109	1177.1285	1823.8831
160	23.8086	40.2501	67.3327	111.4495	182.5087	295.6630	473.7690	750.8149	1176.5956	1822.9347
161	23.8051	40.2432	67.3195	111.4243	182.4613	295.5747	473.6064	750.5189	1176.0630	1821.9867
162	23.8015	40.2363	67.3062	111.3991	182.4138	295.4864	473.4439	750.2231	1175.5305	1821.0392
163	23.7980	40.2294	67.2929	111.3739	182.3664	295.3982	473.2815	749.9275	1174.9984	1820.0923
164	23.7944	40.2225	67.2797	111.3487	182.3189	295.3099	473.1191	749.6319	1174.4664	1819.1458
165	23.7908	40.2156	67.2664	111.3235	182.2715	295.2217	472.9568	749.3365	1173.9347	1818.1998
166	23.7873	40.2087	67.2532	111.2982	182.2241	295.1335	472.7945	749.0411	1173.4033	1817.2543
167	23.7837	40.2018	67.2399	111.2731	182.1768	295.0454	472.6323	748.7459	1172.8721	1816.3093
168	23.7802	40.1949	67.2267	111.2479	182.1294	294.9572	472.4701	748.4508	1172.3411	1815.3648
169	23.7766	40.1880	67.2134	111.2227	182.0820	294.8691	472.3080	748.1558	1171.8103	1814.4208
170	23.7731	40.1811	67.2002	111.1975	182.0347	294.7810	472.1459	747.8610	1171.2798	1813.4772
171	23.7695	40.1742	67.1869	111.1723	181.9873	294.6930	471.9839	747.5662	1170.7496	1812.5342
172	23.7660	40.1673	67.1737	111.1472	181.9400	294.6050	471.8220	747.2716	1170.2196	1811.5917
173	23.7624	40.1604	67.1604	111.1220	181.8927	294.5170	471.6601	746.9771	1169.6898	1810.6496
174	23.7589	40.1535	67.1472	111.0968	181.8454	294.4290	471.4983	746.6827	1169.1603	1809.7080
175	23.7553	40.1466	67.1340	111.0717	181.7981	294.3411	471.3365	746.3884	1168.6310	1808.7670
176	23.7518	40.1397	67.1207	111.0465	181.7508	294.2531	471.1748	746.0942	1168.1019	1807.8264
177	23.7482	40.1329	67.1075	111.0214	181.7036	294.1652	471.0131	745.8002	1167.5731	1806.8863
178	23.7447	40.1260	67.0943	110.9963	181.6563	294.0774	470.8515	745.5062	1167.0445	1805.9467
179	23.7411	40.1191	67.0811	110.9711	181.6091	293.9895	470.6899	745.2124	1166.5162	1805.0075
180	23.7376	40.1122	67.0678	110.9460	181.5619	293.9017	470.5284	744.9187	1165.9881	1804.0689
181	23.7341	40.1053	67.0546	110.9209	181.5146	293.8139	470.3670	744.6251	1165.4602	1803.1308
182	23.7305	40.0984	67.0414	110.8958	181.4674	293.7262	470.2056	744.3316	1164.9326	1802.1931
183	23.7270	40.0916	67.0282	110.8707	181.4203	293.6384	470.0443	744.0383	1164.4052	1801.2559
184	23.7234	40.0847	67.0150	110.8456	181.3731	293.5507	469.8830	743.7450	1163.8780	1800.3192
185	23.7199	40.0778	67.0018	110.8205	181.3259	293.4630	469.7218	743.4519	1163.3511	1799.3831
186	23.7163	40.0709	66.9886	110.7954	181.2788	293.3754	469.5606	743.1589	1162.8245	1798.4473
187	23.7128	40.0640	66.9754	110.7703	181.2316	293.2877	469.3995	742.8660	1162.2980	1797.5121
188	23.7093	40.0572	66.9622	110.7453	181.1845	293.2001	469.2384	742.5732	1161.7719	1796.5774
189	23.7057	40.0503	66.9490	110.7202	181.1374	293.1125	469.0774	742.2805	1161.2459	1795.6431
190	23.7022	40.0434	66.9358	110.6951	181.0903	293.0250	468.9165	741.9880	1160.7202	1794.7094
191	23.6986	40.0366	66.9226	110.6701	181.0432	292.9375	468.7556	741.6956	1160.1947	1793.7761
192	23.6951	40.0297	66.9094	110.6450	180.9961	292.8500	468.5948	741.4032	1159.6695	1792.8433
193	23.6915	40.0228	66.8962	110.6200	180.9490	292.7625	468.4340	741.1110	1159.1445	1791.9110
194	23.6880	40.0160	66.8830	110.5949	180.9020	292.6750	468.2732	740.8189	1158.6197	1790.9792
195	23.6845	40.0091	66.8698	110.5699	180.8549	292.5876	468.1126	740.5270	1158.0952	1790.0478
196	23.6809	40.0022	66.8567	110.5448	180.8079	292.5002	467.9520	740.2351	1157.5709	1789.1170
197	23.6774	39.9954	66.8435	110.5198	180.7609	292.4128	467.7914	739.9434	1157.0468	1788.1866
198	23.6739	39.9885	66.8303	110.4948	180.7139	292.3255	467.6309	739.6517	1156.5230	1787.2567
199	23.6703	39.9816	66.8171	110.4698	180.6669	292.2382	467.4704	739.3602	1155.9995	1786.3273
200	23.6668	39.9748	66.8040	110.4448	180.6199	292.1509	467.3100	739.0688	1155.4761	1785.3984
201	23.6633	39.9679	66.7908	110.4198	180.5729	292.0636	467.1497	738.7775	1154.9530	1784.4700
202	23.6597	39.9611	66.7776	110.3948	180.5260	291.9764	466.9894	738.4864	1154.4301	1783.5420
203	23.6562	39.9542	66.7645	110.3698	180.4790	291.8892	466.8292	738.1953	1153.9075	1782.6145
204	23.6527	39.9474	66.7513	110.3448	180.4321	291.8020	466.6690	737.9044	1153.3851	1781.6875
205	23.6491	39.9405	66.7382	110.3198	180.3852	291.7148	466.5089	737.6135	1152.8630	1780.7610
206	23.6456	39.9336	66.7250	110.2948	180.3383	291.6277	466.3488	737.3228	1152.3411	1779.8350
207	23.6421	39.9268	66.7119	110.2699	180.2914	291.5406	466.1888	737.0322	1151.8194	1778.9095
208	23.6385	39.9199	66.6987	110.2449	180.2445	291.4535	466.0289	736.7418	1151.2979	1777.9844
209	23.6350	39.9131	66.6856	110.2200	180.1976	291.3664	465.8690	736.4514	1150.7767	1777.0598
210	23.6315	39.9062	66.6724	110.1950	180.1508	291.2794	465.7091	736.1611	1150.2557	1776.1357
211	23.6279	39.8994	66.6593	110.1701	180.1039	291.1924	465.5493	735.8710	1149.7350	1775.2121
212	23.6244	39.8926	66.6462	110.1451	180.0571	291.1054	465.3896	735.5810	1149.2145	1774.2890
213	23.6209	39.8857	66.6330	110.1202	180.0103	291.0185	465.2299	735.2911	1148.6942	1773.3663
214	23.6173	39.8789	66.6199	110.0952	179.9635	290.9315	465.0703	735.0013	1148.1742	1772.4441
215	23.6138	39.8720	66.6068	110.0703	179.9167	290.8446	464.9107	734.7116	1147.6544	1771.5224
216	23.6103	39.8652	66.5936	110.0454	179.8699	290.7577	464.7512	734.4220	1147.1348	1770.6012
217	23.6068	39.8583	66.5805	110.0205	179.8231	290.6709	464.5917	734.1326	1146.6155	1769.6805
218	23.6032	39.8515	66.5674	109.9956	179.7763	290.5841	464.4323	733.8432	1146.0964	1768.7602
219	23.5997	39.8447	66.5543	109.9707	179.7296	290.4973	464.2730	733.5540	1145.5776	1767.8404
220	23.5962	39.8378	66.5411	109.9458	179.6829	290.4105	464.1137	733.2649	1145.0589	1766.9211
221	23.5927	39.8310	66.5280	109.9209	179.6361	290.3238	463.9544	732.9759	1144.5406	1766.0023
222	23.5891	39.8242	66.5149	109.8960	179.5894	290.2370	463.7952	732.6870	1144.0224	1765.0839
223	23.5856	39.8173	66.5018	109.8711	179.5427	290.1503	463.6361	732.3982	1143.5045	1764.1661
224	23.5821	39.8105	66.4887	109.8463	179.4960	290.0637	463.4770	732.1096	1142.9868	1763.2487
225	23.5786	39.8037	66.4756	109.8214	179.4493	289.9770	463.3180	731.8210	1142.4694	1762.3317
226	23.5751	39.7968	66.4625	109.7965	179.4027	289.8904	463.1590	731.5326	1141.9521	1761.4153
227	23.5715	39.7900	66.4494	109.7717	179.3560	289.8038	463.0001	731.2443	1141.4352	1760.4993
228	23.5680	39.7832	66.4363	109.7468	179.3094	289.7173	462.8413	730.9561	1140.9184	1759.5839
229	23.5645	39.7764	66.4232	109.7220	179.2628	289.6307	462.6824	730.6680	1140.4019	1758.6688
230	23.5610	39.7695	66.4101	109.6971	179.2161	289.5442	462.5237	730.3800	1139.8856	1757.7543
231	23.5575	39.7627	66.3970	109.6723	179.1695	289.4577	462.3650	730.0922	1139.3696	1756.8402
232	23.5539	39.7559	66.3840	109.6475	179.1230	289.3712	462.2064	729.8044	1138.8538	1755.9267
233	23.5504	39.7491	66.3709	109.6227	179.0764	289.2848	462.0478	729.5168	1138.3382	1755.0135
234	23.5469	39.7422	66.3578	109.5978	179.0298	289.1984	461.8892	729.2293	1137.8228	1754.1009
235	23.5434	39.7354	66.3447	109.5730	178.9833	289.1120	461.7307	728.9419	1137.3077	1753.1887
236	23.5399	39.7286	66.3316	109.5482	178.9367	289.0257	461.5723	728.6546	1136.7929	1752.2771
237	23.5363	39.7218	66.3186	109.5234	178.8902	288.9393	461.4139	728.3674	1136.2782	1751.3658
238	23.5328	39.7150	66.3055	109.4986	178.8437	288.8530	461.2556	728.0803	1135.7638	1750.4551
239	23.5293	39.7082	66.2924	109.4738	178.7971	288.7667	461.0974	727.7934	1135.2496	1749.5448
240	23.5258	39.7014	66.2794	109.4491	178.7507	288.6805	460.9392	727.5065	1134.7357	1748.6351
241	23.5223	39.6945	66.2663	109.4243	178.7042	288.5942	460.7810	727.2198	1134.2220	1747.7257
242	23.5188	39.6877	66.2532	109.3995	178.6577	288.5080	460.6229	726.9332	1133.7085	1746.8169
243	23.5153	39.6809	66.2402	109.3747	178.6112	288.4219	460.4649	726.6467	1133.1952	1745.9085
244	23.5118	39.6741	66.2271	109.3500	178.5648	288.3357	460.3069	726.3603	1132.6822	1745.0006
245	23.5082	39.6673	66.2141	109.3252	178.5184	288.2496	460.1489	726.0740	1132.1694	1744.0932
246	23.5047	39.6605	66.2010	109.3005	178.4719	288.1635	459.9910	725.7879	1131.6569	1743.1862
247	23.5012	39.6537	66.1880	109.2757	178.4255	288.0774	459.8332	725.5018	1131.1446	1742.2797
248	23.4977	39.6469	66.1749	109.2510	178.3791	287.9914	459.6754	725.2159	1130.6325	1741.3737
249	23.4942	39.6401	66.1619	109.2263	178.3327	287.9053	459.5177	724.9301	1130.1206	1740.4682
250	23.4907	39.6333	66.1489	109.2015	178.2864	287.8193	459.3601	724.6443	1129.6090	1739.5631
251	23.4872	39.6265	66.1358	109.1768	178.2400	287.7334	459.2024	724.3587	1129.0976	1738.6585
252	23.4837	39.6197	66.1228	109.1521	178.1937	287.6474	459.0449	724.0733	1128.5865	1737.7544
253	23.4802	39.6129	66.1097	109.1274	178.1473	287.5615	458.8874	723.7879	1128.0755	1736.8507
254	23.4767	39.6061	66.0967	109.1027	178.1010	287.4756	458.7299	723.5026	1127.5648	1735.9475
255	23.4731	39.5993	66.0837	109.0780	178.0547	287.3897	458.5725	723.2175	1127.0544	1735.0448
256	23.4696	39.5925	66.0707	109.0533	178.0084	287.3039	458.4152	722.9324	1126.5441	1734.1426
257	23.4661	39.5857	66.0576	109.0286	177.9621	287.2181	458.2579	722.6475	1126.0341	1733.2408
258	23.4626	39.5789	66.0446	109.0039	177.9158	287.1323	458.1007	722.3627	1125.5243	1732.3395
259	23.4591	39.5721	66.0316	108.9792	177.8695	287.0465	457.9435	722.0780	1125.0148	1731.4386
260	23.4556	39.5653	66.0186	108.9546	177.8233	286.9608	457.7864	721.7934	1124.5055	1730.5382
261	23.4521	39.5586	66.0056	108.9299	177.7771	286.8750	457.6293	721.5089	1123.9964	1729.6383
262	23.4486	39.5518	65.9926	108.9053	177.7308	286.7894	457.4723	721.2246	1123.4876	1728.7389
263	23.4451	39.5450	65.9796	108.8806	177.6846	286.7037	457.3153	720.9403	1122.9789	1727.8399
264	23.4416	39.5382	65.9666	108.8559	177.6384	286.6181	457.1584	720.6562	1122.4705	1726.9414
265	23.4381	39.5314	65.9536	108.8313	177.5922	286.5324	457.0015	720.3722	1121.9624	1726.0434
266	23.4346	39.5246	65.9406	108.8067	177.5460	286.4468	456.8447	720.0882	1121.4545	1725.1458
267	23.4311	39.5179	65.9276	108.7820	177.4999	286.3613	456.6880	719.8044	1120.9468	1724.2487
268	23.4276	39.5111	65.9146	108.7574	177.4537	286.2757	456.5313	719.5207	1120.4393	1723.3521
269	23.4241	39.5043	65.9016	108.7328	177.4076	286.1902	456.3746	719.2372	1119.9320	1722.4559
270	23.4206	39.4975	65.8886	108.7082	177.3614	286.1047	456.2181	718.9537	1119.4250	1721.5602
271	23.4171	39.4907	65.8756	108.6836	177.3153	286.0193	456.0615	718.6703	1118.9183	1720.6649
272	23.4136	39.4840	65.8626	108.6590	177.2692	285.9339	455.9050	718.3871	1118.4117	1719.7702
273	23.4101	39.4772	65.8497	108.6344	177.2231	285.8484	455.7486	718.1040	1117.9054	1718.8759
274	23.4066	39.4704	65.8367	108.6098	177.1770	285.7631	455.5922	717.8209	1117.3993	1717.9820
275	23.4031	39.4636	65.8237	108.5852	177.1309	285.6777	455.4359	717.5380	1116.8934	1717.0886
276	23.3996	39.4569	65.8107	108.5606	177.0849	285.5924	455.2797	717.2552	1116.3878	1716.1957
277	23.3961	39.4501	65.7978	108.5360	177.0388	285.5071	455.1234	716.9725	1115.8824	1715.3033
278	23.3926	39.4433	65.7848	108.5114	176.9928	285.4218	454.9673	716.6900	1115.3772	1714.4113
279	23.3891	39.4366	65.7718	108.4869	176.9468	285.3365	454.8112	716.4075	1114.8723	1713.5198
280	23.3857	39.4298	65.7589	108.4623	176.9007	285.2513	454.6551	716.1252	1114.3675	1712.6287
281	23.3822	39.4230	65.7459	108.4378	176.8547	285.1661	454.4991	715.8429	1113.8630	1711.7381
282	23.3787	39.4163	65.7329	108.4132	176.8088	285.0809	454.3432	715.5608	1113.3588	1710.8480
283	23.3752	39.4095	65.7200	108.3887	176.7628	284.9958	454.1873	715.2788	1112.8547	1709.9583
284	23.3717	39.4027	65.7070	108.3641	176.7168	284.9106	454.0315	714.9969	1112.3509	1709.0691
285	23.3682	39.3960	65.6941	108.3396	176.6709	284.8255	453.8757	714.7151	1111.8474	1708.1804
286	23.3647	39.3892	65.6811	108.3151	176.6249	284.7404	453.7199	714.4334	1111.3440	1707.2921
287	23.3612	39.3825	65.6682	108.2906	176.5790	284.6554	453.5643	714.1518	1110.8409	1706.4043
288	23.3577	39.3757	65.6553	108.2660	176.5331	284.5704	453.4086	713.8703	1110.3380	1705.5169
289	23.3542	39.3690	65.6423	108.2415	176.4872	284.4854	453.2531	713.5890	1109.8353	1704.6300
290	23.3507	39.3622	65.6294	108.2170	176.4413	284.4004	453.0976	713.3077	1109.3329	1703.7436
291	23.3473	39.3554	65.6164	108.1925	176.3954	284.3154	452.9421	713.0266	1108.8307	1702.8576
292	23.3438	39.3487	65.6035	108.1680	176.3495	284.2305	452.7867	712.7456	1108.3287	1701.9721
293	23.3403	39.3419	65.5906	108.1436	176.3037	284.1456	452.6313	712.4647	1107.8269	1701.0870
294	23.3368	39.3352	65.5777	108.1191	176.2578	284.0607	452.4760	712.1839	1107.3254	1700.2024
295	23.3333	39.3284	65.5647	108.0946	176.2120	283.9759	452.3208	711.9032	1106.8241	1699.3183
296	23.3298	39.3217	65.5518	108.0701	176.1662	283.8910	452.1656	711.6226	1106.3230	1698.4346
297	23.3263	39.3150	65.5389	108.0457	176.1203	283.8062	452.0104	711.3421	1105.8222	1697.5514
298	23.3229	39.3082	65.5260	108.0212	176.0745	283.7215	451.8553	711.0618	1105.3215	1696.6687
299	23.3194	39.3015	65.5131	107.9967	176.0288	283.6367	451.7003	710.7815	1104.8211	1695.7864
300	23.3159	39.2947	65.5002	107.9723	175.9830	283.5520	451.5453	710.5014	1104.3210	1694.9045
301	23.3124	39.2880	65.4872	107.9479	175.9372	283.4673	451.3904	710.2214	1103.8210	1694.0231
302	23.3089	39.2812	65.4743	107.9234	175.8915	283.3826	451.2355	709.9415	1103.3213	1693.1422
303	23.3054	39.2745	65.4614	107.8990	175.8457	283.2980	451.0807	709.6617	1102.8218	1692.2618
304	23.3020	39.2678	65.4485	107.8746	175.8000	283.2134	450.9259	709.3820	1102.3226	1691.3818
305	23.2985	39.2610	65.4356	107.8501	175.7543	283.1288	450.7712	709.1024	1101.8235	1690.5022
306	23.2950	39.2543	65.4227	107.8257	175.7086	283.0442	450.6165	708.8229	1101.3247	1689.6231
307	23.2915	39.2476	65.4098	107.8013	175.6629	282.9596	450.4619	708.5435	1100.8261	1688.7445
308	23.2881	39.2408	65.3970	107.7769	175.6172	282.8751	450.3074	708.2643	1100.3278	1687.8663
309	23.2846	39.2341	65.3841	107.7525	175.5715	282.7906	450.1528	707.9851	1099.8296	1686.9886
310	23.2811	39.2274	65.3712	107.7281	175.5259	282.7062	449.9984	707.7061	1099.3317	1686.1113
311	23.2776	39.2206	65.3583	107.7037	175.4802	282.6217	449.8440	707.4272	1098.8340	1685.2345
312	23.2741	39.2139	65.3454	107.6793	175.4346	282.5373	449.6896	707.1484	1098.3366	1684.3582
313	23.2707	39.2072	65.3325	107.6550	175.3890	282.4529	449.5354	706.8697	1097.8393	1683.4823
314	23.2672	39.2004	65.3197	107.6306	175.3434	282.3685	449.3811	706.5911	1097.3423	1682.6068
315	23.2637	39.1937	65.3068	107.6062	175.2978	282.2842	449.2269	706.3126	1096.8455	1681.7319
316	23.2602	39.1870	65.2939	107.5819	175.2522	282.1999	449.0728	706.0342	1096.3490	1680.8573
317	23.2568	39.1803	65.2810	107.5575	175.2066	282.1156	448.9187	705.7559	1095.8526	1679.9833
318	23.2533	39.1735	65.2682	107.5332	175.1611	282.0313	448.7647	705.4778	1095.3565	1679.1096
319	23.2498	39.1668	65.2553	107.5088	175.1155	281.9471	448.6107	705.1997	1094.8606	1678.2365
320	23.2463	39.1601	65.2425	107.4845	175.0700	281.8628	448.4568	704.9218	1094.3650	1677.3638
321	23.2429	39.1534	65.2296	107.4602	175.0245	281.7786	448.3029	704.6440	1093.8696	1676.4915
322	23.2394	39.1467	65.2167	107.4358	174.9789	281.6945	448.1491	704.3663	1093.3743	1675.6197
323	23.2359	39.1400	65.2039	107.4115	174.9334	281.6103	447.9953	704.0887	1092.8794	1674.7484
324	23.2325	39.1332	65.1910	107.3872	174.8879	281.5262	447.8416	703.8112	1092.3846	1673.8775
325	23.2290	39.1265	65.1782	107.3629	174.8425	281.4421	447.6879	703.5338	1091.8900	1673.0070
326	23.2255	39.1198	65.1653	107.3386	174.7970	281.3581	447.5343	703.2565	1091.3957	1672.1370
327	23.2220	39.1131	65.1525	107.3143	174.7515	281.2740	447.3808	702.9793	1090.9016	1671.2675
328	23.2186	39.1064	65.1397	107.2900	174.7061	281.1900	447.2273	702.7023	1090.4078	1670.3984
329	23.2151	39.0997	65.1268	107.2657	174.6607	281.1060	447.0738	702.4253	1089.9141	1669.5298
330	23.2116	39.0930	65.1140	107.2414	174.6153	281.0220	446.9204	702.1485	1089.4207	1668.6616
331	23.2082	39.0863	65.1012	107.2171	174.5698	280.9381	446.7671	701.8717	1088.9275	1667.7939
332	23.2047	39.0796	65.0883	107.1929	174.5245	280.8542	446.6138	701.5951	1088.4345	1666.9266
333	23.2012	39.0728	65.0755	107.1686	174.4791	280.7703	446.4606	701.3186	1087.9418	1666.0597
334	23.1978	39.0661	65.0627	107.1443	174.4337	280.6864	446.3074	701.0422	1087.4493	1665.1934
335	23.1943	39.0594	65.0499	107.1201	174.3883	280.6026	446.1542	700.7659	1086.9569	1664.3274
336	23.1909	39.0527	65.0370	107.0958	174.3430	280.5188	446.0012	700.4897	1086.4649	1663.4620
337	23.1874	39.0460	65.0242	107.0716	174.2977	280.4350	445.8481	700.2136	1085.9730	1662.5969
338	23.1839	39.0393	65.0114	107.0473	174.2523	280.3512	445.6951	699.9377	1085.4814	1661.7324
339	23.1805	39.0326	64.9986	107.0231	174.2070	280.2675	445.5422	699.6618	1084.9900	1660.8682
340	23.1770	39.0259	64.9858	106.9989	174.1617	280.1837	445.3894	699.3860	1084.4988	1660.0045
341	23.1735	39.0193	64.9730	106.9747	174.1164	280.1000	445.2365	699.1104	1084.0078	1659.1413
342	23.1701	39.0126	64.9602	106.9504	174.0711	280.0164	445.0838	698.8349	1083.5170	1658.2785
343	23.1666	39.0059	64.9474	106.9262	174.0259	279.9327	444.9311	698.5594	1083.0265	1657.4162
344	23.1632	38.9992	64.9346	106.9020	173.9806	279.8491	444.7784	698.2841	1082.5362	1656.5543
345	23.1597	38.9925	64.9218	106.8778	173.9354	279.7655	444.6258	698.0089	1082.0461	1655.6929
346	23.1562	38.9858	64.9090	106.8536	173.8902	279.6820	444.4732	697.7338	1081.5563	1654.8319
347	23.1528	38.9791	64.8962	106.8294	173.8449	279.5984	444.3207	697.4588	1081.0666	1653.9714
348	23.1493	38.9724	64.8834	106.8052	173.7997	279.5149	444.1683	697.1839	1080.5772	1653.1113
349	23.1459	38.9657	64.8706	106.7811	173.7545	279.4314	444.0159	696.9091	1080.0880	1652.2516
350	23.1424	38.9590	64.8578	106.7569	173.7094	279.3479	443.8635	696.6345	1079.5991	1651.3924
351	23.1389	38.9524	64.8450	106.7327	173.6642	279.2645	443.7112	696.3599	1079.1103	1650.5337
352	23.1355	38.9457	64.8323	106.7086	173.6190	279.1811	443.5590	696.0855	1078.6218	1649.6754
353	23.1320	38.9390	64.8195	106.6844	173.5739	279.0977	443.4068	695.8111	1078.1335	1648.8175
354	23.1286	38.9323	64.8067	106.6603	173.5287	279.0143	443.2547	695.5369	1077.6454	1647.9601
355	23.1251	38.9256	64.7939	106.6361	173.4836	278.9310	443.1026	695.2628	1077.1575	1647.1031
356	23.1217	38.9190	64.7812	106.6120	173.4385	278.8477	442.9505	694.9887	1076.6699	1646.2466
357	23.1182	38.9123	64.7684	106.5878	173.3934	278.7644	442.7985	694.7148	1076.1824	1645.3905
358	23.1148	38.9056	64.7556	106.5637	173.3483	278.6811	442.6466	694.4410	1075.6952	1644.5349
359	23.1113	38.8989	64.7429	106.5396	173.3032	278.5979	442.4947	694.1673	1075.2082	1643.6797
360	23.1079	38.8922	64.7301	106.5155	173.2582	278.5146	442.3429	693.8937	1074.7215	1642.8250
361	23.1044	38.8856	64.7174	106.4913	173.2131	278.4314	442.1911	693.6203	1074.2349	1641.9707
362	23.1010	38.8789	64.7046	106.4672	173.1681	278.3483	442.0394	693.3469	1073.7486	1641.1168
363	23.0975	38.8722	64.6918	106.4431	173.1230	278.2651	441.8877	693.0736	1073.2625	1640.2634
364	23.0941	38.8656	64.6791	106.4190	173.0780	278.1820	441.7361	692.8005	1072.7766	1639.4105
365	23.0906	38.8589	64.6663	106.3949	173.0330	278.0989	441.5846	692.5274	1072.2910	1638.5579
366	23.0872	38.8522	64.6536	106.3709	172.9880	278.0158	441.4331	692.2545	1071.8055	1637.7059
367	23.0837	38.8456	64.6409	106.3468	172.9430	277.9328	441.2816	691.9816	1071.3203	1636.8542
368	23.0803	38.8389	64.6281	106.3227	172.8981	277.8498	441.1302	691.7089	1070.8353	1636.0030
369	23.0768	38.8322	64.6154	106.2986	172.8531	277.7668	440.9788	691.4363	1070.3505	1635.1523
370	23.0734	38.8256	64.6026	106.2746	172.8081	277.6838	440.8275	691.1638	1069.8659	1634.3020
371	23.0699	38.8189	64.5899	106.2505	172.7632	277.6009	440.6763	690.8914	1069.3816	1633.4521
372	23.0665	38.8123	64.5772	106.2265	172.7183	277.5180	440.5251	690.6191	1068.8975	1632.6027
373	23.0630	38.8056	64.5645	106.2024	172.6734	277.4351	440.3739	690.3469	1068.4136	1631.7537
374	23.0596	38.7989	64.5517	106.1784	172.6285	277.3522	440.2228	690.0748	1067.9299	1630.9052
375	23.0561	38.7923	64.5390	106.1543	172.5836	277.2693	440.0718	689.8028	1067.4464	1630.0571
376	23.0527	38.7856	64.5263	106.1303	172.5387	277.1865	439.9208	689.5310	1066.9632	1629.2094
377	23.0493	38.7790	64.5136	106.1063	172.4938	277.1037	439.7698	689.2592	1066.4801	1628.3622
378	23.0458	38.7723	64.5009	106.0823	172.4490	277.0210	439.6189	688.9876	1065.9973	1627.5154
379	23.0424	38.7657	64.4882	106.0582	172.4041	276.9382	439.4681	688.7160	1065.5147	1626.6691
380	23.0389	38.7590	64.4754	106.0342	172.3593	276.8555	439.3173	688.4446	1065.0323	1625.8232
381	23.0355	38.7524	64.4627	106.0102	172.3145	276.7728	439.1666	688.1732	1064.5502	1624.9777
382	23.0320	38.7457	64.4500	105.9862	172.2697	276.6901	439.0159	687.9020	1064.0683	1624.1327
383	23.0286	38.7391	64.4373	105.9622	172.2249	276.6075	438.8653	687.6309	1063.5865	1623.2882
384	23.0252	38.7324	64.4246	105.9382	172.1801	276.5248	438.7147	687.3599	1063.1050	1622.4440
385	23.0217	38.7258	64.4119	105.9143	172.1353	276.4422	438.5642	687.0890	1062.6237	1621.6003
386	23.0183	38.7191	64.3992	105.8903	172.0905	276.3597	438.4137	686.8182	1062.1427	1620.7571
387	23.0149	38.7125	64.3865	105.8663	172.0458	276.2771	438.2632	686.5475	1061.6618	1619.9142
388	23.0114	38.7058	64.3739	105.8423	172.0011	276.1946	438.1129	686.2769	1061.1812	1619.0719
389	23.0080	38.6992	64.3612	105.8184	171.9563	276.1121	437.9626	686.0064	1060.7008	1618.2299
390	23.0045	38.6926	64.3485	105.7944	171.9116	276.0296	437.8123	685.7361	1060.2206	1617.3884
391	23.0011	38.6859	64.3358	105.7705	171.8669	275.9472	437.6621	685.4658	1059.7406	1616.5473
392	22.9977	38.6793	64.3231	105.7465	171.8222	275.8647	437.5119	685.1956	1059.2608	1615.7067
393	22.9942	38.6727	64.3104	105.7226	171.7775	275.7823	437.3618	684.9256	1058.7813	1614.8665
394	22.9908	38.6660	64.2978	105.6987	171.7329	275.7000	437.2117	684.6556	1058.3020	1614.0268
395	22.9874	38.6594	64.2851	105.6747	171.6882	275.6176	437.0617	684.3858	1057.8229	1613.1874
396	22.9839	38.6527	64.2724	105.6508	171.6436	275.5353	436.9117	684.1161	1057.3440	1612.3486
397	22.9805	38.6461	64.2598	105.6269	171.5989	275.4530	436.7618	683.8464	1056.8653	1611.5101
398	22.9771	38.6395	64.2471	105.6030	171.5543	275.3707	436.6120	683.5769	1056.3868	1610.6721
399	22.9736	38.6329	64.2344	105.5791	171.5097	275.2884	436.4622	683.3075	1055.9086	1609.8345
400	22.9702	38.6262	64.2218	105.5552	171.4651	275.2062	436.3124	683.0382	1055.4306	1608.9974
401	22.9668	38.6196	64.2091	105.5313	171.4205	275.1240	436.1627	682.7690	1054.9528	1608.1607
402	22.9633	38.6130	64.1965	105.5074	171.3759	275.0418	436.0131	682.4999	1054.4752	1607.3244
403	22.9599	38.6064	64.1838	105.4835	171.3314	274.9597	435.8634	682.2309	1053.9978	1606.4886
404	22.9565	38.5997	64.1712	105.4596	171.2868	274.8775	435.7139	681.9620	1053.5206	1605.6532
405	22.9531	38.5931	64.1585	105.4357	171.2423	274.7954	435.5644	681.6933	1053.0437	1604.8182
406	22.9496	38.5865	64.1459	105.4119	171.1977	274.7133	435.4150	681.4246	1052.5670	1603.9837
407	22.9462	38.5799	64.1332	105.3880	171.1532	274.6313	435.2656	681.1560	1052.0904	1603.1496
408	22.9428	38.5732	64.1206	105.3642	171.1087	274.5493	435.1162	680.8876	1051.6141	1602.3159
409	22.9393	38.5666	64.1080	105.3403	171.0642	274.4672	434.9669	680.6192	1051.1381	1601.4827
410	22.9359	38.5600	64.0953	105.3165	171.0197	274.3853	434.8177	680.3510	1050.6622	1600.6499
411	22.9325	38.5534	64.0827	105.2926	170.9753	274.3033	434.6685	680.0828	1050.1865	1599.8175
412	22.9291	38.5468	64.0701	105.2688	170.9308	274.2214	434.5193	679.8148	1049.7111	1598.9856
413	22.9256	38.5402	64.0574	105.2449	170.8864	274.1395	434.3703	679.5468	1049.2359	1598.1541
414	22.9222	38.5336	64.0448	105.2211	170.8419	274.0576	434.2212	679.2790	1048.7609	1597.3230
415	22.9188	38.5269	64.0322	105.1973	170.7975	273.9757	434.0722	679.0113	1048.2861	1596.4924
416	22.9154	38.5203	64.0196	105.1735	170.7531	273.8939	433.9233	678.7437	1047.8115	1595.6622
417	22.9119	38.5137	64.0070	105.1497	170.7087	273.8121	433.7744	678.4762	1047.3371	1594.8324
418	22.9085	38.5071	63.9943	105.1259	170.6643	273.7303	433.6256	678.2088	1046.8630	1594.0031
419	22.9051	38.5005	63.9817	105.1021	170.6199	273.6485	433.4768	677.9415	1046.3891	1593.1742
420	22.9017	38.4939	63.9691	105.0783	170.5755	273.5668	433.3281	677.6743	1045.9154	1592.3457
421	22.8983	38.4873	63.9565	105.0545	170.5312	273.4850	433.1794	677.4072	1045.4419	1591.5176
422	22.8948	38.4807	63.9439	105.0307	170.4868	273.4034	433.0307	677.1402	1044.9686	1590.6900
423	22.8914	38.4741	63.9313	105.0069	170.4425	273.3217	432.8822	676.8733	1044.4955	1589.8628
424	22.8880	38.4675	63.9187	104.9832	170.3982	273.2400	432.7336	676.6066	1044.0226	1589.0361
425	22.8846	38.4609	63.9061	104.9594	170.3539	273.1584	432.5852	676.3399	1043.5500	1588.2098
426	22.8812	38.4543	63.8935	104.9356	170.3096	273.0768	432.4367	676.0733	1043.0776	1587.3839
427	22.8777	38.4477	63.8809	104.9119	170.2653	272.9953	432.2884	675.8069	1042.6053	1586.5584
428	22.8743	38.4411	63.8683	104.8881	170.2210	272.9137	432.1400	675.5405	1042.1333	1585.7334
429	22.8709	38.4345	63.8557	104.8644	170.1767	272.8322	431.9918	675.2743	1041.6615	1584.9088
430	22.8675	38.4279	63.8432	104.8406	170.1325	272.7507	431.8435	675.0081	1041.1900	1584.0846
431	22.8641	38.4213	63.8306	104.8169	170.0882	272.6692	431.6954	674.7421	1040.7186	1583.2608
432	22.8607	38.4147	63.8180	104.7932	170.0440	272.5878	431.5473	674.4762	1040.2475	1582.4375
433	22.8573	38.4081	63.8054	104.7695	169.9998	272.5064	431.3992	674.2103	1039.7765	1581.6146
434	22.8538	38.4015	63.7928	104.7457	169.9556	272.4250	431.2512	673.9446	1039.3058	1580.7921
435	22.8504	38.3950	63.7803	104.7220	169.9114	272.3436	431.1032	673.6790	1038.8353	1579.9701
436	22.8470	38.3884	63.7677	104.6983	169.8672	272.2622	430.9553	673.4135	1038.3650	1579.1485
437	22.8436	38.3818	63.7551	104.6746	169.8230	272.1809	430.8074	673.1481	1037.8949	1578.3273
438	22.8402	38.3752	63.7426	104.6509	169.7789	272.0996	430.6596	672.8828	1037.4250	1577.5066
439	22.8368	38.3686	63.7300	104.6272	169.7347	272.0183	430.5118	672.6176	1036.9554	1576.6862
440	22.8334	38.3620	63.7174	104.6035	169.6906	271.9371	430.3641	672.3525	1036.4859	1575.8663
441	22.8300	38.3554	63.7049	104.5799	169.6465	271.8559	430.2165	672.0875	1036.0167	1575.0469
442	22.8265	38.3489	63.6923	104.5562	169.6023	271.7746	430.0688	671.8226	1035.5477	1574.2278
443	22.8231	38.3423	63.6798	104.5325	169.5582	271.6935	429.9213	671.5578	1035.0789	1573.4092
444	22.8197	38.3357	63.6672	104.5089	169.5141	271.6123	429.7738	671.2932	1034.6103	1572.5910
445	22.8163	38.3291	63.6547	104.4852	169.4701	271.5312	429.6263	671.0286	1034.1419	1571.7732
446	22.8129	38.3226	63.6421	104.4615	169.4260	271.4501	429.4789	670.7641	1033.6737	1570.9559
447	22.8095	38.3160	63.6296	104.4379	169.3819	271.3690	429.3315	670.4997	1033.2057	1570.1389
448	22.8061	38.3094	63.6171	104.4142	169.3379	271.2879	429.1842	670.2355	1032.7380	1569.3224
449	22.8027	38.3028	63.6045	104.3906	169.2939	271.2069	429.0370	669.9713	1032.2705	1568.5064
450	22.7993	38.2963	63.5920	104.3670	169.2498	271.1259	428.8898	669.7073	1031.8031	1567.6907
451	22.7959	38.2897	63.5794	104.3434	169.2058	271.0449	428.7426	669.4433	1031.3360	1566.8755
452	22.7925	38.2831	63.5669	104.3197	169.1618	270.9639	428.5955	669.1795	1030.8691	1566.0607
453	22.7891	38.2766	63.5544	104.2961	169.1178	270.8830	428.4484	668.9158	1030.4024	1565.2463
454	22.7857	38.2700	63.5419	104.2725	169.0739	270.8021	428.3014	668.6521	1029.9359	1564.4324
455	22.7823	38.2634	63.5293	104.2489	169.0299	270.7212	428.1545	668.3886	1029.4697	1563.6188
456	22.7789	38.2569	63.5168	104.2253	168.9859	270.6403	428.0076	668.1252	1029.0036	1562.8057
457	22.7755	38.2503	63.5043	104.2017	168.9420	270.5595	427.8607	667.8618	1028.5378	1561.9930
458	22.7721	38.2437	63.4918	104.1781	168.8981	270.4787	427.7139	667.5986	1028.0721	1561.1808
459	22.7687	38.2372	63.4793	104.1545	168.8541	270.3979	427.5672	667.3355	1027.6067	1560.3689
460	22.7653	38.2306	63.4668	104.1309	168.8102	270.3171	427.4205	667.0725	1027.1415	1559.5575
461	22.7619	38.2240	63.4543	104.1074	168.7663	270.2364	427.2738	666.8096	1026.6765	1558.7465
462	22.7585	38.2175	63.4418	104.0838	168.7224	270.1556	427.1272	666.5468	1026.2117	1557.9359
463	22.7551	38.2109	63.4292	104.0602	168.6786	270.0749	426.9806	666.2841	1025.7471	1557.1258
464	22.7517	38.2044	63.4167	104.0367	168.6347	269.9943	426.8341	666.0215	1025.2828	1556.3161
465	22.7483	38.1978	63.4042	104.0131	168.5909	269.9136	426.6877	665.7590	1024.8186	1555.5068
466	22.7449	38.1913	63.3918	103.9896	168.5470	269.8330	426.5413	665.4966	1024.3546	1554.6979
467	22.7415	38.1847	63.3793	103.9660	168.5032	269.7524	426.3949	665.2343	1023.8909	1553.8894
468	22.7381	38.1782	63.3668	103.9425	168.4594	269.6718	426.2486	664.9721	1023.4274	1553.0813
469	22.7347	38.1716	63.3543	103.9190	168.4156	269.5913	426.1024	664.7100	1022.9640	1552.2737
470	22.7313	38.1651	63.3418	103.8955	168.3718	269.5107	425.9562	664.4481	1022.5009	1551.4665
471	22.7279	38.1585	63.3293	103.8719	168.3280	269.4302	425.8100	664.1862	1022.0380	1550.6597
472	22.7245	38.1520	63.3168	103.8484	168.2842	269.3498	425.6639	663.9244	1021.5753	1549.8534
473	22.7211	38.1454	63.3044	103.8249	168.2404	269.2693	425.5179	663.6627	1021.1129	1549.0474
474	22.7177	38.1389	63.2919	103.8014	168.1967	269.1889	425.3719	663.4012	1020.6506	1548.2419
475	22.7143	38.1323	63.2794	103.7779	168.1530	269.1085	425.2259	663.1397	1020.1885	1547.4368
476	22.7109	38.1258	63.2669	103.7544	168.1092	269.0281	425.0800	662.8784	1019.7267	1546.6321
477	22.7075	38.1193	63.2545	103.7309	168.0655	268.9477	424.9342	662.6171	1019.2650	1545.8278
478	22.7041	38.1127	63.2420	103.7074	168.0218	268.8674	424.7884	662.3559	1018.8036	1545.0239
479	22.7007	38.1062	63.2295	103.6840	167.9781	268.7871	424.6426	662.0949	1018.3423	1544.2205
480	22.6973	38.0996	63.2171	103.6605	167.9344	268.7068	424.4969	661.8339	1017.8813	1543.4175
481	22.6940	38.0931	63.2046	103.6370	167.8908	268.6265	424.3513	661.5731	1017.4205	1542.6149
482	22.6906	38.0866	63.1922	103.6136	167.8471	268.5463	424.2057	661.3124	1016.9599	1541.8127
483	22.6872	38.0800	63.1797	103.5901	167.8035	268.4661	424.0601	661.0517	1016.4995	1541.0109
484	22.6838	38.0735	63.1672	103.5667	167.7598	268.3859	423.9146	660.7912	1016.0393	1540.2096
485	22.6804	38.0670	63.1548	103.5432	167.7162	268.3057	423.7692	660.5308	1015.5794	1539.4086
486	22.6770	38.0604	63.1424	103.5198	167.6726	268.2256	423.6238	660.2704	1015.1196	1538.6081
487	22.6736	38.0539	63.1299	103.4963	167.6290	268.1454	423.4784	660.0102	1014.6600	1537.8080
488	22.6702	38.0474	63.1175	103.4729	167.5854	268.0653	423.3331	659.7501	1014.2007	1537.0083
489	22.6669	38.0408	63.1050	103.4495	167.5418	267.9853	423.1879	659.4900	1013.7415	1536.2091
490	22.6635	38.0343	63.0926	103.4261	167.4982	267.9052	423.0427	659.2301	1013.2826	1535.4102
491	22.6601	38.0278	63.0802	103.4026	167.4547	267.8252	422.8975	658.9703	1012.8239	1534.6118
492	22.6567	38.0213	63.0677	103.3792	167.4111	267.7452	422.7524	658.7106	1012.3653	1533.8138
493	22.6533	38.0147	63.0553	103.3558	167.3676	267.6652	422.6074	658.4510	1011.9070	1533.0161
494	22.6499	38.0082	63.0429	103.3324	167.3241	267.5853	422.4624	658.1915	1011.4489	1532.2190
495	22.6465	38.0017	63.0304	103.3090	167.2806	267.5053	422.3174	657.9321	1010.9910	1531.4222
496	22.6432	37.9952	63.0180	103.2857	167.2371	267.4254	422.1725	657.6727	1010.5333	1530.6258
497	22.6398	37.9887	63.0056	103.2623	167.1936	267.3456	422.0276	657.4135	1010.0758	1529.8299
498	22.6364	37.9821	62.9932	103.2389	167.1501	267.2657	421.8828	657.1544	1009.6186	1529.0343
499	22.6330	37.9756	62.9808	103.2155	167.1066	267.1859	421.7381	656.8954	1009.1615	1528.2392
500	22.6296	37.9691	62.9684	103.1922	167.0632	267.1061	421.5934	656.6365	1008.7046	1527.4445
501	22.6263	37.9626	62.9559	103.1688	167.0197	267.0263	421.4487	656.3777	1008.2480	1526.6502
502	22.6229	37.9561	62.9435	103.1454	166.9763	266.9465	421.3041	656.1191	1007.7915	1525.8563
503	22.6195	37.9496	62.9311	103.1221	166.9329	266.8668	421.1596	655.8605	1007.3353	1525.0628
504	22.6161	37.9431	62.9187	103.0987	166.8895	266.7871	421.0151	655.6020	1006.8793	1524.2698
505	22.6127	37.9365	62.9063	103.0754	166.8461	266.7074	420.8706	655.3436	1006.4234	1523.4771
506	22.6094	37.9300	62.8939	103.0521	166.8027	266.6277	420.7262	655.0853	1005.9678	1522.6849
507	22.6060	37.9235	62.8815	103.0287	166.7593	266.5481	420.5818	654.8271	1005.5124	1521.8931
508	22.6026	37.9170	62.8691	103.0054	166.7160	266.4684	420.4375	654.5690	1005.0572	1521.1017
509	22.5992	37.9105	62.8568	102.9821	166.6726	266.3888	420.2933	654.3110	1004.6022	1520.3107
510	22.5959	37.9040	62.8444	102.9588	166.6293	266.3093	420.1491	654.0532	1004.1474	1519.5201
511	22.5925	37.8975	62.8320	102.9355	166.5859	266.2297	420.0049	653.7954	1003.6928	1518.7299
512	22.5891	37.8910	62.8196	102.9122	166.5426	266.1502	419.8608	653.5377	1003.2384	1517.9401
513	22.5857	37.8845	62.8072	102.8889	166.4993	266.0707	419.7167	653.2801	1002.7842	1517.1508
514	22.5824	37.8780	62.7948	102.8656	166.4560	265.9912	419.5727	653.0227	1002.3302	1516.3618
515	22.5790	37.8715	62.7825	102.8423	166.4127	265.9118	419.4288	652.7653	1001.8765	1515.5733
516	22.5756	37.8650	62.7701	102.8190	166.3694	265.8323	419.2849	652.5080	1001.4229	1514.7852
517	22.5722	37.8585	62.7577	102.7957	166.3262	265.7529	419.1410	652.2509	1000.9695	1513.9975
518	22.5689	37.8520	62.7454	102.7725	166.2829	265.6736	418.9972	651.9938	1000.5164	1513.2102
519	22.5655	37.8455	62.7330	102.7492	166.2397	265.5942	418.8534	651.7368	1000.0634	1512.4233
520	22.5621	37.8390	62.7206	102.7259	166.1965	265.5149	418.7097	651.4800	999.6107	1511.6368
521	22.5588	37.8325	62.7083	102.7027	166.1532	265.4356	418.5660	651.2232	999.1581	1510.8507
522	22.5554	37.8261	62.6959	102.6794	166.1100	265.3563	418.4224	650.9665	998.7058	1510.0651
523	22.5520	37.8196	62.6835	102.6562	166.0668	265.2770	418.2789	650.7100	998.2537	1509.2798
524	22.5487	37.8131	62.6712	102.6330	166.0237	265.1978	418.1353	650.4535	997.8017	1508.4949
525	22.5453	37.8066	62.6588	102.6097	165.9805	265.1185	417.9919	650.1972	997.3500	1507.7105
526	22.5419	37.8001	62.6465	102.5865	165.9373	265.0394	417.8485	649.9409	996.8985	1506.9265
527	22.5386	37.7936	62.6341	102.5633	165.8942	264.9602	417.7051	649.6847	996.4472	1506.1428
528	22.5352	37.7871	62.6218	102.5400	165.8510	264.8810	417.5618	649.4287	995.9961	1505.3596
529	22.5318	37.7806	62.6095	102.5168	165.8079	264.8019	417.4185	649.1727	995.5452	1504.5768
530	22.5285	37.7742	62.5971	102.4936	165.7648	264.7228	417.2753	648.9169	995.0945	1503.7944
531	22.5251	37.7677	62.5848	102.4704	165.7217	264.6438	417.1321	648.6611	994.6440	1503.0124
532	22.5217	37.7612	62.5725	102.4472	165.6786	264.5647	416.9890	648.4055	994.1937	1502.2308
533	22.5184	37.7547	62.5601	102.4240	165.6355	264.4857	416.8459	648.1499	993.7436	1501.4496
534	22.5150	37.7482	62.5478	102.4008	165.5924	264.4067	416.7029	647.8945	993.2937	1500.6689
535	22.5116	37.7418	62.5355	102.3777	165.5494	264.3277	416.5599	647.6391	992.8441	1499.8885
536	22.5083	37.7353	62.5231	102.3545	165.5063	264.2487	416.4170	647.3839	992.3946	1499.1085
537	22.5049	37.7288	62.5108	102.3313	165.4633	264.1698	416.2741	647.1287	991.9453	1498.3290
538	22.5016	37.7223	62.4985	102.3081	165.4203	264.0909	416.1313	646.8737	991.4962	1497.5498
539	22.4982	37.7159	62.4862	102.2850	165.3772	264.0120	415.9885	646.6187	991.0474	1496.7710
540	22.4948	37.7094	62.4739	102.2618	165.3342	263.9331	415.8458	646.3639	990.5987	1495.9927
541	22.4915	37.7029	62.4616	102.2387	165.2912	263.8543	415.7031	646.1091	990.1502	1495.2148
542	22.4881	37.6965	62.4492	102.2155	165.2483	263.7755	415.5604	645.8545	989.7020	1494.4372
543	22.4848	37.6900	62.4369	102.1924	165.2053	263.6967	415.4179	645.5999	989.2539	1493.6601
544	22.4814	37.6835	62.4246	102.1693	165.1623	263.6179	415.2753	645.3455	988.8061	1492.8834
545	22.4780	37.6771	62.4123	102.1461	165.1194	263.5392	415.1328	645.0911	988.3584	1492.1070
546	22.4747	37.6706	62.4000	102.1230	165.0764	263.4605	414.9904	644.8369	987.9110	1491.3311
547	22.4713	37.6641	62.3877	102.0999	165.0335	263.3818	414.8480	644.5827	987.4637	1490.5556
548	22.4680	37.6577	62.3754	102.0768	164.9906	263.3031	414.7057	644.3287	987.0167	1489.7805
549	22.4646	37.6512	62.3631	102.0537	164.9477	263.2245	414.5634	644.0748	986.5699	1489.0058
550	22.4613	37.6448	62.3509	102.0306	164.9048	263.1458	414.4211	643.8209	986.1232	1488.2315
551	22.4579	37.6383	62.3386	102.0075	164.8619	263.0672	414.2789	643.5672	985.6768	1487.4576
552	22.4545	37.6318	62.3263	101.9844	164.8190	262.9886	414.1368	643.3135	985.2306	1486.6841
553	22.4512	37.6254	62.3140	101.9613	164.7762	262.9101	413.9947	643.0600	984.7845	1485.9110
554	22.4478	37.6189	62.3017	101.9382	164.7333	262.8316	413.8527	642.8065	984.3387	1485.1383
555	22.4445	37.6125	62.2894	101.9151	164.6905	262.7531	413.7107	642.5532	983.8931	1484.3660
556	22.4411	37.6060	62.2772	101.8921	164.6477	262.6746	413.5687	642.2999	983.4477	1483.5941
557	22.4378	37.5996	62.2649	101.8690	164.6049	262.5961	413.4268	642.0468	983.0024	1482.8226
558	22.4344	37.5931	62.2526	101.8459	164.5621	262.5177	413.2850	641.7937	982.5574	1482.0515
559	22.4311	37.5867	62.2403	101.8229	164.5193	262.4392	413.1432	641.5408	982.1126	1481.2808
560	22.4277	37.5802	62.2281	101.7998	164.4765	262.3609	413.0014	641.2880	981.6680	1480.5105
561	22.4244	37.5738	62.2158	101.7768	164.4337	262.2825	412.8597	641.0352	981.2236	1479.7406
562	22.4210	37.5673	62.2036	101.7537	164.3909	262.2041	412.7180	640.7826	980.7793	1478.9711
563	22.4177	37.5609	62.1913	101.7307	164.3482	262.1258	412.5764	640.5300	980.3353	1478.2020
564	22.4143	37.5544	62.1790	101.7077	164.3055	262.0475	412.4349	640.2776	979.8915	1477.4333
565	22.4110	37.5480	62.1668	101.6846	164.2627	261.9693	412.2934	640.0252	979.4479	1476.6651
566	22.4076	37.5415	62.1545	101.6616	164.2200	261.8910	412.1519	639.7730	979.0045	1475.8972
567	22.4043	37.5351	62.1423	101.6386	164.1773	261.8128	412.0105	639.5208	978.5613	1475.1297
568	22.4009	37.5287	62.1300	101.6156	164.1346	261.7346	411.8691	639.2688	978.1183	1474.3626
569	22.3976	37.5222	62.1178	101.5926	164.0919	261.6564	411.7278	639.0168	977.6755	1473.5959
570	22.3943	37.5158	62.1055	101.5696	164.0493	261.5782	411.5865	638.7650	977.2329	1472.8296
571	22.3909	37.5094	62.0933	101.5466	164.0066	261.5001	411.4453	638.5132	976.7904	1472.0637
572	22.3876	37.5029	62.0811	101.5236	163.9640	261.4220	411.3041	638.2616	976.3482	1471.2982
573	22.3842	37.4965	62.0688	101.5006	163.9213	261.3439	411.1630	638.0100	975.9062	1470.5331
574	22.3809	37.4901	62.0566	101.4777	163.8787	261.2658	411.0219	637.7586	975.4644	1469.7684
575	22.3775	37.4836	62.0444	101.4547	163.8361	261.1878	410.8809	637.5072	975.0228	1469.0041
576	22.3742	37.4772	62.0321	101.4317	163.7935	261.1098	410.7399	637.2559	974.5814	1468.2402
577	22.3708	37.4708	62.0199	101.4087	163.7509	261.0318	410.5990	637.0048	974.1402	1467.4767
578	22.3675	37.4643	62.0077	101.3858	163.7083	260.9538	410.4581	636.7537	973.6992	1466.7136
579	22.3642	37.4579	61.9955	101.3628	163.6657	260.8759	410.3173	636.5028	973.2584	1465.9509
580	22.3608	37.4515	61.9833	101.3399	163.6232	260.7979	410.1765	636.2519	972.8178	1465.1885
581	22.3575	37.4450	61.9710	101.3169	163.5806	260.7200	410.0358	636.0011	972.3774	1464.4266
582	22.3541	37.4386	61.9588	101.2940	163.5381	260.6422	409.8951	635.7505	971.9372	1463.6651
583	22.3508	37.4322	61.9466	101.2711	163.4956	260.5643	409.7544	635.4999	971.4971	1462.9040
584	22.3475	37.4258	61.9344	101.2482	163.4530	260.4865	409.6138	635.2494	971.0573	1462.1432
585	22.3441	37.4194	61.9222	101.2252	163.4105	260.4087	409.4733	634.9991	970.6177	1461.3829
586	22.3408	37.4129	61.9100	101.2023	163.3680	260.3309	409.3328	634.7488	970.1783	1460.6229
587	22.3375	37.4065	61.8978	101.1794	163.3256	260.2531	409.1923	634.4986	969.7391	1459.8634
588	22.3341	37.4001	61.8856	101.1565	163.2831	260.1754	409.0519	634.2486	969.3001	1459.1042
589	22.3308	37.3937	61.8734	101.1336	163.2406	260.0977	408.9116	633.9986	968.8613	1458.3455
590	22.3274	37.3873	61.8612	101.1107	163.1982	260.0200	408.7713	633.7487	968.4226	1457.5871
591	22.3241	37.3809	61.8490	101.0878	163.1557	259.9423	408.6310	633.4990	967.9842	1456.8292
592	22.3208	37.3744	61.8368	101.0649	163.1133	259.8646	408.4908	633.2493	967.5460	1456.0716
593	22.3174	37.3680	61.8246	101.0421	163.0709	259.7870	408.3507	632.9997	967.1080	1455.3144
594	22.3141	37.3616	61.8125	101.0192	163.0285	259.7094	408.2106	632.7502	966.6701	1454.5576
595	22.3108	37.3552	61.8003	100.9963	162.9861	259.6319	408.0705	632.5008	966.2325	1453.8012
596	22.3074	37.3488	61.7881	100.9734	162.9437	259.5543	407.9305	632.2515	965.7951	1453.0452
597	22.3041	37.3424	61.7759	100.9506	162.9013	259.4768	407.7905	632.0024	965.3579	1452.2896
598	22.3008	37.3360	61.7637	100.9277	162.8590	259.3993	407.6506	631.7533	964.9208	1451.5344
599	22.2975	37.3296	61.7516	100.9049	162.8166	259.3218	407.5107	631.5043	964.4840	1450.7796
600	22.2941	37.3232	61.7394	100.8820	162.7743	259.2443	407.3709	631.2554	964.0474	1450.0251
601	22.2908	37.3168	61.7272	100.8592	162.7320	259.1669	407.2311	631.0066	963.6109	1449.2711
602	22.2875	37.3104	61.7151	100.8364	162.6896	259.0895	407.0914	630.7579	963.1747	1448.5175
603	22.2841	37.3040	61.7029	100.8135	162.6473	259.0121	406.9517	630.5093	962.7386	1447.7642
604	22.2808	37.2976	61.6907	100.7907	162.6050	258.9347	406.8121	630.2608	962.3028	1447.0113
605	22.2775	37.2912	61.6786	100.7679	162.5628	258.8574	406.6725	630.0124	961.8671	1446.2589
606	22.2741	37.2848	61.6664	100.7451	162.5205	258.7800	406.5330	629.7641	961.4317	1445.5068
607	22.2708	37.2784	61.6543	100.7223	162.4782	258.7027	406.3935	629.5159	960.9964	1444.7551
608	22.2675	37.2720	61.6421	100.6995	162.4360	258.6255	406.2541	629.2678	960.5614	1444.0038
609	22.2642	37.2656	61.6300	100.6767	162.3937	258.5482	406.1147	629.0198	960.1265	1443.2529
610	22.2608	37.2592	61.6178	100.6539	162.3515	258.4710	405.9753	628.7719	959.6918	1442.5024
611	22.2575	37.2528	61.6057	100.6311	162.3093	258.3938	405.8360	628.5241	959.2574	1441.7523
612	22.2542	37.2464	61.5935	100.6083	162.2671	258.3166	405.6968	628.2763	958.8231	1441.0025
613	22.2509	37.2400	61.5814	100.5856	162.2249	258.2394	405.5576	628.0287	958.3890	1440.2532
614	22.2475	37.2336	61.5693	100.5628	162.1827	258.1623	405.4184	627.7812	957.9551	1439.5042
615	22.2442	37.2272	61.5571	100.5400	162.1405	258.0852	405.2793	627.5338	957.5215	1438.7557
616	22.2409	37.2208	61.5450	100.5173	162.0984	258.0081	405.1403	627.2865	957.0880	1438.0075
617	22.2376	37.2145	61.5329	100.4945	162.0562	257.9310	405.0013	627.0392	956.6547	1437.2597
618	22.2343	37.2081	61.5207	100.4717	162.0141	257.8540	404.8623	626.7921	956.2216	1436.5123
619	22.2309	37.2017	61.5086	100.4490	161.9719	257.7770	404.7234	626.5451	955.7887	1435.7653
620	22.2276	37.1953	61.4965	100.4263	161.9298	257.7000	404.5845	626.2981	955.3560	1435.0187
621	22.2243	37.1889	61.4844	100.4035	161.8877	257.6230	404.4457	626.0513	954.9235	1434.2724
622	22.2210	37.1825	61.4723	100.3808	161.8456	257.5460	404.3069	625.8046	954.4912	1433.5266
623	22.2177	37.1762	61.4601	100.3581	161.8035	257.4691	404.1682	625.5579	954.0591	1432.7811
624	22.2143	37.1698	61.4480	100.3354	161.7614	257.3922	404.0295	625.3114	953.6272	1432.0361
625	22.2110	37.1634	61.4359	100.3126	161.7194	257.3153	403.8909	625.0649	953.1954	1431.2914
626	22.2077	37.1570	61.4238	100.2899	161.6773	257.2384	403.7523	624.8186	952.7639	1430.5471
627	22.2044	37.1507	61.4117	100.2672	161.6353	257.1616	403.6138	624.5723	952.3326	1429.8032
628	22.2011	37.1443	61.3996	100.2445	161.5933	257.0848	403.4753	624.3261	951.9014	1429.0597
629	22.1978	37.1379	61.3875	100.2218	161.5512	257.0080	403.3369	624.0801	951.4705	1428.3165
630	22.1944	37.1315	61.3754	100.1991	161.5092	256.9312	403.1985	623.8341	951.0398	1427.5738
631	22.1911	37.1252	61.3633	100.1765	161.4672	256.8545	403.0601	623.5882	950.6092	1426.8314
632	22.1878	37.1188	61.3512	100.1538	161.4252	256.7778	402.9218	623.3425	950.1788	1426.0894
633	22.1845	37.1124	61.3391	100.1311	161.3833	256.7011	402.7836	623.0968	949.7487	1425.3479
634	22.1812	37.1061	61.3270	100.1084	161.3413	256.6244	402.6454	622.8512	949.3187	1424.6066
635	22.1779	37.0997	61.3150	100.0858	161.2993	256.5477	402.5072	622.6057	948.8889	1423.8658
636	22.1746	37.0933	61.3029	100.0631	161.2574	256.4711	402.3691	622.3604	948.4594	1423.1254
637	22.1712	37.0870	61.2908	100.0405	161.2155	256.3945	402.2311	622.1151	948.0300	1422.3853
638	22.1679	37.0806	61.2787	100.0178	161.1735	256.3179	402.0931	621.8699	947.6008	1421.6457
639	22.1646	37.0742	61.2666	99.9952	161.1316	256.2413	401.9551	621.6248	947.1718	1420.9064
640	22.1613	37.0679	61.2546	99.9725	161.0897	256.1648	401.8172	621.3798	946.7430	1420.1675
641	22.1580	37.0615	61.2425	99.9499	161.0478	256.0883	401.6793	621.1349	946.3144	1419.4290
642	22.1547	37.0552	61.2304	99.9273	161.0060	256.0118	401.5415	620.8901	945.8860	1418.6909
643	22.1514	37.0488	61.2183	99.9047	160.9641	255.9353	401.4037	620.6454	945.4578	1417.9531
644	22.1481	37.0425	61.2063	99.8820	160.9222	255.8589	401.2660	620.4008	945.0297	1417.2158
645	22.1448	37.0361	61.1942	99.8594	160.8804	255.7824	401.1283	620.1563	944.6019	1416.4788
646	22.1415	37.0297	61.1822	99.8368	160.8385	255.7060	400.9907	619.9118	944.1743	1415.7422
647	22.1382	37.0234	61.1701	99.8142	160.7967	255.6297	400.8531	619.6675	943.7468	1415.0060
648	22.1348	37.0170	61.1580	99.7916	160.7549	255.5533	400.7156	619.4233	943.3196	1414.2702
649	22.1315	37.0107	61.1460	99.7690	160.7131	255.4770	400.5781	619.1792	942.8925	1413.5347
650	22.1282	37.0043	61.1339	99.7465	160.6713	255.4007	400.4406	618.9351	942.4657	1412.7997
651	22.1249	36.9980	61.1219	99.7239	160.6295	255.3244	400.3032	618.6912	942.0390	1412.0650
652	22.1216	36.9916	61.1098	99.7013	160.5878	255.2481	400.1659	618.4474	941.6125	1411.3307
653	22.1183	36.9853	61.0978	99.6787	160.5460	255.1719	400.0286	618.2036	941.1862	1410.5968
654	22.1150	36.9789	61.0858	99.6562	160.5043	255.0956	399.8913	617.9600	940.7602	1409.8632
655	22.1117	36.9726	61.0737	99.6336	160.4625	255.0194	399.7541	617.7164	940.3343	1409.1301
656	22.1084	36.9663	61.0617	99.6110	160.4208	254.9433	399.6169	617.4729	939.9086	1408.3973
657	22.1051	36.9599	61.0497	99.5885	160.3791	254.8671	399.4798	617.2296	939.4830	1407.6649
658	22.1018	36.9536	61.0376	99.5659	160.3374	254.7910	399.3428	616.9863	939.0577	1406.9329
659	22.0985	36.9472	61.0256	99.5434	160.2957	254.7149	399.2057	616.7432	938.6326	1406.2013
660	22.0952	36.9409	61.0136	99.5209	160.2540	254.6388	399.0688	616.5001	938.2077	1405.4700
661	22.0919	36.9346	61.0015	99.4983	160.2123	254.5627	398.9318	616.2571	937.7829	1404.7392
662	22.0886	36.9282	60.9895	99.4758	160.1707	254.4867	398.7950	616.0142	937.3584	1404.0087
663	22.0853	36.9219	60.9775	99.4533	160.1290	254.4107	398.6581	615.7714	936.9340	1403.2786
664	22.0820	36.9155	60.9655	99.4308	160.0874	254.3347	398.5213	615.5287	936.5098	1402.5488
665	22.0787	36.9092	60.9535	99.4083	160.0457	254.2587	398.3846	615.2862	936.0859	1401.8195
666	22.0754	36.9029	60.9415	99.3858	160.0041	254.1828	398.2479	615.0437	935.6621	1401.0905
667	22.0721	36.8966	60.9294	99.3633	159.9625	254.1068	398.1113	614.8013	935.2385	1400.3619
668	22.0688	36.8902	60.9174	99.3408	159.9209	254.0309	397.9747	614.5589	934.8151	1399.6337
669	22.0655	36.8839	60.9054	99.3183	159.8793	253.9550	397.8381	614.3167	934.3919	1398.9059
670	22.0622	36.8776	60.8934	99.2958	159.8377	253.8792	397.7016	614.0746	933.9689	1398.1784
671	22.0589	36.8712	60.8814	99.2733	159.7962	253.8034	397.5652	613.8326	933.5461	1397.4514
672	22.0556	36.8649	60.8694	99.2508	159.7546	253.7275	397.4288	613.5907	933.1234	1396.7247
673	22.0523	36.8586	60.8574	99.2284	159.7131	253.6518	397.2924	613.3488	932.7010	1395.9984
674	22.0490	36.8523	60.8454	99.2059	159.6716	253.5760	397.1561	613.1071	932.2787	1395.2724
675	22.0458	36.8459	60.8334	99.1835	159.6300	253.5002	397.0198	612.8655	931.8567	1394.5468
676	22.0425	36.8396	60.8215	99.1610	159.5885	253.4245	396.8836	612.6239	931.4348	1393.8217
677	22.0392	36.8333	60.8095	99.1386	159.5470	253.3488	396.7474	612.3825	931.0131	1393.0968
678	22.0359	36.8270	60.7975	99.1161	159.5055	253.2731	396.6113	612.1411	930.5917	1392.3724
679	22.0326	36.8207	60.7855	99.0937	159.4641	253.1975	396.4752	611.8999	930.1704	1391.6484
680	22.0293	36.8143	60.7735	99.0712	159.4226	253.1219	396.3392	611.6587	929.7493	1390.9247
681	22.0260	36.8080	60.7615	99.0488	159.3811	253.0463	396.2032	611.4176	929.3284	1390.2014
682	22.0227	36.8017	60.7496	99.0264	159.3397	252.9707	396.0672	611.1766	928.9076	1389.4784
683	22.0194	36.7954	60.7376	99.0040	159.2983	252.8951	395.9313	610.9358	928.4871	1388.7559
684	22.0161	36.7891	60.7256	98.9816	159.2568	252.8196	395.7955	610.6950	928.0668	1388.0337
685	22.0128	36.7828	60.7137	98.9592	159.2154	252.7440	395.6597	610.4543	927.6466	1387.3119
686	22.0096	36.7765	60.7017	98.9367	159.1740	252.6685	395.5239	610.2137	927.2266	1386.5905
687	22.0063	36.7701	60.6897	98.9144	159.1326	252.5931	395.3882	609.9732	926.8069	1385.8694
688	22.0030	36.7638	60.6778	98.8920	159.0912	252.5176	395.2526	609.7328	926.3873	1385.1488
689	21.9997	36.7575	60.6658	98.8696	159.0499	252.4422	395.1169	609.4925	925.9679	1384.4285
690	21.9964	36.7512	60.6539	98.8472	159.0085	252.3668	394.9814	609.2523	925.5487	1383.7085
691	21.9931	36.7449	60.6419	98.8248	158.9672	252.2914	394.8458	609.0121	925.1297	1382.9890
692	21.9898	36.7386	60.6300	98.8024	158.9258	252.2160	394.7104	608.7721	924.7109	1382.2698
693	21.9866	36.7323	60.6180	98.7801	158.8845	252.1407	394.5749	608.5322	924.2922	1381.5510
694	21.9833	36.7260	60.6061	98.7577	158.8432	252.0654	394.4396	608.2924	923.8738	1380.8326
695	21.9800	36.7197	60.5941	98.7354	158.8019	251.9901	394.3042	608.0526	923.4556	1380.1145
696	21.9767	36.7134	60.5822	98.7130	158.7606	251.9148	394.1689	607.8130	923.0375	1379.3968
697	21.9734	36.7071	60.5702	98.6907	158.7193	251.8396	394.0337	607.5734	922.6196	1378.6795
698	21.9701	36.7008	60.5583	98.6683	158.6780	251.7644	393.8985	607.3340	922.2019	1377.9626
699	21.9669	36.6945	60.5464	98.6460	158.6368	251.6892	393.7633	607.0946	921.7844	1377.2460
700	21.9636	36.6882	60.5344	98.6236	158.5955	251.6140	393.6282	606.8553	921.3671	1376.5298
701	21.9603	36.6819	60.5225	98.6013	158.5543	251.5388	393.4932	606.6161	920.9500	1375.8140
702	21.9570	36.6756	60.5106	98.5790	158.5130	251.4637	393.3582	606.3771	920.5331	1375.0986
703	21.9537	36.6693	60.4986	98.5567	158.4718	251.3886	393.2232	606.1381	920.1163	1374.3835
704	21.9505	36.6630	60.4867	98.5344	158.4306	251.3135	393.0883	605.8992	919.6998	1373.6688
705	21.9472	36.6568	60.4748	98.5121	158.3894	251.2384	392.9534	605.6604	919.2834	1372.9545
706	21.9439	36.6505	60.4629	98.4898	158.3482	251.1634	392.8186	605.4217	918.8673	1372.2405
707	21.9406	36.6442	60.4510	98.4675	158.3070	251.0883	392.6838	605.1831	918.4513	1371.5269
708	21.9373	36.6379	60.4390	98.4452	158.2659	251.0133	392.5490	604.9445	918.0355	1370.8137
709	21.9341	36.6316	60.4271	98.4229	158.2247	250.9384	392.4144	604.7061	917.6199	1370.1009
710	21.9308	36.6253	60.4152	98.4006	158.1836	250.8634	392.2797	604.4678	917.2044	1369.3884
711	21.9275	36.6190	60.4033	98.3783	158.1424	250.7885	392.1451	604.2296	916.7892	1368.6763
712	21.9242	36.6128	60.3914	98.3561	158.1013	250.7136	392.0106	603.9914	916.3742	1367.9646
713	21.9210	36.6065	60.3795	98.3338	158.0602	250.6387	391.8761	603.7534	915.9593	1367.2532
714	21.9177	36.6002	60.3676	98.3115	158.0191	250.5638	391.7416	603.5154	915.5446	1366.5422
715	21.9144	36.5939	60.3557	98.2893	157.9780	250.4890	391.6072	603.2776	915.1302	1365.8316
716	21.9111	36.5876	60.3438	98.2670	157.9369	250.4141	391.4728	603.0398	914.7159	1365.1213
717	21.9079	36.5814	60.3319	98.2448	157.8959	250.3393	391.3385	602.8021	914.3018	1364.4114
718	21.9046	36.5751	60.3200	98.2225	157.8548	250.2646	391.2042	602.5645	913.8878	1363.7019
719	21.9013	36.5688	60.3082	98.2003	157.8137	250.1898	391.0700	602.3271	913.4741	1362.9928
720	21.8981	36.5625	60.2963	98.1781	157.7727	250.1151	390.9358	602.0897	913.0606	1362.2840
721	21.8948	36.5563	60.2844	98.1558	157.7317	250.0404	390.8017	601.8524	912.6472	1361.5756
722	21.8915	36.5500	60.2725	98.1336	157.6907	249.9657	390.6676	601.6152	912.2340	1360.8675
723	21.8883	36.5437	60.2606	98.1114	157.6497	249.8910	390.5336	601.3781	911.8210	1360.1599
724	21.8850	36.5374	60.2487	98.0892	157.6087	249.8164	390.3996	601.1410	911.4083	1359.4526
725	21.8817	36.5312	60.2369	98.0670	157.5677	249.7417	390.2656	600.9041	910.9956	1358.7456
726	21.8784	36.5249	60.2250	98.0448	157.5267	249.6671	390.1317	600.6673	910.5832	1358.0390
727	21.8752	36.5186	60.2131	98.0226	157.4857	249.5926	389.9978	600.4305	910.1710	1357.3328
728	21.8719	36.5124	60.2013	98.0004	157.4448	249.5180	389.8640	600.1939	909.7589	1356.6270
729	21.8686	36.5061	60.1894	97.9782	157.4038	249.4435	389.7303	599.9573	909.3471	1355.9215
730	21.8654	36.4999	60.1775	97.9560	157.3629	249.3690	389.5965	599.7209	908.9354	1355.2164
731	21.8621	36.4936	60.1657	97.9339	157.3220	249.2945	389.4629	599.4845	908.5239	1354.5117
732	21.8588	36.4873	60.1538	97.9117	157.2811	249.2200	389.3292	599.2483	908.1126	1353.8073
733	21.8556	36.4811	60.1420	97.8895	157.2402	249.1456	389.1957	599.0121	907.7015	1353.1033
734	21.8523	36.4748	60.1301	97.8674	157.1993	249.0712	389.0621	598.7760	907.2906	1352.3997
735	21.8491	36.4685	60.1183	97.8452	157.1584	248.9968	388.9286	598.5400	906.8798	1351.6964
736	21.8458	36.4623	60.1064	97.8231	157.1175	248.9224	388.7952	598.3041	906.4693	1350.9935
737	21.8425	36.4560	60.0946	97.8009	157.0767	248.8480	388.6618	598.0683	906.0589	1350.2910
738	21.8393	36.4498	60.0827	97.7788	157.0358	248.7737	388.5284	597.8326	905.6487	1349.5888
739	21.8360	36.4435	60.0709	97.7566	156.9950	248.6994	388.3951	597.5970	905.2387	1348.8870
740	21.8327	36.4373	60.0590	97.7345	156.9542	248.6251	388.2619	597.3614	904.8289	1348.1856
741	21.8295	36.4310	60.0472	97.7124	156.9134	248.5508	388.1286	597.1260	904.4192	1347.4845
742	21.8262	36.4248	60.0354	97.6903	156.8726	248.4766	387.9955	596.8907	904.0098	1346.7838
743	21.8230	36.4185	60.0235	97.6681	156.8318	248.4024	387.8623	596.6554	903.6005	1346.0834
744	21.8197	36.4123	60.0117	97.6460	156.7910	248.3282	387.7293	596.4203	903.1915	1345.3834
745	21.8164	36.4060	59.9999	97.6239	156.7502	248.2540	387.5962	596.1852	902.7826	1344.6838
746	21.8132	36.3998	59.9881	97.6018	156.7095	248.1798	387.4632	595.9502	902.3739	1343.9846
747	21.8099	36.3935	59.9762	97.5797	156.6687	248.1057	387.3303	595.7153	901.9654	1343.2857
748	21.8067	36.3873	59.9644	97.5576	156.6280	248.0316	387.1974	595.4806	901.5570	1342.5871
749	21.8034	36.3810	59.9526	97.5356	156.5872	247.9575	387.0645	595.2459	901.1489	1341.8890
750	21.8002	36.3748	59.9408	97.5135	156.5465	247.8834	386.9317	595.0113	900.7409	1341.1912
751	21.7969	36.3686	59.9290	97.4914	156.5058	247.8094	386.7990	594.7768	900.3331	1340.4937
752	21.7936	36.3623	59.9172	97.4693	156.4651	247.7354	386.6663	594.5423	899.9255	1339.7966
753	21.7904	36.3561	59.9054	97.4473	156.4244	247.6614	386.5336	594.3080	899.5181	1339.0999
754	21.7871	36.3499	59.8935	97.4252	156.3837	247.5874	386.4010	594.0738	899.1109	1338.4036
755	21.7839	36.3436	59.8817	97.4031	156.3431	247.5134	386.2684	593.8396	898.7039	1337.7076
756	21.7806	36.3374	59.8699	97.3811	156.3024	247.4395	386.1358	593.6056	898.2970	1337.0119
757	21.7774	36.3311	59.8581	97.3591	156.2618	247.3656	386.0034	593.3716	897.8903	1336.3167
758	21.7741	36.3249	59.8463	97.3370	156.2211	247.2917	385.8709	593.1378	897.4838	1335.6218
759	21.7709	36.3187	59.8346	97.3150	156.1805	247.2178	385.7385	592.9040	897.0775	1334.9272
760	21.7676	36.3124	59.8228	97.2929	156.1399	247.1440	385.6062	592.6703	896.6714	1334.2330
761	21.7644	36.3062	59.8110	97.2709	156.0993	247.0702	385.4739	592.4368	896.2655	1333.5392
762	21.7611	36.3000	59.7992	97.2489	156.0587	246.9964	385.3416	592.2033	895.8597	1332.8458
763	21.7579	36.2938	59.7874	97.2269	156.0181	246.9226	385.2094	591.9699	895.4541	1332.1527
764	21.7546	36.2875	59.7756	97.2049	155.9776	246.8488	385.0772	591.7366	895.0488	1331.4599
765	21.7514	36.2813	59.7638	97.1829	155.9370	246.7751	384.9451	591.5033	894.6436	1330.7675
766	21.7481	36.2751	59.7521	97.1609	155.8964	246.7014	384.8130	591.2702	894.2385	1330.0755
767	21.7449	36.2689	59.7403	97.1389	155.8559	246.6277	384.6810	591.0372	893.8337	1329.3838
768	21.7416	36.2626	59.7285	97.1169	155.8154	246.5540	384.5490	590.8042	893.4291	1328.6925
769	21.7384	36.2564	59.7167	97.0949	155.7749	246.4804	384.4170	590.5714	893.0246	1328.0016
770	21.7351	36.2502	59.7050	97.0729	155.7343	246.4068	384.2851	590.3386	892.6203	1327.3110
771	21.7319	36.2440	59.6932	97.0509	155.6938	246.3332	384.1533	590.1060	892.2162	1326.6208
772	21.7286	36.2378	59.6814	97.0290	155.6534	246.2596	384.0215	589.8734	891.8123	1325.9309
773	21.7254	36.2315	59.6697	97.0070	155.6129	246.1860	383.8897	589.6409	891.4085	1325.2414
774	21.7221	36.2253	59.6579	96.9850	155.5724	246.1125	383.7580	589.4085	891.0050	1324.5523
775	21.7189	36.2191	59.6462	96.9631	155.5320	246.0390	383.6263	589.1762	890.6016	1323.8635
776	21.7156	36.2129	59.6344	96.9411	155.4915	245.9655	383.4947	588.9440	890.1984	1323.1751
777	21.7124	36.2067	59.6226	96.9192	155.4511	245.8920	383.3631	588.7119	889.7954	1322.4870
778	21.7092	36.2005	59.6109	96.8972	155.4107	245.8185	383.2316	588.4799	889.3926	1321.7993
779	21.7059	36.1943	59.5991	96.8753	155.3702	245.7451	383.1001	588.2479	888.9899	1321.1119
780	21.7027	36.1880	59.5874	96.8534	155.3298	245.6717	382.9686	588.0161	888.5875	1320.4249
781	21.6994	36.1818	59.5757	96.8315	155.2895	245.5983	382.8372	587.7843	888.1852	1319.7383
782	21.6962	36.1756	59.5639	96.8095	155.2491	245.5250	382.7059	587.5527	887.7831	1319.0520
783	21.6930	36.1694	59.5522	96.7876	155.2087	245.4516	382.5746	587.3211	887.3812	1318.3661
784	21.6897	36.1632	59.5404	96.7657	155.1683	245.3783	382.4433	587.0896	886.9795	1317.6805
785	21.6865	36.1570	59.5287	96.7438	155.1280	245.3050	382.3121	586.8582	886.5779	1316.9953
786	21.6832	36.1508	59.5170	96.7219	155.0876	245.2317	382.1809	586.6269	886.1765	1316.3104
787	21.6800	36.1446	59.5052	96.7000	155.0473	245.1585	382.0498	586.3957	885.7754	1315.6259
788	21.6768	36.1384	59.4935	96.6781	155.0070	245.0853	381.9187	586.1646	885.3744	1314.9418
789	21.6735	36.1322	59.4818	96.6562	154.9667	245.0121	381.7876	585.9336	884.9735	1314.2580
790	21.6703	36.1260	59.4701	96.6343	154.9264	244.9389	381.6566	585.7027	884.5729	1313.5745
791	21.6670	36.1198	59.4583	96.6125	154.8861	244.8657	381.5257	585.4718	884.1724	1312.8915
792	21.6638	36.1136	59.4466	96.5906	154.8458	244.7926	381.3948	585.2411	883.7722	1312.2087
793	21.6606	36.1074	59.4349	96.5687	154.8056	244.7194	381.2639	585.0104	883.3721	1311.5264
794	21.6573	36.1012	59.4232	96.5469	154.7653	244.6463	381.1331	584.7799	882.9721	1310.8443
795	21.6541	36.0950	59.4115	96.5250	154.7251	244.5733	381.0023	584.5494	882.5724	1310.1627
796	21.6509	36.0888	59.3998	96.5032	154.6848	244.5002	380.8716	584.3190	882.1729	1309.4814
797	21.6476	36.0826	59.3881	96.4813	154.6446	244.4272	380.7409	584.0887	881.7735	1308.8004
798	21.6444	36.0765	59.3764	96.4595	154.6044	244.3542	380.6103	583.8585	881.3743	1308.1198
799	21.6412	36.0703	59.3647	96.4376	154.5642	244.2812	380.4797	583.6284	880.9753	1307.4396
800	21.6379	36.0641	59.3530	96.4158	154.5240	244.2082	380.3492	583.3984	880.5764	1306.7597
801	21.6347	36.0579	59.3413	96.3940	154.4838	244.1353	380.2187	583.1684	880.1778	1306.0802
802	21.6315	36.0517	59.3296	96.3722	154.4436	244.0623	380.0882	582.9386	879.7793	1305.4010
803	21.6282	36.0455	59.3179	96.3503	154.4035	243.9894	379.9578	582.7089	879.3810	1304.7221
804	21.6250	36.0393	59.3062	96.3285	154.3633	243.9166	379.8274	582.4792	878.9829	1304.0437
805	21.6218	36.0331	59.2945	96.3067	154.3232	243.8437	379.6971	582.2496	878.5850	1303.3655
806	21.6186	36.0270	59.2828	96.2849	154.2831	243.7709	379.5668	582.0201	878.1872	1302.6878
807	21.6153	36.0208	59.2711	96.2631	154.2429	243.6980	379.4366	581.7908	877.7897	1302.0104
808	21.6121	36.0146	59.2595	96.2413	154.2028	243.6253	379.3064	581.5615	877.3923	1301.3333
809	21.6089	36.0084	59.2478	96.2195	154.1627	243.5525	379.1762	581.3323	876.9951	1300.6566
810	21.6056	36.0022	59.2361	96.1978	154.1226	243.4797	379.0461	581.1031	876.5980	1299.9802
811	21.6024	35.9961	59.2244	96.1760	154.0826	243.4070	378.9161	580.8741	876.2012	1299.3042
812	21.5992	35.9899	59.2128	96.1542	154.0425	243.3343	378.7861	580.6452	875.8045	1298.6285
813	21.5960	35.9837	59.2011	96.1324	154.0024	243.2616	378.6561	580.4163	875.4080	1297.9532
814	21.5927	35.9775	59.1894	96.1107	153.9624	243.1889	378.5262	580.1876	875.0117	1297.2783
815	21.5895	35.9714	59.1778	96.0889	153.9223	243.1163	378.3963	579.9589	874.6156	1296.6037
816	21.5863	35.9652	59.1661	96.0672	153.8823	243.0437	378.2665	579.7303	874.2196	1295.9294
817	21.5831	35.9590	59.1544	96.0454	153.8423	242.9711	378.1367	579.5018	873.8239	1295.2555
818	21.5798	35.9529	59.1428	96.0237	153.8023	242.8985	378.0069	579.2735	873.4283	1294.5819
819	21.5766	35.9467	59.1311	96.0019	153.7623	242.8260	377.8772	579.0451	873.0329	1293.9087
820	21.5734	35.9405	59.1195	95.9802	153.7223	242.7534	377.7476	578.8169	872.6376	1293.2359
821	21.5702	35.9344	59.1078	95.9585	153.6823	242.6809	377.6180	578.5888	872.2426	1292.5634
822	21.5669	35.9282	59.0962	95.9367	153.6424	242.6084	377.4884	578.3608	871.8477	1291.8912
823	21.5637	35.9220	59.0845	95.9150	153.6024	242.5360	377.3589	578.1328	871.4530	1291.2194
824	21.5605	35.9159	59.0729	95.8933	153.5625	242.4635	377.2294	577.9050	871.0585	1290.5480
825	21.5573	35.9097	59.0612	95.8716	153.5226	242.3911	377.1000	577.6772	870.6641	1289.8769
826	21.5541	35.9035	59.0496	95.8499	153.4826	242.3187	376.9706	577.4495	870.2700	1289.2061
827	21.5508	35.8974	59.0379	95.8282	153.4427	242.2463	376.8413	577.2219	869.8760	1288.5357
828	21.5476	35.8912	59.0263	95.8065	153.4028	242.1739	376.7120	576.9944	869.4822	1287.8656
829	21.5444	35.8851	59.0147	95.7848	153.3629	242.1016	376.5827	576.7670	869.0885	1287.1959
830	21.5412	35.8789	59.0030	95.7631	153.3230	242.0293	376.4535	576.5397	868.6951	1286.5266
831	21.5380	35.8728	58.9914	95.7415	153.2832	241.9570	376.3243	576.3125	868.3018	1285.8576
832	21.5348	35.8666	58.9798	95.7198	153.2433	241.8847	376.1952	576.0854	867.9087	1285.1889
833	21.5315	35.8604	58.9682	95.6981	153.2035	241.8125	376.0661	575.8583	867.5158	1284.5206
834	21.5283	35.8543	58.9565	95.6765	153.1636	241.7402	375.9371	575.6313	867.1231	1283.8526
835	21.5251	35.8481	58.9449	95.6548	153.1238	241.6680	375.8081	575.4045	866.7305	1283.1850
836	21.5219	35.8420	58.9333	95.6331	153.0840	241.5958	375.6792	575.1777	866.3381	1282.5177
837	21.5187	35.8358	58.9217	95.6115	153.0442	241.5237	375.5503	574.9510	865.9459	1281.8508
838	21.5155	35.8297	58.9101	95.5898	153.0044	241.4515	375.4214	574.7244	865.5539	1281.1842
839	21.5123	35.8235	58.8985	95.5682	152.9646	241.3794	375.2926	574.4979	865.1620	1280.5179
840	21.5090	35.8174	58.8869	95.5466	152.9248	241.3073	375.1638	574.2715	864.7704	1279.8521
841	21.5058	35.8113	58.8753	95.5249	152.8850	241.2352	375.0351	574.0451	864.3789	1279.1865
842	21.5026	35.8051	58.8637	95.5033	152.8453	241.1632	374.9064	573.8189	863.9876	1278.5213
843	21.4994	35.7990	58.8521	95.4817	152.8055	241.0911	374.7778	573.5927	863.5964	1277.8565
844	21.4962	35.7928	58.8405	95.4601	152.7658	241.0191	374.6492	573.3667	863.2055	1277.1920
845	21.4930	35.7867	58.8289	95.4385	152.7261	240.9471	374.5206	573.1407	862.8147	1276.5278
846	21.4898	35.7805	58.8173	95.4169	152.6864	240.8751	374.3921	572.9148	862.4241	1275.8640
847	21.4866	35.7744	58.8057	95.3953	152.6467	240.8032	374.2637	572.6890	862.0336	1275.2005
848	21.4833	35.7683	58.7941	95.3737	152.6070	240.7313	374.1353	572.4633	861.6434	1274.5374
849	21.4801	35.7621	58.7825	95.3521	152.5673	240.6594	374.0069	572.2377	861.2533	1273.8746
850	21.4769	35.7560	58.7709	95.3305	152.5276	240.5875	373.8786	572.0121	860.8634	1273.2122
851	21.4737	35.7499	58.7593	95.3089	152.4879	240.5156	373.7503	571.7867	860.4737	1272.5501
852	21.4705	35.7437	58.7478	95.2873	152.4483	240.4438	373.6220	571.5613	860.0841	1271.8883
853	21.4673	35.7376	58.7362	95.2658	152.4086	240.3719	373.4938	571.3361	859.6947	1271.2269
854	21.4641	35.7315	58.7246	95.2442	152.3690	240.3001	373.3657	571.1109	859.3055	1270.5659
855	21.4609	35.7253	58.7130	95.2226	152.3294	240.2284	373.2376	570.8858	858.9165	1269.9051
856	21.4577	35.7192	58.7015	95.2011	152.2898	240.1566	373.1095	570.6608	858.5277	1269.2448
857	21.4545	35.7131	58.6899	95.1795	152.2502	240.0849	372.9815	570.4359	858.1390	1268.5847
858	21.4513	35.7069	58.6783	95.1580	152.2106	240.0132	372.8535	570.2111	857.7505	1267.9251
859	21.4481	35.7008	58.6668	95.1364	152.1710	239.9415	372.7256	569.9863	857.3622	1267.2657
860	21.4449	35.6947	58.6552	95.1149	152.1314	239.8698	372.5977	569.7617	856.9740	1266.6067
861	21.4417	35.6886	58.6436	95.0934	152.0919	239.7981	372.4699	569.5371	856.5861	1265.9481
862	21.4385	35.6824	58.6321	95.0718	152.0523	239.7265	372.3421	569.3127	856.1983	1265.2898
863	21.4353	35.6763	58.6205	95.0503	152.0128	239.6549	372.2143	569.0883	855.8107	1264.6318
864	21.4321	35.6702	58.6090	95.0288	151.9732	239.5833	372.0866	568.8640	855.4232	1263.9742
865	21.4289	35.6641	58.5974	95.0073	151.9337	239.5118	371.9589	568.6398	855.0360	1263.3169
866	21.4257	35.6580	58.5859	94.9858	151.8942	239.4402	371.8313	568.4157	854.6489	1262.6599
867	21.4225	35.6518	58.5743	94.9643	151.8547	239.3687	371.7037	568.1917	854.2620	1262.0033
868	21.4193	35.6457	58.5628	94.9428	151.8152	239.2972	371.5762	567.9677	853.8752	1261.3471
869	21.4161	35.6396	58.5512	94.9213	151.7758	239.2257	371.4487	567.7439	853.4887	1260.6911
870	21.4129	35.6335	58.5397	94.8998	151.7363	239.1543	371.3213	567.5201	853.1023	1260.0356
871	21.4097	35.6274	58.5282	94.8783	151.6968	239.0828	371.1939	567.2964	852.7161	1259.3803
872	21.4065	35.6213	58.5166	94.8568	151.6574	239.0114	371.0665	567.0729	852.3300	1258.7254
873	21.4033	35.6152	58.5051	94.8354	151.6179	238.9400	370.9392	566.8494	851.9442	1258.0709
874	21.4001	35.6090	58.4936	94.8139	151.5785	238.8686	370.8119	566.6259	851.5585	1257.4166
875	21.3969	35.6029	58.4820	94.7924	151.5391	238.7973	370.6847	566.4026	851.1730	1256.7628
876	21.3937	35.5968	58.4705	94.7710	151.4997	238.7260	370.5575	566.1794	850.7876	1256.1092
877	21.3905	35.5907	58.4590	94.7495	151.4603	238.6547	370.4303	565.9562	850.4025	1255.4560
878	21.3873	35.5846	58.4475	94.7281	151.4209	238.5834	370.3032	565.7332	850.0175	1254.8032
879	21.3841	35.5785	58.4359	94.7066	151.3815	238.5121	370.1762	565.5102	849.6327	1254.1506
880	21.3809	35.5724	58.4244	94.6852	151.3422	238.4409	370.0492	565.2873	849.2480	1253.4985
881	21.3777	35.5663	58.4129	94.6637	151.3028	238.3696	369.9222	565.0645	848.8635	1252.8466
882	21.3745	35.5602	58.4014	94.6423	151.2635	238.2984	369.7953	564.8418	848.4793	1252.1951
883	21.3713	35.5541	58.3899	94.6209	151.2241	238.2272	369.6684	564.6192	848.0951	1251.5440
884	21.3681	35.5480	58.3784	94.5995	151.1848	238.1561	369.5416	564.3967	847.7112	1250.8931
885	21.3649	35.5419	58.3669	94.5780	151.1455	238.0850	369.4148	564.1743	847.3274	1250.2427
886	21.3618	35.5358	58.3554	94.5566	151.1062	238.0138	369.2880	563.9519	846.9438	1249.5925
887	21.3586	35.5297	58.3439	94.5352	151.0669	237.9427	369.1613	563.7296	846.5604	1248.9427
888	21.3554	35.5236	58.3324	94.5138	151.0276	237.8717	369.0346	563.5075	846.1771	1248.2932
889	21.3522	35.5175	58.3209	94.4924	150.9883	237.8006	368.9080	563.2854	845.7941	1247.6441
890	21.3490	35.5114	58.3094	94.4710	150.9491	237.7296	368.7814	563.0634	845.4112	1246.9953
891	21.3458	35.5053	58.2979	94.4496	150.9098	237.6586	368.6549	562.8414	845.0284	1246.3468
892	21.3426	35.4992	58.2864	94.4283	150.8706	237.5876	368.5284	562.6196	844.6459	1245.6987
893	21.3394	35.4931	58.2749	94.4069	150.8313	237.5166	368.4020	562.3979	844.2635	1245.0509
894	21.3362	35.4871	58.2634	94.3855	150.7921	237.4457	368.2756	562.1762	843.8813	1244.4035
895	21.3331	35.4810	58.2520	94.3641	150.7529	237.3747	368.1492	561.9547	843.4992	1243.7564
896	21.3299	35.4749	58.2405	94.3428	150.7137	237.3038	368.0229	561.7332	843.1174	1243.1096
897	21.3267	35.4688	58.2290	94.3214	150.6745	237.2329	367.8966	561.5118	842.7357	1242.4632
898	21.3235	35.4627	58.2175	94.3001	150.6353	237.1621	367.7704	561.2905	842.3542	1241.8171
899	21.3203	35.4566	58.2060	94.2787	150.5962	237.0912	367.6442	561.0693	841.9728	1241.1713
900	21.3171	35.4505	58.1946	94.2574	150.5570	237.0204	367.5181	560.8481	841.5916	1240.5259
901	21.3139	35.4445	58.1831	94.2360	150.5179	236.9496	367.3920	560.6271	841.2106	1239.8808
902	21.3108	35.4384	58.1716	94.2147	150.4787	236.8788	367.2659	560.4061	840.8298	1239.2360
903	21.3076	35.4323	58.1602	94.1934	150.4396	236.8081	367.1399	560.1853	840.4491	1238.5916
904	21.3044	35.4262	58.1487	94.1721	150.4005	236.7374	367.0139	559.9645	840.0687	1237.9475
905	21.3012	35.4201	58.1372	94.1507	150.3614	236.6666	366.8880	559.7438	839.6883	1237.3038
906	21.2980	35.4141	58.1258	94.1294	150.3223	236.5959	366.7621	559.5232	839.3082	1236.6603
907	21.2948	35.4080	58.1143	94.1081	150.2832	236.5253	366.6363	559.3026	838.9282	1236.0173
908	21.2917	35.4019	58.1029	94.0868	150.2441	236.4546	366.5105	559.0822	838.5484	1235.3745
909	21.2885	35.3958	58.0914	94.0655	150.2050	236.3840	366.3847	558.8619	838.1688	1234.7321
910	21.2853	35.3898	58.0800	94.0442	150.1660	236.3134	366.2590	558.6416	837.7894	1234.0900
911	21.2821	35.3837	58.0685	94.0229	150.1269	236.2428	366.1333	558.4214	837.4101	1233.4483
912	21.2789	35.3776	58.0571	94.0016	150.0879	236.1722	366.0077	558.2013	837.0310	1232.8069
913	21.2758	35.3716	58.0457	93.9804	150.0488	236.1017	365.8821	557.9813	836.6520	1232.1658
914	21.2726	35.3655	58.0342	93.9591	150.0098	236.0312	365.7566	557.7614	836.2733	1231.5250
915	21.2694	35.3594	58.0228	93.9378	149.9708	235.9607	365.6311	557.5416	835.8947	1230.8846
916	21.2662	35.3533	58.0113	93.9166	149.9318	235.8902	365.5056	557.3219	835.5163	1230.2445
917	21.2631	35.3473	57.9999	93.8953	149.8928	235.8197	365.3802	557.1022	835.1380	1229.6048
918	21.2599	35.3412	57.9885	93.8740	149.8538	235.7493	365.2549	556.8826	834.7599	1228.9654
919	21.2567	35.3352	57.9770	93.8528	149.8149	235.6789	365.1295	556.6632	834.3820	1228.3263
920	21.2535	35.3291	57.9656	93.8315	149.7759	235.6085	365.0043	556.4438	834.0043	1227.6875
921	21.2504	35.3230	57.9542	93.8103	149.7370	235.5381	364.8790	556.2245	833.6267	1227.0491
922	21.2472	35.3170	57.9428	93.7891	149.6980	235.4677	364.7538	556.0052	833.2493	1226.4110
923	21.2440	35.3109	57.9314	93.7678	149.6591	235.3974	364.6287	555.7861	832.8721	1225.7733
924	21.2408	35.3049	57.9199	93.7466	149.6202	235.3271	364.5036	555.5671	832.4950	1225.1359
925	21.2377	35.2988	57.9085	93.7254	149.5813	235.2568	364.3785	555.3481	832.1182	1224.4988
926	21.2345	35.2927	57.8971	93.7042	149.5424	235.1865	364.2535	555.1292	831.7414	1223.8620
927	21.2313	35.2867	57.8857	93.6829	149.5035	235.1163	364.1285	554.9104	831.3649	1223.2256
928	21.2282	35.2806	57.8743	93.6617	149.4646	235.0460	364.0036	554.6917	830.9885	1222.5895
929	21.2250	35.2746	57.8629	93.6405	149.4257	234.9758	363.8787	554.4731	830.6123	1221.9537
930	21.2218	35.2685	57.8515	93.6193	149.3869	234.9056	363.7538	554.2546	830.2363	1221.3183
931	21.2186	35.2625	57.8401	93.5981	149.3480	234.8355	363.6290	554.0361	829.8604	1220.6832
932	21.2155	35.2564	57.8287	93.5769	149.3092	234.7653	363.5042	553.8178	829.4847	1220.0484
933	21.2123	35.2504	57.8173	93.5558	149.2704	234.6952	363.3795	553.5995	829.1092	1219.4140
934	21.2091	35.2443	57.8059	93.5346	149.2316	234.6251	363.2548	553.3813	828.7339	1218.7798
935	21.2060	35.2383	57.7945	93.5134	149.1928	234.5550	363.1302	553.1632	828.3587	1218.1461
936	21.2028	35.2322	57.7831	93.4922	149.1540	234.4849	363.0056	552.9452	827.9837	1217.5126
937	21.1996	35.2262	57.7717	93.4711	149.1152	234.4149	362.8810	552.7273	827.6088	1216.8795
938	21.1965	35.2201	57.7603	93.4499	149.0764	234.3449	362.7565	552.5094	827.2342	1216.2467
939	21.1933	35.2141	57.7489	93.4288	149.0376	234.2749	362.6321	552.2917	826.8597	1215.6142
940	21.1901	35.2081	57.7376	93.4076	148.9989	234.2049	362.5076	552.0740	826.4853	1214.9821
941	21.1870	35.2020	57.7262	93.3865	148.9601	234.1349	362.3833	551.8564	826.1112	1214.3503
942	21.1838	35.1960	57.7148	93.3653	148.9214	234.0650	362.2589	551.6389	825.7372	1213.7188
943	21.1806	35.1899	57.7034	93.3442	148.8827	233.9951	362.1346	551.4215	825.3633	1213.0876
944	21.1775	35.1839	57.6921	93.3231	148.8440	233.9252	362.0104	551.2042	824.9897	1212.4568
945	21.1743	35.1779	57.6807	93.3019	148.8052	233.8553	361.8862	550.9869	824.6162	1211.8263
946	21.1712	35.1718	57.6693	93.2808	148.7665	233.7855	361.7620	550.7698	824.2429	1211.1961
947	21.1680	35.1658	57.6580	93.2597	148.7279	233.7156	361.6379	550.5527	823.8697	1210.5663
948	21.1648	35.1598	57.6466	93.2386	148.6892	233.6458	361.5138	550.3357	823.4968	1209.9368
949	21.1617	35.1537	57.6352	93.2175	148.6505	233.5760	361.3897	550.1188	823.1240	1209.3076
950	21.1585	35.1477	57.6239	93.1964	148.6119	233.5063	361.2657	549.9020	822.7513	1208.6787
951	21.1553	35.1417	57.6125	93.1753	148.5732	233.4365	361.1418	549.6853	822.3788	1208.0502
952	21.1522	35.1356	57.6012	93.1542	148.5346	233.3668	361.0179	549.4686	822.0065	1207.4220
953	21.1490	35.1296	57.5898	93.1331	148.4960	233.2971	360.8940	549.2521	821.6344	1206.7941
954	21.1459	35.1236	57.5785	93.1120	148.4573	233.2274	360.7702	549.0356	821.2624	1206.1666
955	21.1427	35.1176	57.5671	93.0909	148.4187	233.1577	360.6464	548.8192	820.8906	1205.5393
956	21.1396	35.1115	57.5558	93.0698	148.3801	233.0881	360.5227	548.6029	820.5190	1204.9124
957	21.1364	35.1055	57.5444	93.0488	148.3416	233.0185	360.3990	548.3867	820.1475	1204.2859
958	21.1332	35.0995	57.5331	93.0277	148.3030	232.9488	360.2753	548.1706	819.7762	1203.6596
959	21.1301	35.0935	57.5218	93.0067	148.2644	232.8793	360.1517	547.9545	819.4051	1203.0337
960	21.1269	35.0874	57.5104	92.9856	148.2259	232.8097	360.0281	547.7385	819.0342	1202.4081
961	21.1238	35.0814	57.4991	92.9645	148.1873	232.7402	359.9046	547.5227	818.6634	1201.7828
962	21.1206	35.0754	57.4877	92.9435	148.1488	232.6706	359.7811	547.3069	818.2928	1201.1579
963	21.1175	35.0694	57.4764	92.9225	148.1103	232.6011	359.6576	547.0912	817.9223	1200.5332
964	21.1143	35.0634	57.4651	92.9014	148.0717	232.5317	359.5342	546.8756	817.5520	1199.9089
965	21.1112	35.0574	57.4538	92.8804	148.0332	232.4622	359.4109	546.6600	817.1819	1199.2850
966	21.1080	35.0513	57.4424	92.8594	147.9947	232.3928	359.2876	546.4446	816.8119	1198.6613
967	21.1048	35.0453	57.4311	92.8383	147.9563	232.3234	359.1643	546.2292	816.4422	1198.0380
968	21.1017	35.0393	57.4198	92.8173	147.9178	232.2540	359.0411	546.0139	816.0725	1197.4150
969	21.0985	35.0333	57.4085	92.7963	147.8793	232.1846	358.9179	545.7987	815.7031	1196.7923
970	21.0954	35.0273	57.3972	92.7753	147.8409	232.1152	358.7947	545.5836	815.3338	1196.1700
971	21.0922	35.0213	57.3859	92.7543	147.8024	232.0459	358.6716	545.3686	814.9647	1195.5479
972	21.0891	35.0153	57.3746	92.7333	147.7640	231.9766	358.5485	545.1536	814.5958	1194.9262
973	21.0859	35.0093	57.3632	92.7123	147.7256	231.9073	358.4255	544.9388	814.2270	1194.3049
974	21.0828	35.0033	57.3519	92.6913	147.6871	231.8380	358.3025	544.7240	813.8584	1193.6838
975	21.0796	34.9973	57.3406	92.6703	147.6487	231.7688	358.1796	544.5093	813.4899	1193.0631
976	21.0765	34.9912	57.3293	92.6494	147.6103	231.6995	358.0567	544.2947	813.1216	1192.4427
977	21.0733	34.9852	57.3180	92.6284	147.5720	231.6303	357.9338	544.0802	812.7535	1191.8226
978	21.0702	34.9792	57.3067	92.6074	147.5336	231.5611	357.8110	543.8658	812.3856	1191.2028
979	21.0670	34.9732	57.2954	92.5865	147.4952	231.4920	357.6883	543.6514	812.0178	1190.5834
980	21.0639	34.9672	57.2842	92.5655	147.4569	231.4228	357.5655	543.4371	811.6502	1189.9642
981	21.0608	34.9612	57.2729	92.5445	147.4185	231.3537	357.4429	543.2230	811.2827	1189.3454
982	21.0576	34.9552	57.2616	92.5236	147.3802	231.2846	357.3202	543.0089	810.9155	1188.7269
983	21.0545	34.9492	57.2503	92.5026	147.3419	231.2155	357.1976	542.7949	810.5483	1188.1088
984	21.0513	34.9432	57.2390	92.4817	147.3035	231.1464	357.0751	542.5809	810.1814	1187.4910
985	21.0482	34.9373	57.2277	92.4608	147.2652	231.0774	356.9525	542.3671	809.8146	1186.8734
986	21.0450	34.9313	57.2164	92.4398	147.2269	231.0084	356.8301	542.1533	809.4480	1186.2562
987	21.0419	34.9253	57.2052	92.4189	147.1887	230.9394	356.7076	541.9396	809.0815	1185.6394
988	21.0387	34.9193	57.1939	92.3980	147.1504	230.8704	356.5852	541.7261	808.7153	1185.0228
989	21.0356	34.9133	57.1826	92.3771	147.1121	230.8014	356.4629	541.5125	808.3491	1184.4066
990	21.0325	34.9073	57.1714	92.3562	147.0739	230.7325	356.3406	541.2991	807.9832	1183.7907
991	21.0293	34.9013	57.1601	92.3352	147.0356	230.6636	356.2183	541.0858	807.6174	1183.1751
992	21.0262	34.8953	57.1488	92.3143	146.9974	230.5947	356.0961	540.8725	807.2518	1182.5598
993	21.0230	34.8893	57.1376	92.2934	146.9592	230.5258	355.9739	540.6594	806.8863	1181.9449
994	21.0199	34.8833	57.1263	92.2726	146.9209	230.4569	355.8518	540.4463	806.5210	1181.3302
995	21.0168	34.8774	57.1150	92.2517	146.8827	230.3881	355.7297	540.2333	806.1559	1180.7159
996	21.0136	34.8714	57.1038	92.2308	146.8445	230.3193	355.6076	540.0203	805.7909	1180.1019
997	21.0105	34.8654	57.0925	92.2099	146.8064	230.2505	355.4856	539.8075	805.4262	1179.4883
998	21.0073	34.8594	57.0813	92.1890	146.7682	230.1817	355.3636	539.5948	805.0615	1178.8749
999	21.0042	34.8534	57.0700	92.1682	146.7300	230.1129	355.2417	539.3821	804.6971	1178.2619
