#massloading(kg/sq-m)	area(sqkm)	max_dist(m)	Md
397.8369	1.0000	167.1	13393053235859209799209590639504113109324628743271645689102799781409443567162604238663219430310967213539985424066147409838372033767426141434024285107472756977368718630950943168177066521439411344721087702202398106310448840011179630788608.0000
155.6305	2.0000	1558.2	0.5754
124.8661	3.0000	2398.7	0.6631
107.2077	4.0000	2398.7	0.6631
94.8203	5.0000	2971.2	0.5865
92.8327	6.0000	3762.2	0.7338
69.1566	7.0000	5153.1	0.7599
64.4933	8.0000	5153.1	0.7599
60.2420	9.0000	5153.1	0.7599
59.6886	10.0000	5153.1	0.7599
53.2921	11.0000	6553.9	0.7895
51.8270	12.0000	6553.9	0.7895
50.7022	13.0000	6553.9	0.7895
43.2222	14.0000	7367.5	0.9253
42.9192	15.0000	7959.5	0.8341
42.6017	16.0000	7959.5	0.8341
42.3993	17.0000	7959.5	0.8341
41.6590	18.0000	7959.5	0.8341
38.3607	19.0000	7959.5	0.8341
37.8178	20.0000	7959.5	0.8341
35.9705	21.0000	8756.7	0.9831
35.4993	22.0000	9367.7	0.8888
35.3577	23.0000	9367.7	0.8888
31.7550	24.0000	9367.7	0.8888
31.7163	25.0000	9367.7	0.8888
31.5709	26.0000	9367.7	0.8888
31.4018	27.0000	9367.7	0.8888
30.6372	28.0000	10041.3	0.7736
30.0000	29.0000	10152.8	1.0445
29.9794	30.0000	10777.5	0.9366
29.0537	31.0000	10777.5	0.9366
28.8921	32.0000	10777.5	0.9366
26.8787	33.0000	11455.5	0.8302
26.8533	34.0000	11455.5	0.8302
25.6953	35.0000	11455.5	0.8302
25.5039	36.0000	12188.3	0.9984
25.4376	37.0000	12188.3	0.9984
24.9958	38.0000	12188.3	0.9984
24.8322	39.0000	12188.3	0.9984
23.7571	40.0000	12869.7	0.8912
22.9807	41.0000	12869.7	0.8912
22.1983	42.0000	12869.7	0.8912
22.0205	43.0000	13599.8	1.0486
21.5587	44.0000	13599.8	1.0486
21.1951	45.0000	13599.8	1.0486
21.0555	46.0000	14283.8	0.9579
20.0743	47.0000	14283.8	0.9579
20.0664	48.0000	14283.8	0.9579
19.8132	49.0000	14283.8	0.9579
19.4994	50.0000	15003.4	0.8728
19.3914	51.0000	15003.4	0.8728
19.3789	52.0000	15003.4	0.8728
19.0182	53.0000	15003.4	0.8728
18.9715	54.0000	15011.8	1.1134
18.6914	55.0000	15698.0	1.0212
18.6874	56.0000	15698.0	1.0212
18.3296	57.0000	15698.0	1.0212
18.3219	58.0000	15698.0	1.0212
17.8432	59.0000	16416.5	0.9467
17.7723	60.0000	16416.5	0.9467
17.1143	61.0000	16416.5	0.9467
17.0358	62.0000	16416.5	0.9467
16.7978	63.0000	17163.2	0.8832
16.5599	64.0000	17163.2	0.8832
16.4408	65.0000	17163.2	0.8832
16.4156	66.0000	17163.2	0.8832
16.4052	67.0000	17163.2	0.8832
16.2695	68.0000	17163.2	0.8832
16.2324	69.0000	17829.8	1.0175
16.1594	70.0000	17829.8	1.0175
16.0653	71.0000	17829.8	1.0175
16.0221	72.0000	17829.8	1.0175
15.9555	73.0000	17829.8	1.0175
15.6751	74.0000	18573.5	0.9579
15.6685	75.0000	18573.5	0.9579
15.6221	76.0000	18573.5	0.9579
15.3012	77.0000	18573.5	0.9579
15.0177	78.0000	19340.4	0.9129
14.7236	79.0000	19340.4	0.9129
14.6831	80.0000	19340.4	0.9129
14.6821	81.0000	19340.4	0.9129
14.6251	82.0000	19340.4	0.9129
14.6217	83.0000	19340.4	0.9129
14.5407	84.0000	19340.4	0.9129
14.5187	85.0000	19984.4	1.0379
14.4997	86.0000	19984.4	1.0379
14.3215	87.0000	20127.7	0.8806
14.3195	88.0000	20127.7	0.8806
14.2256	89.0000	20747.3	0.9951
14.2085	90.0000	20747.3	0.9951
13.9385	91.0000	20747.3	0.9951
13.9243	92.0000	20747.3	0.9951
13.8502	93.0000	21529.6	0.9639
13.6152	94.0000	21529.6	0.9639
13.5837	95.0000	21529.6	0.9639
13.4109	96.0000	22329.3	0.9424
13.3270	97.0000	22329.3	0.9424
13.3188	98.0000	22329.3	0.9424
13.3049	99.0000	22329.3	0.9424
13.3025	100.0000	22329.3	0.9424
13.2122	101.0000	22933.0	1.0443
13.2101	102.0000	22933.0	1.0443
13.1576	103.0000	22933.0	1.0443
13.0197	104.0000	23727.6	1.0217
12.9175	105.0000	23727.6	1.0217
12.9042	106.0000	23727.6	1.0217
12.8908	107.0000	23727.6	1.0217
12.8569	108.0000	23727.6	1.0217
12.7838	109.0000	23727.6	1.0217
12.7571	110.0000	24537.2	1.0075
12.6142	111.0000	24537.2	1.0075
12.5913	112.0000	24537.2	1.0075
12.4715	113.0000	25127.6	1.0972
12.4507	114.0000	25127.6	1.0972
12.4172	115.0000	25360.3	0.9990
12.4049	116.0000	25932.1	1.0796
12.3849	117.0000	25932.1	1.0796
12.3423	118.0000	25932.1	1.0796
12.3224	119.0000	25932.1	1.0796
12.2480	120.0000	26749.7	1.0672
12.1618	121.0000	26749.7	1.0672
12.1383	122.0000	26749.7	1.0672
12.1294	123.0000	26749.7	1.0672
12.1245	124.0000	26749.7	1.0672
11.9970	125.0000	26749.7	1.0672
11.9958	126.0000	26749.7	1.0672
11.9844	127.0000	27579.3	1.0582
11.8927	128.0000	27579.3	1.0582
11.8923	129.0000	28141.5	1.1297
11.8197	130.0000	28141.5	1.1297
11.7986	131.0000	28141.5	1.1297
11.7916	132.0000	28141.5	1.1297
11.7900	133.0000	28965.8	1.1176
11.7432	134.0000	28965.8	1.1176
11.6807	135.0000	28965.8	1.1176
11.6215	136.0000	28965.8	1.1176
11.6015	137.0000	28965.8	1.1176
11.5713	138.0000	29800.9	1.1091
11.4852	139.0000	29800.9	1.1091
11.4299	140.0000	30354.9	1.1757
11.4206	141.0000	30354.9	1.1757
11.4121	142.0000	30354.9	1.1757
11.3934	143.0000	30354.9	1.1757
11.3933	144.0000	31184.8	1.1713
11.3925	145.0000	31184.8	1.1713
11.3525	146.0000	31184.8	1.1713
11.3268	147.0000	31184.8	1.1713
11.2512	148.0000	31184.8	1.1713
11.2450	149.0000	32024.5	1.1706
11.2403	150.0000	32024.5	1.1706
11.2098	151.0000	32024.5	1.1706
11.1674	152.0000	32024.5	1.1706
11.1488	153.0000	32024.5	1.1706
11.0675	154.0000	32024.5	1.1706
11.0267	155.0000	33406.1	1.2468
11.0158	156.0000	33406.1	1.2468
11.0115	157.0000	33406.1	1.2468
11.0082	158.0000	33406.1	1.2468
10.9996	159.0000	33406.1	1.2468
10.9648	160.0000	33406.1	1.2468
10.9605	161.0000	33406.1	1.2468
10.9371	162.0000	33406.1	1.2468
10.8934	163.0000	33406.1	1.2468
10.8042	164.0000	33406.1	1.2468
10.8015	165.0000	34249.7	1.2392
10.7893	166.0000	34249.7	1.2392
10.7768	167.0000	34249.7	1.2392
10.6923	168.0000	34249.7	1.2392
10.6881	169.0000	34249.7	1.2392
10.6528	170.0000	34249.7	1.2392
10.6367	171.0000	34249.7	1.2392
10.6156	172.0000	34249.7	1.2392
10.5988	173.0000	34249.7	1.2392
10.5662	174.0000	34249.7	1.2392
10.5386	175.0000	34790.3	1.2990
10.5374	176.0000	34790.3	1.2990
10.5120	177.0000	34790.3	1.2990
10.5074	178.0000	35629.2	1.3174
10.4957	179.0000	35629.2	1.3174
10.4939	180.0000	35629.2	1.3174
10.4646	181.0000	35629.2	1.3174
10.4520	182.0000	35629.2	1.3174
10.4436	183.0000	35629.2	1.3174
10.3839	184.0000	35629.2	1.3174
10.3444	185.0000	36476.2	1.3341
10.3246	186.0000	36476.2	1.3341
10.2956	187.0000	36476.2	1.3341
10.2227	188.0000	36476.2	1.3341
10.2003	189.0000	36476.2	1.3341
10.1636	190.0000	36476.2	1.3341
10.1496	191.0000	36476.2	1.3341
10.1041	192.0000	37011.4	1.4173
10.0772	193.0000	37853.9	1.4442
10.0687	194.0000	37853.9	1.4442
10.0487	195.0000	37853.9	1.4442
10.0374	196.0000	37853.9	1.4442
10.0107	197.0000	37853.9	1.4442
10.0087	198.0000	37853.9	1.4442
9.9916	199.0000	37853.9	1.4442
9.9754	200.0000	37853.9	1.4442
9.9482	201.0000	37853.9	1.4442
9.9165	202.0000	37853.9	1.4442
9.9143	203.0000	37853.9	1.4442
9.8914	204.0000	37853.9	1.4442
9.8830	205.0000	38703.9	1.4547
9.8543	206.0000	38703.9	1.4547
9.8266	207.0000	38703.9	1.4547
9.8076	208.0000	38703.9	1.4547
9.7713	209.0000	38703.9	1.4547
9.7567	210.0000	38703.9	1.4547
9.7229	211.0000	38703.9	1.4547
9.7047	212.0000	38703.9	1.4547
9.6800	213.0000	38703.9	1.4547
9.6535	214.0000	38703.9	1.4547
9.6334	215.0000	38703.9	1.4547
9.6253	216.0000	39560.9	1.4820
9.6234	217.0000	39560.9	1.4820
9.5984	218.0000	39560.9	1.4820
9.5745	219.0000	40079.8	1.5638
9.5321	220.0000	40079.8	1.5638
9.5094	221.0000	40079.8	1.5638
9.4655	222.0000	40079.8	1.5638
9.3460	223.0000	40079.8	1.5638
9.3210	224.0000	40424.5	1.5167
9.3059	225.0000	40424.5	1.5167
9.3056	226.0000	40424.5	1.5167
9.2989	227.0000	40424.5	1.5167
9.2856	228.0000	40424.5	1.5167
9.2834	229.0000	40424.5	1.5167
9.2751	230.0000	40424.5	1.5167
9.2737	231.0000	40424.5	1.5167
9.2433	232.0000	40932.4	1.5374
9.2199	233.0000	40932.4	1.5374
9.2002	234.0000	40932.4	1.5374
9.1834	235.0000	40932.4	1.5374
9.1474	236.0000	40932.4	1.5374
9.1253	237.0000	40932.4	1.5374
9.0930	238.0000	41458.3	1.6136
9.0810	239.0000	41458.3	1.6136
9.0582	240.0000	42306.8	1.6732
9.0477	241.0000	42306.8	1.6732
9.0408	242.0000	42306.8	1.6732
9.0324	243.0000	42306.8	1.6732
9.0099	244.0000	42306.8	1.6732
8.9761	245.0000	42306.8	1.6732
8.9739	246.0000	42306.8	1.6732
8.9341	247.0000	42306.8	1.6732
8.8848	248.0000	42306.8	1.6732
8.8661	249.0000	42306.8	1.6732
8.8362	250.0000	42306.8	1.6732
8.8257	251.0000	42306.8	1.6732
8.8161	252.0000	42306.8	1.6732
8.8022	253.0000	43161.8	1.6617
8.7930	254.0000	43161.8	1.6617
8.7775	255.0000	43161.8	1.6617
8.7415	256.0000	43161.8	1.6617
8.7003	257.0000	43161.8	1.6617
8.6971	258.0000	43161.8	1.6617
8.6712	259.0000	43161.8	1.6617
8.6587	260.0000	43161.8	1.6617
8.6558	261.0000	43161.8	1.6617
8.6243	262.0000	43161.8	1.6617
8.5985	263.0000	43161.8	1.6617
8.5950	264.0000	43683.7	1.7141
8.5922	265.0000	43683.7	1.7141
8.5474	266.0000	43683.7	1.7141
8.5312	267.0000	43683.7	1.7141
8.5280	268.0000	43683.7	1.7141
8.5257	269.0000	43683.7	1.7141
8.4580	270.0000	44534.7	1.7240
8.4383	271.0000	44534.7	1.7240
8.4074	272.0000	44534.7	1.7240
8.3582	273.0000	44534.7	1.7240
8.3389	274.0000	44534.7	1.7240
8.3326	275.0000	44534.7	1.7240
8.3081	276.0000	44534.7	1.7240
8.3003	277.0000	44534.7	1.7240
8.2875	278.0000	44534.7	1.7240
8.2754	279.0000	44534.7	1.7240
8.2314	280.0000	44534.7	1.7240
8.1919	281.0000	44534.7	1.7240
8.1852	282.0000	44534.7	1.7240
8.1579	283.0000	44534.7	1.7240
8.1540	284.0000	44534.7	1.7240
8.1236	285.0000	44534.7	1.7240
8.1227	286.0000	44534.7	1.7240
8.1154	287.0000	45391.8	1.7097
8.0865	288.0000	45910.1	1.7819
8.0734	289.0000	45910.1	1.7819
8.0679	290.0000	45910.1	1.7819
8.0460	291.0000	45910.1	1.7819
8.0253	292.0000	45910.1	1.7819
8.0202	293.0000	45910.1	1.7819
8.0089	294.0000	45910.1	1.7819
7.9958	295.0000	45910.1	1.7819
7.9763	296.0000	45910.1	1.7819
7.9664	297.0000	45910.1	1.7819
7.9635	298.0000	45910.1	1.7819
7.9481	299.0000	45910.1	1.7819
7.9371	300.0000	45910.1	1.7819
7.9323	301.0000	45910.1	1.7819
7.9311	302.0000	45910.1	1.7819
7.9261	303.0000	45910.1	1.7819
7.9016	304.0000	45910.1	1.7819
7.8930	305.0000	46763.4	1.7793
7.8780	306.0000	46763.4	1.7793
7.8684	307.0000	46763.4	1.7793
7.8589	308.0000	46763.4	1.7793
7.7982	309.0000	46763.4	1.7793
7.7874	310.0000	46763.4	1.7793
7.7654	311.0000	46763.4	1.7793
7.7237	312.0000	46763.4	1.7793
7.6607	313.0000	47287.8	1.8487
7.6364	314.0000	47287.8	1.8487
7.6207	315.0000	47287.8	1.8487
7.6111	316.0000	47287.8	1.8487
7.6096	317.0000	47622.3	1.7821
7.5934	318.0000	48137.4	1.8448
7.5930	319.0000	48137.4	1.8448
7.5928	320.0000	48137.4	1.8448
7.5827	321.0000	48137.4	1.8448
7.5195	322.0000	48137.4	1.8448
7.5124	323.0000	48137.4	1.8448
7.4913	324.0000	48137.4	1.8448
7.4838	325.0000	48137.4	1.8448
7.4624	326.0000	48137.4	1.8448
7.4616	327.0000	48137.4	1.8448
7.4446	328.0000	48137.4	1.8448
7.3987	329.0000	48137.4	1.8448
7.3708	330.0000	48992.7	1.8330
7.3547	331.0000	48992.7	1.8330
7.3333	332.0000	48992.7	1.8330
7.3131	333.0000	48992.7	1.8330
7.2934	334.0000	48992.7	1.8330
7.2908	335.0000	48992.7	1.8330
7.2842	336.0000	48992.7	1.8330
7.2618	337.0000	48992.7	1.8330
7.2418	338.0000	48992.7	1.8330
7.2342	339.0000	48992.7	1.8330
7.2188	340.0000	49513.8	1.8838
7.2185	341.0000	49513.8	1.8838
7.1836	342.0000	49513.8	1.8838
7.1698	343.0000	49513.8	1.8838
7.1614	344.0000	49853.4	1.8473
7.1291	345.0000	49853.4	1.8473
7.1247	346.0000	49853.4	1.8473
7.1080	347.0000	49853.4	1.8473
7.1078	348.0000	49853.4	1.8473
7.1068	349.0000	50365.5	1.8862
7.1015	350.0000	50365.5	1.8862
7.0770	351.0000	50365.5	1.8862
6.9844	352.0000	50365.5	1.8862
6.9759	353.0000	50365.5	1.8862
6.9617	354.0000	50365.5	1.8862
6.9534	355.0000	50365.5	1.8862
6.9491	356.0000	50365.5	1.8862
6.9336	357.0000	51222.7	1.8921
6.9144	358.0000	51222.7	1.8921
6.9076	359.0000	51222.7	1.8921
6.9074	360.0000	51222.7	1.8921
6.8750	361.0000	51222.7	1.8921
6.8638	362.0000	51222.7	1.8921
6.8481	363.0000	51222.7	1.8921
6.8333	364.0000	51222.7	1.8921
6.8218	365.0000	51222.7	1.8921
6.8162	366.0000	51222.7	1.8921
6.8162	367.0000	51222.7	1.8921
6.8157	368.0000	51222.7	1.8921
6.7880	369.0000	51222.7	1.8921
6.7860	370.0000	51222.7	1.8921
6.7811	371.0000	51222.7	1.8921
6.7717	372.0000	51740.6	1.9179
6.7485	373.0000	51740.6	1.9179
6.7455	374.0000	51740.6	1.9179
6.7371	375.0000	51740.6	1.9179
6.7291	376.0000	51740.6	1.9179
6.7089	377.0000	51740.6	1.9179
6.6983	378.0000	51740.6	1.9179
6.6682	379.0000	51740.6	1.9179
6.6434	380.0000	51740.6	1.9179
6.6389	381.0000	51740.6	1.9179
6.6260	382.0000	52594.3	1.9158
6.6199	383.0000	52594.3	1.9158
6.5997	384.0000	52594.3	1.9158
6.5873	385.0000	52594.3	1.9158
6.5546	386.0000	52594.3	1.9158
6.5513	387.0000	52594.3	1.9158
6.5059	388.0000	52594.3	1.9158
6.4975	389.0000	52594.3	1.9158
6.4849	390.0000	52594.3	1.9158
6.4669	391.0000	52594.3	1.9158
6.4512	392.0000	52594.3	1.9158
6.4486	393.0000	53117.7	1.9492
6.4446	394.0000	53117.7	1.9492
6.4293	395.0000	53117.7	1.9492
6.4120	396.0000	53117.7	1.9492
6.4074	397.0000	53453.1	1.9147
6.4045	398.0000	53453.1	1.9147
6.4010	399.0000	53453.1	1.9147
6.3885	400.0000	53453.1	1.9147
6.3813	401.0000	53453.1	1.9147
6.3698	402.0000	53453.1	1.9147
6.3560	403.0000	53453.1	1.9147
6.3503	404.0000	53968.1	1.9480
6.3421	405.0000	53968.1	1.9480
6.3101	406.0000	53968.1	1.9480
6.2896	407.0000	53968.1	1.9480
6.2807	408.0000	53968.1	1.9480
6.2552	409.0000	53968.1	1.9480
6.2518	410.0000	53968.1	1.9480
6.2475	411.0000	53968.1	1.9480
6.2344	412.0000	53968.1	1.9480
6.2297	413.0000	53968.1	1.9480
6.1957	414.0000	53968.1	1.9480
6.1874	415.0000	54823.7	1.9479
6.1496	416.0000	54823.7	1.9479
6.1278	417.0000	54823.7	1.9479
6.1220	418.0000	54823.7	1.9479
6.1153	419.0000	54823.7	1.9479
6.0865	420.0000	54823.7	1.9479
6.0840	421.0000	54823.7	1.9479
6.0798	422.0000	54823.7	1.9479
6.0652	423.0000	54823.7	1.9479
6.0515	424.0000	54823.7	1.9479
6.0479	425.0000	54823.7	1.9479
6.0475	426.0000	54823.7	1.9479
6.0362	427.0000	55344.0	1.9741
5.9976	428.0000	55344.0	1.9741
5.9957	429.0000	55344.0	1.9741
5.9807	430.0000	55344.0	1.9741
5.9629	431.0000	55344.0	1.9741
5.9576	432.0000	55684.0	1.9471
5.9344	433.0000	56196.4	1.9739
5.9228	434.0000	56196.4	1.9739
5.9155	435.0000	56196.4	1.9739
5.9089	436.0000	56196.4	1.9739
5.8698	437.0000	56196.4	1.9739
5.8605	438.0000	56196.4	1.9739
5.8444	439.0000	56196.4	1.9739
5.8401	440.0000	56196.4	1.9739
5.8367	441.0000	56196.4	1.9739
5.8339	442.0000	56196.4	1.9739
5.7919	443.0000	56196.4	1.9739
5.7819	444.0000	56196.4	1.9739
5.7773	445.0000	56196.4	1.9739
5.7609	446.0000	57053.6	1.9730
5.7457	447.0000	57053.6	1.9730
5.7125	448.0000	57053.6	1.9730
5.7044	449.0000	57053.6	1.9730
5.7009	450.0000	57053.6	1.9730
5.6971	451.0000	57053.6	1.9730
5.6857	452.0000	57053.6	1.9730
5.6640	453.0000	57053.6	1.9730
5.6473	454.0000	57571.1	1.9951
5.6467	455.0000	57571.1	1.9951
5.6432	456.0000	57571.1	1.9951
5.6263	457.0000	57571.1	1.9951
5.6229	458.0000	57571.1	1.9951
5.6217	459.0000	57571.1	1.9951
5.6048	460.0000	57571.1	1.9951
5.6031	461.0000	57571.1	1.9951
5.5987	462.0000	57571.1	1.9951
5.5947	463.0000	57571.1	1.9951
5.5831	464.0000	57571.1	1.9951
5.5678	465.0000	57571.1	1.9951
5.5628	466.0000	57571.1	1.9951
5.5627	467.0000	57571.1	1.9951
5.5338	468.0000	57915.3	1.9681
5.5265	469.0000	58425.2	1.9941
5.5153	470.0000	58425.2	1.9941
5.4995	471.0000	58425.2	1.9941
5.4930	472.0000	58425.2	1.9941
5.4925	473.0000	58425.2	1.9941
5.4856	474.0000	58425.2	1.9941
5.4709	475.0000	58425.2	1.9941
5.4624	476.0000	58425.2	1.9941
5.4194	477.0000	58425.2	1.9941
5.4173	478.0000	58425.2	1.9941
5.4159	479.0000	58425.2	1.9941
5.4031	480.0000	58425.2	1.9941
5.3906	481.0000	58425.2	1.9941
5.3851	482.0000	58425.2	1.9941
5.3660	483.0000	59283.9	1.9950
5.3583	484.0000	59283.9	1.9950
5.3580	485.0000	59283.9	1.9950
5.3462	486.0000	59283.9	1.9950
5.3321	487.0000	59283.9	1.9950
5.3295	488.0000	59283.9	1.9950
5.3160	489.0000	59283.9	1.9950
5.3118	490.0000	59283.9	1.9950
5.3030	491.0000	59283.9	1.9950
5.2987	492.0000	59283.9	1.9950
5.2797	493.0000	59283.9	1.9950
5.2740	494.0000	59283.9	1.9950
5.2738	495.0000	59798.9	2.0130
5.2653	496.0000	59798.9	2.0130
5.2597	497.0000	59798.9	2.0130
5.2540	498.0000	59798.9	2.0130
5.2235	499.0000	59798.9	2.0130
5.2034	500.0000	59798.9	2.0130
5.2001	501.0000	59798.9	2.0130
5.1885	502.0000	59798.9	2.0130
5.1797	503.0000	59798.9	2.0130
5.1630	504.0000	59798.9	2.0130
5.1621	505.0000	59798.9	2.0130
5.1431	506.0000	60147.0	1.9946
5.1309	507.0000	60654.6	2.0108
5.1015	508.0000	60654.6	2.0108
5.0990	509.0000	60654.6	2.0108
5.0972	510.0000	60654.6	2.0108
5.0789	511.0000	60654.6	2.0108
5.0741	512.0000	60654.6	2.0108
5.0510	513.0000	60654.6	2.0108
5.0505	514.0000	60654.6	2.0108
5.0498	515.0000	60654.6	2.0108
5.0492	516.0000	60654.6	2.0108
5.0427	517.0000	60654.6	2.0108
5.0365	518.0000	60654.6	2.0108
5.0071	519.0000	60654.6	2.0108
5.0027	520.0000	60654.6	2.0108
4.9914	521.0000	60654.6	2.0108
4.9867	522.0000	60654.6	2.0108
4.9771	523.0000	60654.6	2.0108
4.9696	524.0000	61514.7	2.0124
4.9646	525.0000	61514.7	2.0124
4.9606	526.0000	61514.7	2.0124
4.9372	527.0000	61514.7	2.0124
4.9080	528.0000	61514.7	2.0124
4.9020	529.0000	61514.7	2.0124
4.8914	530.0000	61514.7	2.0124
4.8810	531.0000	61514.7	2.0124
4.8809	532.0000	61514.7	2.0124
4.8732	533.0000	62027.3	2.0247
4.8632	534.0000	62027.3	2.0247
4.8430	535.0000	62027.3	2.0247
4.8397	536.0000	62027.3	2.0247
4.8286	537.0000	62027.3	2.0247
4.8034	538.0000	62027.3	2.0247
4.7920	539.0000	62027.3	2.0247
4.7893	540.0000	62027.3	2.0247
4.7803	541.0000	62378.9	2.0163
4.7788	542.0000	62378.9	2.0163
4.7741	543.0000	62378.9	2.0163
4.7593	544.0000	62378.9	2.0163
4.7416	545.0000	62378.9	2.0163
4.7407	546.0000	62884.5	2.0251
4.7383	547.0000	62884.5	2.0251
4.7328	548.0000	62884.5	2.0251
4.7148	549.0000	62884.5	2.0251
4.7144	550.0000	62884.5	2.0251
4.7105	551.0000	62884.5	2.0251
4.7032	552.0000	62884.5	2.0251
4.6995	553.0000	62884.5	2.0251
4.6963	554.0000	62884.5	2.0251
4.6846	555.0000	62884.5	2.0251
4.6829	556.0000	62884.5	2.0251
4.6798	557.0000	62884.5	2.0251
4.6718	558.0000	62884.5	2.0251
4.6561	559.0000	62884.5	2.0251
4.6436	560.0000	62884.5	2.0251
4.6423	561.0000	62884.5	2.0251
4.6419	562.0000	62884.5	2.0251
4.6394	563.0000	62884.5	2.0251
4.6306	564.0000	62884.5	2.0251
4.6265	565.0000	62884.5	2.0251
4.6115	566.0000	62884.5	2.0251
4.6065	567.0000	62884.5	2.0251
4.5960	568.0000	62884.5	2.0251
4.5953	569.0000	62884.5	2.0251
4.5904	570.0000	62884.5	2.0251
4.5875	571.0000	63401.8	2.0370
4.5789	572.0000	63401.8	2.0370
4.5721	573.0000	63401.8	2.0370
4.5668	574.0000	63745.8	2.0262
4.5475	575.0000	63745.8	2.0262
4.5292	576.0000	63745.8	2.0262
4.5198	577.0000	63745.8	2.0262
4.5062	578.0000	63745.8	2.0262
4.4951	579.0000	63745.8	2.0262
4.4902	580.0000	64256.2	2.0377
4.4570	581.0000	64256.2	2.0377
4.4315	582.0000	64256.2	2.0377
4.4235	583.0000	64256.2	2.0377
4.4136	584.0000	64256.2	2.0377
4.4114	585.0000	64256.2	2.0377
4.4059	586.0000	64256.2	2.0377
4.4051	587.0000	64256.2	2.0377
4.4040	588.0000	64256.2	2.0377
4.4017	589.0000	64256.2	2.0377
4.3925	590.0000	64256.2	2.0377
4.3798	591.0000	64256.2	2.0377
4.3779	592.0000	64256.2	2.0377
4.3734	593.0000	64256.2	2.0377
4.3602	594.0000	64611.2	2.0280
4.3537	595.0000	64611.2	2.0280
4.3532	596.0000	64611.2	2.0280
4.3526	597.0000	65114.7	2.0392
4.3350	598.0000	65114.7	2.0392
4.3196	599.0000	65114.7	2.0392
4.3111	600.0000	65114.7	2.0392
4.3022	601.0000	65114.7	2.0392
4.3009	602.0000	65114.7	2.0392
4.2954	603.0000	65114.7	2.0392
4.2944	604.0000	65114.7	2.0392
4.2888	605.0000	65114.7	2.0392
4.2856	606.0000	65114.7	2.0392
4.2775	607.0000	65114.7	2.0392
4.2746	608.0000	65114.7	2.0392
4.2733	609.0000	65114.7	2.0392
4.2714	610.0000	65114.7	2.0392
4.2661	611.0000	65114.7	2.0392
4.2563	612.0000	65114.7	2.0392
4.2274	613.0000	65114.7	2.0392
4.2263	614.0000	65114.7	2.0392
4.2043	615.0000	65114.7	2.0392
4.2040	616.0000	65629.7	2.0494
4.2013	617.0000	65629.7	2.0494
4.1999	618.0000	65629.7	2.0494
4.1977	619.0000	65629.7	2.0494
4.1811	620.0000	65977.3	2.0415
4.1635	621.0000	65977.3	2.0415
4.1616	622.0000	65977.3	2.0415
4.1557	623.0000	65977.3	2.0415
4.1302	624.0000	65977.3	2.0415
4.1281	625.0000	65977.3	2.0415
4.1236	626.0000	65977.3	2.0415
4.1152	627.0000	65977.3	2.0415
4.1140	628.0000	65977.3	2.0415
4.1109	629.0000	65977.3	2.0415
4.0976	630.0000	66485.6	2.0514
4.0898	631.0000	66485.6	2.0514
4.0849	632.0000	66485.6	2.0514
4.0820	633.0000	66485.6	2.0514
4.0806	634.0000	66485.6	2.0514
4.0771	635.0000	66485.6	2.0514
4.0727	636.0000	66485.6	2.0514
4.0721	637.0000	66485.6	2.0514
4.0581	638.0000	66485.6	2.0514
4.0518	639.0000	66485.6	2.0514
4.0273	640.0000	66485.6	2.0514
4.0168	641.0000	66485.6	2.0514
4.0116	642.0000	66485.6	2.0514
4.0046	643.0000	66485.6	2.0514
3.9925	644.0000	66485.6	2.0514
3.9829	645.0000	66843.7	2.0447
3.9668	646.0000	66843.7	2.0447
3.9619	647.0000	66843.7	2.0447
3.9581	648.0000	67345.4	2.0543
3.9462	649.0000	67345.4	2.0543
3.9448	650.0000	67345.4	2.0543
3.9416	651.0000	67345.4	2.0543
3.9350	652.0000	67345.4	2.0543
3.9350	653.0000	67345.4	2.0543
3.9329	654.0000	67345.4	2.0543
3.9300	655.0000	67345.4	2.0543
3.9271	656.0000	67345.4	2.0543
3.9163	657.0000	67345.4	2.0543
3.9155	658.0000	67345.4	2.0543
3.9061	659.0000	67345.4	2.0543
3.8902	660.0000	67345.4	2.0543
3.8890	661.0000	67345.4	2.0543
3.8839	662.0000	67345.4	2.0543
3.8781	663.0000	67345.4	2.0543
3.8721	664.0000	67345.4	2.0543
3.8629	665.0000	67345.4	2.0543
3.8423	666.0000	67345.4	2.0543
3.8254	667.0000	67345.4	2.0543
3.8076	668.0000	67345.4	2.0543
3.8044	669.0000	67345.4	2.0543
3.8044	670.0000	67858.2	2.0639
3.7944	671.0000	67858.2	2.0639
3.7922	672.0000	68209.1	2.0580
3.7717	673.0000	68209.1	2.0580
3.7693	674.0000	68209.1	2.0580
3.7652	675.0000	68209.1	2.0580
3.7557	676.0000	68209.1	2.0580
3.7436	677.0000	68209.1	2.0580
3.7419	678.0000	68209.1	2.0580
3.7387	679.0000	68209.1	2.0580
3.7296	680.0000	68209.1	2.0580
3.7266	681.0000	68209.1	2.0580
3.7132	682.0000	68209.1	2.0580
3.7010	683.0000	68209.1	2.0580
3.6941	684.0000	68715.4	2.0673
3.6838	685.0000	68715.4	2.0673
3.6749	686.0000	68715.4	2.0673
3.6718	687.0000	68715.4	2.0673
3.6695	688.0000	68715.4	2.0673
3.6573	689.0000	68715.4	2.0673
3.6550	690.0000	68715.4	2.0673
3.6545	691.0000	68715.4	2.0673
3.6507	692.0000	68715.4	2.0673
3.6488	693.0000	68715.4	2.0673
3.6345	694.0000	68715.4	2.0673
3.6177	695.0000	68715.4	2.0673
3.6177	696.0000	68715.4	2.0673
3.6066	697.0000	69076.4	2.0624
3.6061	698.0000	69076.4	2.0624
3.6037	699.0000	69076.4	2.0624
3.6018	700.0000	69076.4	2.0624
3.5681	701.0000	69076.4	2.0624
3.5625	702.0000	69076.4	2.0624
3.5590	703.0000	69576.4	2.0715
3.5587	704.0000	69576.4	2.0715
3.5585	705.0000	69576.4	2.0715
3.5547	706.0000	69576.4	2.0715
3.5466	707.0000	69576.4	2.0715
3.5352	708.0000	69576.4	2.0715
3.5347	709.0000	69576.4	2.0715
3.5274	710.0000	69576.4	2.0715
3.5228	711.0000	69576.4	2.0715
3.5202	712.0000	69576.4	2.0715
3.5198	713.0000	69576.4	2.0715
3.5189	714.0000	69576.4	2.0715
3.5137	715.0000	69576.4	2.0715
3.4965	716.0000	69576.4	2.0715
3.4962	717.0000	69576.4	2.0715
3.4839	718.0000	69576.4	2.0715
3.4785	719.0000	69576.4	2.0715
3.4750	720.0000	69576.4	2.0715
3.4645	721.0000	69576.4	2.0715
3.4639	722.0000	69576.4	2.0715
3.4367	723.0000	69576.4	2.0715
3.4279	724.0000	69576.4	2.0715
3.4171	725.0000	69576.4	2.0715
3.4141	726.0000	69576.4	2.0715
3.4079	727.0000	69947.3	2.0676
3.4072	728.0000	69947.3	2.0676
3.4070	729.0000	69947.3	2.0676
3.4053	730.0000	70441.1	2.0764
3.3996	731.0000	70441.1	2.0764
3.3951	732.0000	70441.1	2.0764
3.3896	733.0000	70441.1	2.0764
3.3686	734.0000	70441.1	2.0764
3.3647	735.0000	70441.1	2.0764
3.3548	736.0000	70441.1	2.0764
3.3536	737.0000	70441.1	2.0764
3.3525	738.0000	70441.1	2.0764
3.3490	739.0000	70441.1	2.0764
3.3487	740.0000	70441.1	2.0764
3.3363	741.0000	70441.1	2.0764
3.3346	742.0000	70441.1	2.0764
3.3295	743.0000	70441.1	2.0764
3.3253	744.0000	70441.1	2.0764
3.2993	745.0000	70441.1	2.0764
3.2897	746.0000	70945.6	2.0862
3.2862	747.0000	70945.6	2.0862
3.2850	748.0000	70945.6	2.0862
3.2816	749.0000	70945.6	2.0862
3.2788	750.0000	70945.6	2.0862
3.2669	751.0000	70945.6	2.0862
3.2660	752.0000	70945.6	2.0862
3.2656	753.0000	70945.6	2.0862
3.2636	754.0000	70945.6	2.0862
3.2595	755.0000	70945.6	2.0862
3.2573	756.0000	70945.6	2.0862
3.2560	757.0000	70945.6	2.0862
3.2414	758.0000	70945.6	2.0862
3.2388	759.0000	71309.4	2.0820
3.2264	760.0000	71309.4	2.0820
3.2031	761.0000	71309.4	2.0820
3.2021	762.0000	71309.4	2.0820
3.1825	763.0000	71309.4	2.0820
3.1748	764.0000	71309.4	2.0820
3.1735	765.0000	71309.4	2.0820
3.1676	766.0000	71807.7	2.0915
3.1671	767.0000	71807.7	2.0915
3.1651	768.0000	71807.7	2.0915
3.1513	769.0000	71807.7	2.0915
3.1449	770.0000	71807.7	2.0915
3.1424	771.0000	71807.7	2.0915
3.1405	772.0000	71807.7	2.0915
3.1295	773.0000	71807.7	2.0915
3.1235	774.0000	71807.7	2.0915
3.1231	775.0000	71807.7	2.0915
3.1169	776.0000	71807.7	2.0915
3.1114	777.0000	71807.7	2.0915
3.1111	778.0000	71807.7	2.0915
3.1034	779.0000	71807.7	2.0915
3.0961	780.0000	71807.7	2.0915
3.0915	781.0000	71807.7	2.0915
3.0797	782.0000	71807.7	2.0915
3.0785	783.0000	71807.7	2.0915
3.0728	784.0000	71807.7	2.0915
3.0710	785.0000	71807.7	2.0915
3.0629	786.0000	71807.7	2.0915
3.0580	787.0000	71807.7	2.0915
3.0340	788.0000	71807.7	2.0915
3.0319	789.0000	71807.7	2.0915
3.0295	790.0000	71807.7	2.0915
3.0214	791.0000	71807.7	2.0915
3.0081	792.0000	71807.7	2.0915
3.0072	793.0000	71807.7	2.0915
3.0002	794.0000	71807.7	2.0915
2.9940	795.0000	72316.5	2.1031
2.9897	796.0000	72316.5	2.1031
2.9455	797.0000	72316.5	2.1031
2.9442	798.0000	72316.5	2.1031
2.9434	799.0000	72316.5	2.1031
2.9409	800.0000	72316.5	2.1031
2.9370	801.0000	72316.5	2.1031
2.9264	802.0000	72316.5	2.1031
2.9129	803.0000	72316.5	2.1031
2.9046	804.0000	72316.5	2.1031
2.8923	805.0000	72316.5	2.1031
2.8863	806.0000	72316.5	2.1031
2.8811	807.0000	72316.5	2.1031
2.8670	808.0000	72316.5	2.1031
2.8543	809.0000	72316.5	2.1031
2.8507	810.0000	72316.5	2.1031
2.8493	811.0000	72316.5	2.1031
2.8474	812.0000	72316.5	2.1031
2.8432	813.0000	72316.5	2.1031
2.8360	814.0000	72316.5	2.1031
2.8295	815.0000	72316.5	2.1031
2.8274	816.0000	72316.5	2.1031
2.8229	817.0000	72316.5	2.1031
2.8071	818.0000	72316.5	2.1031
2.8052	819.0000	72316.5	2.1031
2.8045	820.0000	72316.5	2.1031
2.8023	821.0000	72316.5	2.1031
2.7871	822.0000	72316.5	2.1031
2.7826	823.0000	72316.5	2.1031
2.7774	824.0000	72316.5	2.1031
2.7700	825.0000	72316.5	2.1031
2.7626	826.0000	72316.5	2.1031
2.7624	827.0000	72316.5	2.1031
2.7535	828.0000	72316.5	2.1031
2.7414	829.0000	72316.5	2.1031
2.7380	830.0000	72316.5	2.1031
2.7366	831.0000	72316.5	2.1031
2.7345	832.0000	72835.5	2.1184
2.7318	833.0000	72835.5	2.1184
2.7304	834.0000	72835.5	2.1184
2.7219	835.0000	72835.5	2.1184
2.7191	836.0000	72835.5	2.1184
2.7066	837.0000	72835.5	2.1184
2.6974	838.0000	72835.5	2.1184
2.6952	839.0000	72835.5	2.1184
2.6888	840.0000	72835.5	2.1184
2.6835	841.0000	72835.5	2.1184
2.6822	842.0000	72835.5	2.1184
2.6512	843.0000	72835.5	2.1184
2.6475	844.0000	72835.5	2.1184
2.6447	845.0000	72835.5	2.1184
2.6418	846.0000	72835.5	2.1184
2.6413	847.0000	72835.5	2.1184
2.6400	848.0000	72835.5	2.1184
2.6267	849.0000	72835.5	2.1184
2.6135	850.0000	72835.5	2.1184
2.5861	851.0000	72835.5	2.1184
2.5764	852.0000	72835.5	2.1184
2.5644	853.0000	72835.5	2.1184
2.5632	854.0000	72835.5	2.1184
2.5560	855.0000	72835.5	2.1184
2.5558	856.0000	72835.5	2.1184
2.5425	857.0000	72835.5	2.1184
2.5421	858.0000	72835.5	2.1184
2.5268	859.0000	72835.5	2.1184
2.5250	860.0000	72835.5	2.1184
2.5236	861.0000	72835.5	2.1184
2.5190	862.0000	72835.5	2.1184
2.5167	863.0000	72835.5	2.1184
2.5144	864.0000	72835.5	2.1184
2.5143	865.0000	72835.5	2.1184
2.5135	866.0000	72835.5	2.1184
2.5050	867.0000	72835.5	2.1184
2.5024	868.0000	72835.5	2.1184
2.4955	869.0000	72835.5	2.1184
2.4880	870.0000	72835.5	2.1184
2.4663	871.0000	72835.5	2.1184
2.4633	872.0000	72835.5	2.1184
2.4502	873.0000	72835.5	2.1184
2.4318	874.0000	72835.5	2.1184
2.4292	875.0000	72835.5	2.1184
2.4164	876.0000	72835.5	2.1184
2.4151	877.0000	72835.5	2.1184
2.4141	878.0000	73364.4	2.1389
2.4078	879.0000	73364.4	2.1389
2.3996	880.0000	73364.4	2.1389
2.3820	881.0000	73364.4	2.1389
2.3722	882.0000	73364.4	2.1389
2.3668	883.0000	73364.4	2.1389
2.3668	884.0000	73364.4	2.1389
2.3664	885.0000	73364.4	2.1389
2.3655	886.0000	73364.4	2.1389
2.3655	887.0000	73364.4	2.1389
2.3563	888.0000	73364.4	2.1389
2.3333	889.0000	73364.4	2.1389
2.3299	890.0000	73364.4	2.1389
2.3274	891.0000	73364.4	2.1389
2.3220	892.0000	73364.4	2.1389
2.3189	893.0000	73364.4	2.1389
2.3124	894.0000	73364.4	2.1389
2.3108	895.0000	73364.4	2.1389
2.3100	896.0000	73364.4	2.1389
2.3018	897.0000	73364.4	2.1389
2.2948	898.0000	73364.4	2.1389
2.2936	899.0000	73364.4	2.1389
2.2877	900.0000	73364.4	2.1389
2.2793	901.0000	73364.4	2.1389
2.2596	902.0000	73364.4	2.1389
2.2553	903.0000	73364.4	2.1389
2.2551	904.0000	73364.4	2.1389
2.2414	905.0000	73364.4	2.1389
2.2390	906.0000	73364.4	2.1389
2.2382	907.0000	73364.4	2.1389
2.2343	908.0000	73364.4	2.1389
2.2313	909.0000	73364.4	2.1389
2.2292	910.0000	73364.4	2.1389
2.2256	911.0000	73364.4	2.1389
2.2224	912.0000	73364.4	2.1389
2.2135	913.0000	73364.4	2.1389
2.2106	914.0000	73364.4	2.1389
2.2074	915.0000	73364.4	2.1389
2.2050	916.0000	73364.4	2.1389
2.1980	917.0000	73364.4	2.1389
2.1980	918.0000	73364.4	2.1389
2.1971	919.0000	73364.4	2.1389
2.1953	920.0000	73364.4	2.1389
2.1870	921.0000	73364.4	2.1389
2.1849	922.0000	73364.4	2.1389
2.1709	923.0000	73364.4	2.1389
2.1702	924.0000	73364.4	2.1389
2.1635	925.0000	73364.4	2.1389
2.1380	926.0000	73364.4	2.1389
2.1361	927.0000	73364.4	2.1389
2.1287	928.0000	73364.4	2.1389
2.1273	929.0000	73364.4	2.1389
2.1172	930.0000	73364.4	2.1389
2.1118	931.0000	73364.4	2.1389
2.1064	932.0000	73364.4	2.1389
2.0946	933.0000	73364.4	2.1389
2.0933	934.0000	73364.4	2.1389
2.0798	935.0000	73364.4	2.1389
2.0756	936.0000	73364.4	2.1389
2.0628	937.0000	73903.0	2.1670
2.0603	938.0000	73903.0	2.1670
2.0512	939.0000	73903.0	2.1670
2.0394	940.0000	73903.0	2.1670
2.0385	941.0000	73903.0	2.1670
2.0315	942.0000	73903.0	2.1670
2.0202	943.0000	73903.0	2.1670
2.0178	944.0000	73903.0	2.1670
2.0162	945.0000	73903.0	2.1670
2.0007	946.0000	73903.0	2.1670
1.9926	947.0000	73903.0	2.1670
1.9916	948.0000	73903.0	2.1670
1.9720	949.0000	73903.0	2.1670
1.9713	950.0000	73903.0	2.1670
1.9621	951.0000	73903.0	2.1670
1.9616	952.0000	73903.0	2.1670
1.9612	953.0000	73903.0	2.1670
1.9549	954.0000	73903.0	2.1670
1.9482	955.0000	73903.0	2.1670
1.9459	956.0000	73903.0	2.1670
1.9288	957.0000	73903.0	2.1670
1.9270	958.0000	73903.0	2.1670
1.9211	959.0000	73903.0	2.1670
1.9138	960.0000	73903.0	2.1670
1.9120	961.0000	73903.0	2.1670
1.9109	962.0000	73903.0	2.1670
1.9074	963.0000	73903.0	2.1670
1.8895	964.0000	73903.0	2.1670
1.8886	965.0000	73903.0	2.1670
1.8864	966.0000	73903.0	2.1670
1.8844	967.0000	73903.0	2.1670
1.8835	968.0000	73903.0	2.1670
1.8823	969.0000	73903.0	2.1670
1.8814	970.0000	73903.0	2.1670
1.8798	971.0000	73903.0	2.1670
1.8700	972.0000	73903.0	2.1670
1.8687	973.0000	73903.0	2.1670
1.8675	974.0000	73903.0	2.1670
1.8660	975.0000	73903.0	2.1670
1.8590	976.0000	73903.0	2.1670
1.8557	977.0000	73903.0	2.1670
1.8469	978.0000	73903.0	2.1670
1.8353	979.0000	73903.0	2.1670
1.8321	980.0000	73903.0	2.1670
1.8288	981.0000	73903.0	2.1670
1.8252	982.0000	73903.0	2.1670
1.8140	983.0000	73903.0	2.1670
1.8111	984.0000	73903.0	2.1670
1.8093	985.0000	73903.0	2.1670
1.7954	986.0000	73903.0	2.1670
1.7790	987.0000	73903.0	2.1670
1.7738	988.0000	73903.0	2.1670
1.7693	989.0000	73903.0	2.1670
1.7590	990.0000	73903.0	2.1670
1.7572	991.0000	73903.0	2.1670
1.7517	992.0000	73903.0	2.1670
1.7508	993.0000	73903.0	2.1670
1.7469	994.0000	73903.0	2.1670
1.7406	995.0000	73903.0	2.1670
1.7361	996.0000	73903.0	2.1670
1.7353	997.0000	73903.0	2.1670
1.7340	998.0000	73903.0	2.1670
1.7239	999.0000	73903.0	2.1670
1.7220	1000.0000	73903.0	2.1670
1.7110	1001.0000	74451.2	2.2054
1.7086	1002.0000	74451.2	2.2054
1.6954	1003.0000	74451.2	2.2054
1.6952	1004.0000	74451.2	2.2054
1.6855	1005.0000	74451.2	2.2054
1.6834	1006.0000	74451.2	2.2054
1.6788	1007.0000	74451.2	2.2054
1.6765	1008.0000	74451.2	2.2054
1.6758	1009.0000	74451.2	2.2054
1.6742	1010.0000	74451.2	2.2054
1.6710	1011.0000	74451.2	2.2054
1.6549	1012.0000	74451.2	2.2054
1.6546	1013.0000	74451.2	2.2054
1.6284	1014.0000	74451.2	2.2054
1.6266	1015.0000	74451.2	2.2054
1.6260	1016.0000	74451.2	2.2054
1.6249	1017.0000	74451.2	2.2054
1.6246	1018.0000	74451.2	2.2054
1.6231	1019.0000	74451.2	2.2054
1.6210	1020.0000	74451.2	2.2054
1.6184	1021.0000	74451.2	2.2054
1.6035	1022.0000	74451.2	2.2054
1.5979	1023.0000	74451.2	2.2054
1.5914	1024.0000	74451.2	2.2054
1.5821	1025.0000	74451.2	2.2054
1.5819	1026.0000	74451.2	2.2054
1.5801	1027.0000	74451.2	2.2054
1.5777	1028.0000	74451.2	2.2054
1.5769	1029.0000	74451.2	2.2054
1.5604	1030.0000	74451.2	2.2054
1.5603	1031.0000	74451.2	2.2054
1.5592	1032.0000	74451.2	2.2054
1.5587	1033.0000	74451.2	2.2054
1.5563	1034.0000	74451.2	2.2054
1.5482	1035.0000	74451.2	2.2054
1.5340	1036.0000	74451.2	2.2054
1.5337	1037.0000	74451.2	2.2054
1.5300	1038.0000	74451.2	2.2054
1.5288	1039.0000	74451.2	2.2054
1.5220	1040.0000	74451.2	2.2054
1.5151	1041.0000	74451.2	2.2054
1.5105	1042.0000	74451.2	2.2054
1.5070	1043.0000	74451.2	2.2054
1.5063	1044.0000	74451.2	2.2054
1.4955	1045.0000	74451.2	2.2054
1.4927	1046.0000	74451.2	2.2054
1.4892	1047.0000	74451.2	2.2054
1.4886	1048.0000	74451.2	2.2054
1.4830	1049.0000	74451.2	2.2054
1.4830	1050.0000	74451.2	2.2054
1.4808	1051.0000	74451.2	2.2054
1.4759	1052.0000	74451.2	2.2054
1.4712	1053.0000	74451.2	2.2054
1.4649	1054.0000	74451.2	2.2054
1.4603	1055.0000	74451.2	2.2054
1.4598	1056.0000	74451.2	2.2054
1.4576	1057.0000	74451.2	2.2054
1.4553	1058.0000	74451.2	2.2054
1.4326	1059.0000	74451.2	2.2054
1.4325	1060.0000	74451.2	2.2054
1.4287	1061.0000	74451.2	2.2054
1.4284	1062.0000	74451.2	2.2054
1.4246	1063.0000	74451.2	2.2054
1.4201	1064.0000	74451.2	2.2054
1.4200	1065.0000	74451.2	2.2054
1.4197	1066.0000	74451.2	2.2054
1.4187	1067.0000	74451.2	2.2054
1.4131	1068.0000	74451.2	2.2054
1.4083	1069.0000	74451.2	2.2054
1.4060	1070.0000	74451.2	2.2054
1.4031	1071.0000	74451.2	2.2054
1.3843	1072.0000	75008.7	2.2573
1.3778	1073.0000	75008.7	2.2573
1.3736	1074.0000	75008.7	2.2573
1.3732	1075.0000	75008.7	2.2573
1.3729	1076.0000	75008.7	2.2573
1.3709	1077.0000	75008.7	2.2573
1.3496	1078.0000	75008.7	2.2573
1.3427	1079.0000	75008.7	2.2573
1.3406	1080.0000	75008.7	2.2573
1.3387	1081.0000	75008.7	2.2573
1.3373	1082.0000	75008.7	2.2573
1.3266	1083.0000	75008.7	2.2573
1.3212	1084.0000	75008.7	2.2573
1.3204	1085.0000	75008.7	2.2573
1.3135	1086.0000	75008.7	2.2573
1.3092	1087.0000	75008.7	2.2573
1.2991	1088.0000	75008.7	2.2573
1.2837	1089.0000	75008.7	2.2573
1.2828	1090.0000	75008.7	2.2573
1.2825	1091.0000	75008.7	2.2573
1.2737	1092.0000	75008.7	2.2573
1.2737	1093.0000	75008.7	2.2573
1.2720	1094.0000	75008.7	2.2573
1.2686	1095.0000	75008.7	2.2573
1.2630	1096.0000	75008.7	2.2573
1.2624	1097.0000	75008.7	2.2573
1.2616	1098.0000	75008.7	2.2573
1.2409	1099.0000	75008.7	2.2573
1.2403	1100.0000	75008.7	2.2573
1.2374	1101.0000	75008.7	2.2573
1.2305	1102.0000	75008.7	2.2573
1.2231	1103.0000	75008.7	2.2573
1.2176	1104.0000	75008.7	2.2573
1.2130	1105.0000	75008.7	2.2573
1.2127	1106.0000	75008.7	2.2573
1.2103	1107.0000	75008.7	2.2573
1.2091	1108.0000	75008.7	2.2573
1.2025	1109.0000	75008.7	2.2573
1.2006	1110.0000	75008.7	2.2573
1.1992	1111.0000	75008.7	2.2573
1.1930	1112.0000	75008.7	2.2573
1.1918	1113.0000	75008.7	2.2573
1.1907	1114.0000	75008.7	2.2573
1.1884	1115.0000	75008.7	2.2573
1.1804	1116.0000	75008.7	2.2573
1.1787	1117.0000	75008.7	2.2573
1.1687	1118.0000	75008.7	2.2573
1.1648	1119.0000	75008.7	2.2573
1.1618	1120.0000	75008.7	2.2573
1.1567	1121.0000	75008.7	2.2573
1.1564	1122.0000	75008.7	2.2573
1.1556	1123.0000	75008.7	2.2573
1.1548	1124.0000	75008.7	2.2573
1.1538	1125.0000	75008.7	2.2573
1.1497	1126.0000	75008.7	2.2573
1.1495	1127.0000	75008.7	2.2573
1.1437	1128.0000	75008.7	2.2573
1.1372	1129.0000	75008.7	2.2573
1.1337	1130.0000	75008.7	2.2573
1.1290	1131.0000	75008.7	2.2573
1.1253	1132.0000	75008.7	2.2573
1.1246	1133.0000	75008.7	2.2573
1.1222	1134.0000	75008.7	2.2573
1.1190	1135.0000	75008.7	2.2573
1.1125	1136.0000	75008.7	2.2573
1.1078	1137.0000	75008.7	2.2573
1.1064	1138.0000	75008.7	2.2573
1.1059	1139.0000	75008.7	2.2573
1.1024	1140.0000	75008.7	2.2573
1.1018	1141.0000	75008.7	2.2573
1.1009	1142.0000	75575.4	2.3262
1.0990	1143.0000	75575.4	2.3262
1.0980	1144.0000	75575.4	2.3262
1.0964	1145.0000	75575.4	2.3262
1.0871	1146.0000	75575.4	2.3262
1.0864	1147.0000	75575.4	2.3262
1.0815	1148.0000	75575.4	2.3262
1.0810	1149.0000	75575.4	2.3262
1.0770	1150.0000	75575.4	2.3262
1.0731	1151.0000	75575.4	2.3262
1.0728	1152.0000	75575.4	2.3262
1.0700	1153.0000	75575.4	2.3262
1.0695	1154.0000	75575.4	2.3262
1.0582	1155.0000	75575.4	2.3262
1.0538	1156.0000	75575.4	2.3262
1.0411	1157.0000	75575.4	2.3262
1.0336	1158.0000	75575.4	2.3262
1.0322	1159.0000	75575.4	2.3262
1.0262	1160.0000	75575.4	2.3262
1.0260	1161.0000	75575.4	2.3262
1.0219	1162.0000	75575.4	2.3262
1.0179	1163.0000	75575.4	2.3262
1.0161	1164.0000	75575.4	2.3262
1.0121	1165.0000	75575.4	2.3262
1.0095	1166.0000	75575.4	2.3262
1.0089	1167.0000	75575.4	2.3262
1.0027	1168.0000	75575.4	2.3262
1.0017	1169.0000	75575.4	2.3262
0.9975	1170.0000	75575.4	2.3262
0.9948	1171.0000	75575.4	2.3262
0.9906	1172.0000	75575.4	2.3262
0.9905	1173.0000	75575.4	2.3262
0.9890	1174.0000	75575.4	2.3262
0.9882	1175.0000	75575.4	2.3262
0.9790	1176.0000	75575.4	2.3262
0.9723	1177.0000	75575.4	2.3262
0.9688	1178.0000	75575.4	2.3262
0.9683	1179.0000	75575.4	2.3262
0.9665	1180.0000	75575.4	2.3262
0.9646	1181.0000	75575.4	2.3262
0.9476	1182.0000	75575.4	2.3262
0.9471	1183.0000	75575.4	2.3262
0.9462	1184.0000	75575.4	2.3262
0.9431	1185.0000	75575.4	2.3262
0.9372	1186.0000	75575.4	2.3262
0.9371	1187.0000	75575.4	2.3262
0.9344	1188.0000	75575.4	2.3262
0.9298	1189.0000	75575.4	2.3262
0.9286	1190.0000	75575.4	2.3262
0.9277	1191.0000	75575.4	2.3262
0.9268	1192.0000	75575.4	2.3262
0.9180	1193.0000	75575.4	2.3262
0.9177	1194.0000	75575.4	2.3262
0.9116	1195.0000	75575.4	2.3262
0.9107	1196.0000	75575.4	2.3262
0.9099	1197.0000	75575.4	2.3262
0.9094	1198.0000	75575.4	2.3262
0.9006	1199.0000	75575.4	2.3262
0.8998	1200.0000	75575.4	2.3262
0.8939	1201.0000	75575.4	2.3262
0.8903	1202.0000	75575.4	2.3262
0.8898	1203.0000	75575.4	2.3262
0.8898	1204.0000	75575.4	2.3262
0.8893	1205.0000	75575.4	2.3262
0.8887	1206.0000	75575.4	2.3262
0.8877	1207.0000	75575.4	2.3262
0.8871	1208.0000	75575.4	2.3262
0.8867	1209.0000	75575.4	2.3262
0.8841	1210.0000	75575.4	2.3262
0.8815	1211.0000	75575.4	2.3262
0.8775	1212.0000	75575.4	2.3262
0.8769	1213.0000	75575.4	2.3262
0.8743	1214.0000	75575.4	2.3262
0.8729	1215.0000	75575.4	2.3262
0.8702	1216.0000	76150.9	2.4138
0.8695	1217.0000	76150.9	2.4138
0.8676	1218.0000	76150.9	2.4138
0.8659	1219.0000	76150.9	2.4138
0.8612	1220.0000	76150.9	2.4138
0.8541	1221.0000	76150.9	2.4138
0.8453	1222.0000	76150.9	2.4138
0.8343	1223.0000	76150.9	2.4138
0.8316	1224.0000	76150.9	2.4138
0.8299	1225.0000	76150.9	2.4138
0.8272	1226.0000	76150.9	2.4138
0.8263	1227.0000	76150.9	2.4138
0.8240	1228.0000	76150.9	2.4138
0.8190	1229.0000	76150.9	2.4138
0.8160	1230.0000	76150.9	2.4138
0.8154	1231.0000	76150.9	2.4138
0.8125	1232.0000	76150.9	2.4138
0.8109	1233.0000	76150.9	2.4138
0.8062	1234.0000	76150.9	2.4138
0.8042	1235.0000	76150.9	2.4138
0.8034	1236.0000	76150.9	2.4138
0.8021	1237.0000	76150.9	2.4138
0.8018	1238.0000	76150.9	2.4138
0.7995	1239.0000	76150.9	2.4138
0.7985	1240.0000	76150.9	2.4138
0.7983	1241.0000	76150.9	2.4138
0.7956	1242.0000	76150.9	2.4138
0.7953	1243.0000	76150.9	2.4138
0.7900	1244.0000	76150.9	2.4138
0.7844	1245.0000	76150.9	2.4138
0.7822	1246.0000	76150.9	2.4138
0.7816	1247.0000	76150.9	2.4138
0.7813	1248.0000	76150.9	2.4138
0.7773	1249.0000	76150.9	2.4138
0.7734	1250.0000	76150.9	2.4138
0.7712	1251.0000	76150.9	2.4138
0.7613	1252.0000	76150.9	2.4138
0.7611	1253.0000	76150.9	2.4138
0.7514	1254.0000	76150.9	2.4138
0.7493	1255.0000	76150.9	2.4138
0.7456	1256.0000	76150.9	2.4138
0.7422	1257.0000	76150.9	2.4138
0.7373	1258.0000	76150.9	2.4138
0.7353	1259.0000	76150.9	2.4138
0.7287	1260.0000	76150.9	2.4138
0.7185	1261.0000	76150.9	2.4138
0.7155	1262.0000	76150.9	2.4138
0.7138	1263.0000	76150.9	2.4138
0.7133	1264.0000	76150.9	2.4138
0.7100	1265.0000	76150.9	2.4138
0.7087	1266.0000	76150.9	2.4138
0.7076	1267.0000	76150.9	2.4138
0.6994	1268.0000	76150.9	2.4138
0.6952	1269.0000	76150.9	2.4138
0.6947	1270.0000	76150.9	2.4138
0.6931	1271.0000	76735.2	2.5183
0.6926	1272.0000	76735.2	2.5183
0.6904	1273.0000	76735.2	2.5183
0.6892	1274.0000	76735.2	2.5183
0.6879	1275.0000	76735.2	2.5183
0.6872	1276.0000	76735.2	2.5183
0.6867	1277.0000	76735.2	2.5183
0.6859	1278.0000	76735.2	2.5183
0.6848	1279.0000	76735.2	2.5183
0.6839	1280.0000	76735.2	2.5183
0.6799	1281.0000	76735.2	2.5183
0.6790	1282.0000	76735.2	2.5183
0.6786	1283.0000	76735.2	2.5183
0.6782	1284.0000	76735.2	2.5183
0.6770	1285.0000	76735.2	2.5183
0.6760	1286.0000	76735.2	2.5183
0.6742	1287.0000	76735.2	2.5183
0.6735	1288.0000	76735.2	2.5183
0.6702	1289.0000	76735.2	2.5183
0.6663	1290.0000	76735.2	2.5183
0.6633	1291.0000	76735.2	2.5183
0.6620	1292.0000	76735.2	2.5183
0.6588	1293.0000	76735.2	2.5183
0.6565	1294.0000	76735.2	2.5183
0.6563	1295.0000	76735.2	2.5183
0.6492	1296.0000	76735.2	2.5183
0.6473	1297.0000	76735.2	2.5183
0.6451	1298.0000	76735.2	2.5183
0.6423	1299.0000	76735.2	2.5183
0.6400	1300.0000	76735.2	2.5183
0.6394	1301.0000	76735.2	2.5183
0.6366	1302.0000	76735.2	2.5183
0.6343	1303.0000	76735.2	2.5183
0.6290	1304.0000	76735.2	2.5183
0.6280	1305.0000	76735.2	2.5183
0.6247	1306.0000	76735.2	2.5183
0.6210	1307.0000	76735.2	2.5183
0.6207	1308.0000	76735.2	2.5183
0.6203	1309.0000	76735.2	2.5183
0.6188	1310.0000	76735.2	2.5183
0.6186	1311.0000	76735.2	2.5183
0.6169	1312.0000	76735.2	2.5183
0.6131	1313.0000	76735.2	2.5183
0.6123	1314.0000	76735.2	2.5183
0.6120	1315.0000	76735.2	2.5183
0.6114	1316.0000	76735.2	2.5183
0.6050	1317.0000	76735.2	2.5183
0.6018	1318.0000	76735.2	2.5183
0.5987	1319.0000	76735.2	2.5183
0.5975	1320.0000	76735.2	2.5183
0.5929	1321.0000	76735.2	2.5183
0.5913	1322.0000	76735.2	2.5183
0.5879	1323.0000	76735.2	2.5183
0.5876	1324.0000	76735.2	2.5183
0.5857	1325.0000	76735.2	2.5183
0.5815	1326.0000	76735.2	2.5183
0.5805	1327.0000	76735.2	2.5183
0.5784	1328.0000	76735.2	2.5183
0.5776	1329.0000	76735.2	2.5183
0.5727	1330.0000	76735.2	2.5183
0.5694	1331.0000	76735.2	2.5183
0.5681	1332.0000	76735.2	2.5183
0.5674	1333.0000	76735.2	2.5183
0.5670	1334.0000	76735.2	2.5183
0.5669	1335.0000	76735.2	2.5183
0.5657	1336.0000	76735.2	2.5183
0.5646	1337.0000	76735.2	2.5183
0.5641	1338.0000	77328.0	2.6320
0.5626	1339.0000	77328.0	2.6320
0.5611	1340.0000	77328.0	2.6320
0.5579	1341.0000	77328.0	2.6320
0.5556	1342.0000	77328.0	2.6320
0.5450	1343.0000	77328.0	2.6320
0.5442	1344.0000	77328.0	2.6320
0.5432	1345.0000	77328.0	2.6320
0.5418	1346.0000	77328.0	2.6320
0.5405	1347.0000	77328.0	2.6320
0.5365	1348.0000	77328.0	2.6320
0.5350	1349.0000	77328.0	2.6320
0.5347	1350.0000	77328.0	2.6320
0.5339	1351.0000	77328.0	2.6320
0.5322	1352.0000	77328.0	2.6320
0.5256	1353.0000	77328.0	2.6320
0.5256	1354.0000	77328.0	2.6320
0.5244	1355.0000	77328.0	2.6320
0.5207	1356.0000	77328.0	2.6320
0.5172	1357.0000	77328.0	2.6320
0.5138	1358.0000	77328.0	2.6320
0.5100	1359.0000	77328.0	2.6320
0.5096	1360.0000	77328.0	2.6320
0.5071	1361.0000	77328.0	2.6320
0.5068	1362.0000	77328.0	2.6320
0.5055	1363.0000	77328.0	2.6320
0.5044	1364.0000	77328.0	2.6320
0.5035	1365.0000	77328.0	2.6320
0.5034	1366.0000	77328.0	2.6320
0.5028	1367.0000	77328.0	2.6320
0.5022	1368.0000	77328.0	2.6320
0.5003	1369.0000	77328.0	2.6320
0.5003	1370.0000	77328.0	2.6320
0.4998	1371.0000	77328.0	2.6320
0.4988	1372.0000	77328.0	2.6320
0.4975	1373.0000	77328.0	2.6320
0.4945	1374.0000	77328.0	2.6320
0.4931	1375.0000	77328.0	2.6320
0.4895	1376.0000	77328.0	2.6320
0.4895	1377.0000	77328.0	2.6320
0.4879	1378.0000	77328.0	2.6320
0.4868	1379.0000	77328.0	2.6320
0.4861	1380.0000	77328.0	2.6320
0.4847	1381.0000	77328.0	2.6320
0.4846	1382.0000	77328.0	2.6320
0.4813	1383.0000	77328.0	2.6320
0.4813	1384.0000	77328.0	2.6320
0.4789	1385.0000	77328.0	2.6320
0.4776	1386.0000	77328.0	2.6320
0.4746	1387.0000	77328.0	2.6320
0.4745	1388.0000	77929.1	2.7420
0.4742	1389.0000	77929.1	2.7420
0.4737	1390.0000	77929.1	2.7420
0.4737	1391.0000	77929.1	2.7420
0.4735	1392.0000	77929.1	2.7420
0.4731	1393.0000	77929.1	2.7420
0.4723	1394.0000	77929.1	2.7420
0.4720	1395.0000	77929.1	2.7420
0.4663	1396.0000	77929.1	2.7420
0.4662	1397.0000	77929.1	2.7420
0.4639	1398.0000	77929.1	2.7420
0.4630	1399.0000	77929.1	2.7420
0.4613	1400.0000	77929.1	2.7420
0.4608	1401.0000	77929.1	2.7420
0.4566	1402.0000	77929.1	2.7420
0.4524	1403.0000	77929.1	2.7420
0.4515	1404.0000	77929.1	2.7420
0.4505	1405.0000	77929.1	2.7420
0.4500	1406.0000	77929.1	2.7420
0.4463	1407.0000	77929.1	2.7420
0.4461	1408.0000	77929.1	2.7420
0.4442	1409.0000	77929.1	2.7420
0.4427	1410.0000	77929.1	2.7420
0.4421	1411.0000	77929.1	2.7420
0.4418	1412.0000	77929.1	2.7420
0.4373	1413.0000	77929.1	2.7420
0.4365	1414.0000	77929.1	2.7420
0.4362	1415.0000	77929.1	2.7420
0.4356	1416.0000	77929.1	2.7420
0.4336	1417.0000	77929.1	2.7420
0.4322	1418.0000	77929.1	2.7420
0.4315	1419.0000	77929.1	2.7420
0.4256	1420.0000	77929.1	2.7420
0.4255	1421.0000	77929.1	2.7420
0.4245	1422.0000	77929.1	2.7420
0.4219	1423.0000	77929.1	2.7420
0.4214	1424.0000	77929.1	2.7420
0.4176	1425.0000	77929.1	2.7420
0.4155	1426.0000	77929.1	2.7420
0.4152	1427.0000	77929.1	2.7420
0.4147	1428.0000	77929.1	2.7420
0.4141	1429.0000	78538.3	2.8353
0.4135	1430.0000	78538.3	2.8353
0.4125	1431.0000	78538.3	2.8353
0.4125	1432.0000	78538.3	2.8353
0.4095	1433.0000	78538.3	2.8353
0.4053	1434.0000	78538.3	2.8353
0.4047	1435.0000	78538.3	2.8353
0.4046	1436.0000	78538.3	2.8353
0.4030	1437.0000	78538.3	2.8353
0.4014	1438.0000	78538.3	2.8353
0.4011	1439.0000	78538.3	2.8353
0.4010	1440.0000	78538.3	2.8353
0.3947	1441.0000	78538.3	2.8353
0.3947	1442.0000	78538.3	2.8353
0.3943	1443.0000	78538.3	2.8353
0.3942	1444.0000	78538.3	2.8353
0.3907	1445.0000	78538.3	2.8353
0.3905	1446.0000	78538.3	2.8353
0.3901	1447.0000	78538.3	2.8353
0.3891	1448.0000	78538.3	2.8353
0.3882	1449.0000	78538.3	2.8353
0.3872	1450.0000	78538.3	2.8353
0.3856	1451.0000	78538.3	2.8353
0.3848	1452.0000	78538.3	2.8353
0.3847	1453.0000	78538.3	2.8353
0.3842	1454.0000	78538.3	2.8353
0.3828	1455.0000	78538.3	2.8353
0.3819	1456.0000	78538.3	2.8353
0.3802	1457.0000	78538.3	2.8353
0.3781	1458.0000	78538.3	2.8353
0.3777	1459.0000	78538.3	2.8353
0.3774	1460.0000	78538.3	2.8353
0.3771	1461.0000	78538.3	2.8353
0.3757	1462.0000	78538.3	2.8353
0.3743	1463.0000	78538.3	2.8353
0.3743	1464.0000	78538.3	2.8353
0.3739	1465.0000	79155.5	2.9046
0.3736	1466.0000	79155.5	2.9046
0.3733	1467.0000	79155.5	2.9046
0.3721	1468.0000	79155.5	2.9046
0.3666	1469.0000	79155.5	2.9046
0.3650	1470.0000	79155.5	2.9046
0.3649	1471.0000	79155.5	2.9046
0.3630	1472.0000	79155.5	2.9046
0.3614	1473.0000	79155.5	2.9046
0.3608	1474.0000	79155.5	2.9046
0.3581	1475.0000	79155.5	2.9046
0.3571	1476.0000	79155.5	2.9046
0.3546	1477.0000	79155.5	2.9046
0.3545	1478.0000	79155.5	2.9046
0.3537	1479.0000	79155.5	2.9046
0.3537	1480.0000	79155.5	2.9046
0.3530	1481.0000	79155.5	2.9046
0.3525	1482.0000	79155.5	2.9046
0.3522	1483.0000	79155.5	2.9046
0.3491	1484.0000	79155.5	2.9046
0.3490	1485.0000	79155.5	2.9046
0.3483	1486.0000	79155.5	2.9046
0.3464	1487.0000	79780.4	2.9502
0.3443	1488.0000	79780.4	2.9502
0.3440	1489.0000	79780.4	2.9502
0.3424	1490.0000	79780.4	2.9502
0.3417	1491.0000	79780.4	2.9502
0.3404	1492.0000	79780.4	2.9502
0.3399	1493.0000	79780.4	2.9502
0.3376	1494.0000	79780.4	2.9502
0.3354	1495.0000	79780.4	2.9502
0.3350	1496.0000	79780.4	2.9502
0.3338	1497.0000	79780.4	2.9502
0.3331	1498.0000	79780.4	2.9502
0.3317	1499.0000	79780.4	2.9502
0.3314	1500.0000	79780.4	2.9502
0.3306	1501.0000	79780.4	2.9502
0.3305	1502.0000	79780.4	2.9502
0.3263	1503.0000	79780.4	2.9502
0.3261	1504.0000	80412.9	2.9774
0.3257	1505.0000	80412.9	2.9774
0.3255	1506.0000	80412.9	2.9774
0.3237	1507.0000	80412.9	2.9774
0.3234	1508.0000	80412.9	2.9774
0.3226	1509.0000	80412.9	2.9774
0.3222	1510.0000	80412.9	2.9774
0.3194	1511.0000	80412.9	2.9774
0.3191	1512.0000	80412.9	2.9774
0.3187	1513.0000	80412.9	2.9774
0.3170	1514.0000	80412.9	2.9774
0.3157	1515.0000	80412.9	2.9774
0.3133	1516.0000	80412.9	2.9774
0.3128	1517.0000	80412.9	2.9774
0.3120	1518.0000	80412.9	2.9774
0.3100	1519.0000	80412.9	2.9774
0.3097	1520.0000	81052.9	2.9923
0.3085	1521.0000	81052.9	2.9923
0.3078	1522.0000	81052.9	2.9923
0.3071	1523.0000	81052.9	2.9923
0.3069	1524.0000	81052.9	2.9923
0.3063	1525.0000	81052.9	2.9923
0.3057	1526.0000	81052.9	2.9923
0.3035	1527.0000	81052.9	2.9923
0.3032	1528.0000	81052.9	2.9923
0.3031	1529.0000	81052.9	2.9923
0.3022	1530.0000	81052.9	2.9923
0.3013	1531.0000	81052.9	2.9923
0.3000	1532.0000	81052.9	2.9923
0.2993	1533.0000	81052.9	2.9923
0.2990	1534.0000	81052.9	2.9923
0.2972	1535.0000	81052.9	2.9923
0.2968	1536.0000	81052.9	2.9923
0.2961	1537.0000	81052.9	2.9923
0.2956	1538.0000	81052.9	2.9923
0.2917	1539.0000	81052.9	2.9923
0.2906	1540.0000	81052.9	2.9923
0.2902	1541.0000	81052.9	2.9923
0.2882	1542.0000	81052.9	2.9923
0.2877	1543.0000	81052.9	2.9923
0.2874	1544.0000	81052.9	2.9923
0.2872	1545.0000	81052.9	2.9923
0.2872	1546.0000	81052.9	2.9923
0.2860	1547.0000	81052.9	2.9923
0.2859	1548.0000	81052.9	2.9923
0.2859	1549.0000	81052.9	2.9923
0.2857	1550.0000	81052.9	2.9923
0.2845	1551.0000	81052.9	2.9923
0.2845	1552.0000	81052.9	2.9923
0.2840	1553.0000	81052.9	2.9923
0.2835	1554.0000	81052.9	2.9923
0.2826	1555.0000	81052.9	2.9923
0.2822	1556.0000	81052.9	2.9923
0.2822	1557.0000	81052.9	2.9923
0.2810	1558.0000	81052.9	2.9923
0.2804	1559.0000	81052.9	2.9923
0.2786	1560.0000	81052.9	2.9923
0.2783	1561.0000	81052.9	2.9923
0.2779	1562.0000	81052.9	2.9923
0.2762	1563.0000	81052.9	2.9923
0.2758	1564.0000	81052.9	2.9923
0.2754	1565.0000	81052.9	2.9923
0.2744	1566.0000	81052.9	2.9923
0.2741	1567.0000	81052.9	2.9923
0.2738	1568.0000	81052.9	2.9923
0.2738	1569.0000	81052.9	2.9923
0.2732	1570.0000	81052.9	2.9923
0.2727	1571.0000	81052.9	2.9923
0.2721	1572.0000	81052.9	2.9923
0.2721	1573.0000	81052.9	2.9923
0.2717	1574.0000	81052.9	2.9923
0.2702	1575.0000	81052.9	2.9923
0.2695	1576.0000	81052.9	2.9923
0.2694	1577.0000	81052.9	2.9923
0.2689	1578.0000	81052.9	2.9923
0.2673	1579.0000	81052.9	2.9923
0.2651	1580.0000	81052.9	2.9923
0.2648	1581.0000	81052.9	2.9923
0.2642	1582.0000	81052.9	2.9923
0.2604	1583.0000	81052.9	2.9923
0.2601	1584.0000	81052.9	2.9923
0.2593	1585.0000	81052.9	2.9923
0.2593	1586.0000	81052.9	2.9923
0.2589	1587.0000	81052.9	2.9923
0.2587	1588.0000	81052.9	2.9923
0.2584	1589.0000	81052.9	2.9923
0.2584	1590.0000	81052.9	2.9923
0.2584	1591.0000	81052.9	2.9923
0.2583	1592.0000	81052.9	2.9923
0.2582	1593.0000	81052.9	2.9923
0.2581	1594.0000	81052.9	2.9923
0.2551	1595.0000	81052.9	2.9923
0.2546	1596.0000	81052.9	2.9923
0.2514	1597.0000	81052.9	2.9923
0.2512	1598.0000	81052.9	2.9923
0.2505	1599.0000	81052.9	2.9923
0.2501	1600.0000	81052.9	2.9923
0.2481	1601.0000	81052.9	2.9923
0.2479	1602.0000	81052.9	2.9923
0.2478	1603.0000	81052.9	2.9923
0.2470	1604.0000	81052.9	2.9923
0.2469	1605.0000	81052.9	2.9923
0.2458	1606.0000	81052.9	2.9923
0.2457	1607.0000	81052.9	2.9923
0.2457	1608.0000	81052.9	2.9923
0.2453	1609.0000	81052.9	2.9923
0.2448	1610.0000	81052.9	2.9923
0.2444	1611.0000	81052.9	2.9923
0.2440	1612.0000	81052.9	2.9923
0.2438	1613.0000	81052.9	2.9923
0.2437	1614.0000	81052.9	2.9923
0.2431	1615.0000	81052.9	2.9923
0.2428	1616.0000	81052.9	2.9923
0.2408	1617.0000	81052.9	2.9923
0.2390	1618.0000	81052.9	2.9923
0.2380	1619.0000	81052.9	2.9923
0.2348	1620.0000	81052.9	2.9923
0.2329	1621.0000	81052.9	2.9923
0.2329	1622.0000	81052.9	2.9923
0.2314	1623.0000	81052.9	2.9923
0.2308	1624.0000	81052.9	2.9923
0.2295	1625.0000	81052.9	2.9923
0.2293	1626.0000	81052.9	2.9923
0.2290	1627.0000	81052.9	2.9923
0.2285	1628.0000	81052.9	2.9923
0.2280	1629.0000	81052.9	2.9923
0.2277	1630.0000	81052.9	2.9923
0.2276	1631.0000	81052.9	2.9923
0.2275	1632.0000	81052.9	2.9923
0.2266	1633.0000	81052.9	2.9923
0.2265	1634.0000	81052.9	2.9923
0.2261	1635.0000	81052.9	2.9923
0.2256	1636.0000	81052.9	2.9923
0.2231	1637.0000	81052.9	2.9923
0.2218	1638.0000	81052.9	2.9923
0.2211	1639.0000	81052.9	2.9923
0.2203	1640.0000	81052.9	2.9923
0.2201	1641.0000	81052.9	2.9923
0.2196	1642.0000	81052.9	2.9923
0.2188	1643.0000	81052.9	2.9923
0.2185	1644.0000	81052.9	2.9923
0.2181	1645.0000	81052.9	2.9923
0.2178	1646.0000	81052.9	2.9923
0.2175	1647.0000	81052.9	2.9923
0.2165	1648.0000	81052.9	2.9923
0.2161	1649.0000	81052.9	2.9923
0.2160	1650.0000	81052.9	2.9923
0.2157	1651.0000	81052.9	2.9923
0.2147	1652.0000	81052.9	2.9923
0.2146	1653.0000	81052.9	2.9923
0.2139	1654.0000	81052.9	2.9923
0.2131	1655.0000	81052.9	2.9923
0.2123	1656.0000	81052.9	2.9923
0.2122	1657.0000	81052.9	2.9923
0.2112	1658.0000	81052.9	2.9923
0.2108	1659.0000	81052.9	2.9923
0.2105	1660.0000	81052.9	2.9923
0.2105	1661.0000	81052.9	2.9923
0.2094	1662.0000	81052.9	2.9923
0.2093	1663.0000	81052.9	2.9923
0.2085	1664.0000	81052.9	2.9923
0.2074	1665.0000	81052.9	2.9923
0.2070	1666.0000	81052.9	2.9923
0.2055	1667.0000	81052.9	2.9923
0.2051	1668.0000	81052.9	2.9923
0.2049	1669.0000	81052.9	2.9923
0.2049	1670.0000	81052.9	2.9923
0.2042	1671.0000	81052.9	2.9923
0.2022	1672.0000	81052.9	2.9923
0.1996	1673.0000	81052.9	2.9923
0.1996	1674.0000	81052.9	2.9923
0.1994	1675.0000	81052.9	2.9923
0.1990	1676.0000	81052.9	2.9923
0.1989	1677.0000	81052.9	2.9923
0.1980	1678.0000	81052.9	2.9923
0.1958	1679.0000	81052.9	2.9923
0.1950	1680.0000	81052.9	2.9923
0.1950	1681.0000	81052.9	2.9923
0.1943	1682.0000	81052.9	2.9923
0.1942	1683.0000	81052.9	2.9923
0.1938	1684.0000	81052.9	2.9923
0.1929	1685.0000	81052.9	2.9923
0.1924	1686.0000	81052.9	2.9923
0.1910	1687.0000	81052.9	2.9923
0.1908	1688.0000	81052.9	2.9923
0.1897	1689.0000	81052.9	2.9923
0.1892	1690.0000	81052.9	2.9923
0.1890	1691.0000	81052.9	2.9923
0.1883	1692.0000	81052.9	2.9923
0.1881	1693.0000	81052.9	2.9923
0.1875	1694.0000	81052.9	2.9923
0.1873	1695.0000	81052.9	2.9923
0.1871	1696.0000	81052.9	2.9923
0.1864	1697.0000	81052.9	2.9923
0.1860	1698.0000	81052.9	2.9923
0.1857	1699.0000	81052.9	2.9923
0.1855	1700.0000	81052.9	2.9923
0.1855	1701.0000	81052.9	2.9923
0.1849	1702.0000	81052.9	2.9923
0.1849	1703.0000	81052.9	2.9923
0.1832	1704.0000	81052.9	2.9923
0.1828	1705.0000	81052.9	2.9923
0.1817	1706.0000	81052.9	2.9923
0.1817	1707.0000	81052.9	2.9923
0.1812	1708.0000	81052.9	2.9923
0.1800	1709.0000	81052.9	2.9923
0.1794	1710.0000	81052.9	2.9923
0.1784	1711.0000	81052.9	2.9923
0.1782	1712.0000	81052.9	2.9923
0.1775	1713.0000	81052.9	2.9923
0.1765	1714.0000	81052.9	2.9923
0.1743	1715.0000	81052.9	2.9923
0.1726	1716.0000	81052.9	2.9923
0.1711	1717.0000	81052.9	2.9923
0.1710	1718.0000	81052.9	2.9923
0.1703	1719.0000	81052.9	2.9923
0.1689	1720.0000	81052.9	2.9923
0.1685	1721.0000	81052.9	2.9923
0.1684	1722.0000	81052.9	2.9923
0.1680	1723.0000	81052.9	2.9923
0.1679	1724.0000	81052.9	2.9923
0.1671	1725.0000	81052.9	2.9923
0.1661	1726.0000	81052.9	2.9923
0.1660	1727.0000	81052.9	2.9923
0.1659	1728.0000	81052.9	2.9923
0.1657	1729.0000	81052.9	2.9923
0.1644	1730.0000	81052.9	2.9923
0.1641	1731.0000	81052.9	2.9923
0.1634	1732.0000	81052.9	2.9923
0.1627	1733.0000	81052.9	2.9923
0.1623	1734.0000	81052.9	2.9923
0.1619	1735.0000	81052.9	2.9923
0.1616	1736.0000	81052.9	2.9923
0.1610	1737.0000	81052.9	2.9923
0.1609	1738.0000	81052.9	2.9923
0.1603	1739.0000	81052.9	2.9923
0.1599	1740.0000	81052.9	2.9923
0.1597	1741.0000	81052.9	2.9923
0.1595	1742.0000	81052.9	2.9923
0.1591	1743.0000	81052.9	2.9923
0.1588	1744.0000	81052.9	2.9923
0.1586	1745.0000	81052.9	2.9923
0.1576	1746.0000	81052.9	2.9923
0.1565	1747.0000	81052.9	2.9923
0.1563	1748.0000	81052.9	2.9923
0.1559	1749.0000	81052.9	2.9923
0.1549	1750.0000	81052.9	2.9923
0.1544	1751.0000	81052.9	2.9923
0.1540	1752.0000	81052.9	2.9923
0.1539	1753.0000	81052.9	2.9923
0.1529	1754.0000	81052.9	2.9923
0.1528	1755.0000	81052.9	2.9923
0.1521	1756.0000	81052.9	2.9923
0.1517	1757.0000	81052.9	2.9923
0.1510	1758.0000	81052.9	2.9923
0.1508	1759.0000	81052.9	2.9923
0.1496	1760.0000	81052.9	2.9923
0.1493	1761.0000	81052.9	2.9923
0.1488	1762.0000	81052.9	2.9923
0.1486	1763.0000	81052.9	2.9923
0.1485	1764.0000	81052.9	2.9923
0.1479	1765.0000	81052.9	2.9923
0.1478	1766.0000	81052.9	2.9923
0.1474	1767.0000	81052.9	2.9923
0.1467	1768.0000	81052.9	2.9923
0.1454	1769.0000	81052.9	2.9923
0.1447	1770.0000	81052.9	2.9923
0.1443	1771.0000	81052.9	2.9923
0.1439	1772.0000	81052.9	2.9923
0.1436	1773.0000	81052.9	2.9923
0.1433	1774.0000	81052.9	2.9923
0.1420	1775.0000	81052.9	2.9923
0.1420	1776.0000	81052.9	2.9923
0.1417	1777.0000	81052.9	2.9923
0.1409	1778.0000	81052.9	2.9923
0.1407	1779.0000	81052.9	2.9923
0.1407	1780.0000	81052.9	2.9923
0.1405	1781.0000	81052.9	2.9923
0.1398	1782.0000	81052.9	2.9923
0.1395	1783.0000	81052.9	2.9923
0.1391	1784.0000	81052.9	2.9923
0.1378	1785.0000	81052.9	2.9923
0.1376	1786.0000	81052.9	2.9923
0.1368	1787.0000	81052.9	2.9923
0.1367	1788.0000	81052.9	2.9923
0.1365	1789.0000	81052.9	2.9923
0.1358	1790.0000	81052.9	2.9923
0.1354	1791.0000	81052.9	2.9923
0.1351	1792.0000	81052.9	2.9923
0.1350	1793.0000	81052.9	2.9923
0.1349	1794.0000	81052.9	2.9923
0.1346	1795.0000	81052.9	2.9923
0.1334	1796.0000	81052.9	2.9923
0.1334	1797.0000	81052.9	2.9923
0.1334	1798.0000	81052.9	2.9923
0.1322	1799.0000	81052.9	2.9923
0.1318	1800.0000	81052.9	2.9923
0.1317	1801.0000	81052.9	2.9923
0.1316	1802.0000	81052.9	2.9923
0.1316	1803.0000	81052.9	2.9923
0.1310	1804.0000	81052.9	2.9923
0.1299	1805.0000	81052.9	2.9923
0.1299	1806.0000	81052.9	2.9923
0.1293	1807.0000	81052.9	2.9923
0.1291	1808.0000	81052.9	2.9923
0.1288	1809.0000	81052.9	2.9923
0.1281	1810.0000	81052.9	2.9923
0.1281	1811.0000	81052.9	2.9923
0.1276	1812.0000	81052.9	2.9923
0.1274	1813.0000	81052.9	2.9923
0.1274	1814.0000	81052.9	2.9923
0.1271	1815.0000	81052.9	2.9923
0.1260	1816.0000	81052.9	2.9923
0.1249	1817.0000	81052.9	2.9923
0.1248	1818.0000	81052.9	2.9923
0.1246	1819.0000	81052.9	2.9923
0.1232	1820.0000	81052.9	2.9923
0.1230	1821.0000	81052.9	2.9923
0.1223	1822.0000	81052.9	2.9923
0.1220	1823.0000	81052.9	2.9923
0.1216	1824.0000	81052.9	2.9923
0.1211	1825.0000	81052.9	2.9923
0.1203	1826.0000	81052.9	2.9923
0.1198	1827.0000	81052.9	2.9923
0.1182	1828.0000	81052.9	2.9923
0.1182	1829.0000	81052.9	2.9923
0.1173	1830.0000	81052.9	2.9923
0.1170	1831.0000	81052.9	2.9923
0.1168	1832.0000	81052.9	2.9923
0.1157	1833.0000	81052.9	2.9923
0.1152	1834.0000	81052.9	2.9923
0.1150	1835.0000	81052.9	2.9923
0.1143	1836.0000	81052.9	2.9923
0.1139	1837.0000	81052.9	2.9923
0.1136	1838.0000	81052.9	2.9923
0.1130	1839.0000	81052.9	2.9923
0.1129	1840.0000	81052.9	2.9923
0.1129	1841.0000	81052.9	2.9923
0.1124	1842.0000	81052.9	2.9923
0.1120	1843.0000	81052.9	2.9923
0.1120	1844.0000	81052.9	2.9923
0.1115	1845.0000	81052.9	2.9923
0.1113	1846.0000	81052.9	2.9923
0.1110	1847.0000	81052.9	2.9923
0.1105	1848.0000	81052.9	2.9923
0.1096	1849.0000	81052.9	2.9923
0.1087	1850.0000	81052.9	2.9923
0.1086	1851.0000	81052.9	2.9923
0.1084	1852.0000	81052.9	2.9923
0.1082	1853.0000	81052.9	2.9923
0.1077	1854.0000	81052.9	2.9923
0.1077	1855.0000	81052.9	2.9923
0.1075	1856.0000	81052.9	2.9923
0.1072	1857.0000	81052.9	2.9923
0.1065	1858.0000	81052.9	2.9923
0.1065	1859.0000	81052.9	2.9923
0.1061	1860.0000	81052.9	2.9923
0.1061	1861.0000	81052.9	2.9923
0.1059	1862.0000	81052.9	2.9923
0.1056	1863.0000	81052.9	2.9923
0.1049	1864.0000	81052.9	2.9923
0.1047	1865.0000	81052.9	2.9923
0.1040	1866.0000	81052.9	2.9923
0.1014	1867.0000	81052.9	2.9923
0.1006	1868.0000	81052.9	2.9923
0.0998	1869.0000	81052.9	2.9923
0.0998	1870.0000	81052.9	2.9923
0.0987	1871.0000	81052.9	2.9923
0.0986	1872.0000	81052.9	2.9923
0.0983	1873.0000	81052.9	2.9923
0.0979	1874.0000	81052.9	2.9923
0.0971	1875.0000	81052.9	2.9923
0.0969	1876.0000	81052.9	2.9923
0.0960	1877.0000	81052.9	2.9923
0.0957	1878.0000	81052.9	2.9923
0.0956	1879.0000	81052.9	2.9923
0.0955	1880.0000	81052.9	2.9923
0.0949	1881.0000	81052.9	2.9923
0.0947	1882.0000	81052.9	2.9923
0.0943	1883.0000	81052.9	2.9923
0.0942	1884.0000	81052.9	2.9923
0.0941	1885.0000	81052.9	2.9923
0.0939	1886.0000	81052.9	2.9923
0.0933	1887.0000	81052.9	2.9923
0.0931	1888.0000	81052.9	2.9923
0.0928	1889.0000	81052.9	2.9923
0.0926	1890.0000	81052.9	2.9923
0.0915	1891.0000	81052.9	2.9923
0.0914	1892.0000	81052.9	2.9923
0.0910	1893.0000	81052.9	2.9923
0.0906	1894.0000	81052.9	2.9923
0.0905	1895.0000	81052.9	2.9923
0.0903	1896.0000	81052.9	2.9923
0.0895	1897.0000	81052.9	2.9923
0.0895	1898.0000	81052.9	2.9923
0.0893	1899.0000	81052.9	2.9923
0.0887	1900.0000	81052.9	2.9923
0.0882	1901.0000	81052.9	2.9923
0.0880	1902.0000	81052.9	2.9923
0.0879	1903.0000	81052.9	2.9923
0.0877	1904.0000	81052.9	2.9923
0.0875	1905.0000	81052.9	2.9923
0.0870	1906.0000	81052.9	2.9923
0.0859	1907.0000	81052.9	2.9923
0.0858	1908.0000	81052.9	2.9923
0.0854	1909.0000	81052.9	2.9923
0.0854	1910.0000	81052.9	2.9923
0.0848	1911.0000	81052.9	2.9923
0.0840	1912.0000	81052.9	2.9923
0.0838	1913.0000	81052.9	2.9923
0.0836	1914.0000	81052.9	2.9923
0.0833	1915.0000	81052.9	2.9923
0.0832	1916.0000	81052.9	2.9923
0.0831	1917.0000	81052.9	2.9923
0.0825	1918.0000	81052.9	2.9923
0.0824	1919.0000	81052.9	2.9923
0.0822	1920.0000	81052.9	2.9923
0.0822	1921.0000	81052.9	2.9923
0.0819	1922.0000	81052.9	2.9923
0.0818	1923.0000	81052.9	2.9923
0.0814	1924.0000	81052.9	2.9923
0.0811	1925.0000	81052.9	2.9923
0.0806	1926.0000	81052.9	2.9923
0.0802	1927.0000	81052.9	2.9923
0.0802	1928.0000	81052.9	2.9923
0.0797	1929.0000	81052.9	2.9923
0.0795	1930.0000	81052.9	2.9923
0.0795	1931.0000	81052.9	2.9923
0.0785	1932.0000	81052.9	2.9923
0.0785	1933.0000	81052.9	2.9923
0.0783	1934.0000	81052.9	2.9923
0.0783	1935.0000	81052.9	2.9923
0.0780	1936.0000	81052.9	2.9923
0.0777	1937.0000	81052.9	2.9923
0.0777	1938.0000	81052.9	2.9923
0.0776	1939.0000	81052.9	2.9923
0.0775	1940.0000	81052.9	2.9923
0.0773	1941.0000	81052.9	2.9923
0.0773	1942.0000	81052.9	2.9923
0.0771	1943.0000	81052.9	2.9923
0.0770	1944.0000	81052.9	2.9923
0.0768	1945.0000	81052.9	2.9923
0.0766	1946.0000	81052.9	2.9923
0.0760	1947.0000	81052.9	2.9923
0.0759	1948.0000	81052.9	2.9923
0.0757	1949.0000	81052.9	2.9923
0.0751	1950.0000	81052.9	2.9923
0.0748	1951.0000	81052.9	2.9923
0.0745	1952.0000	81052.9	2.9923
0.0745	1953.0000	81052.9	2.9923
0.0742	1954.0000	81052.9	2.9923
0.0741	1955.0000	81052.9	2.9923
0.0740	1956.0000	81052.9	2.9923
0.0736	1957.0000	81052.9	2.9923
0.0734	1958.0000	81052.9	2.9923
0.0726	1959.0000	81052.9	2.9923
0.0722	1960.0000	81052.9	2.9923
0.0720	1961.0000	81052.9	2.9923
0.0717	1962.0000	81052.9	2.9923
0.0714	1963.0000	81052.9	2.9923
0.0714	1964.0000	81052.9	2.9923
0.0708	1965.0000	81052.9	2.9923
0.0707	1966.0000	81052.9	2.9923
0.0706	1967.0000	81052.9	2.9923
0.0703	1968.0000	81052.9	2.9923
0.0703	1969.0000	81052.9	2.9923
0.0700	1970.0000	81052.9	2.9923
0.0700	1971.0000	81052.9	2.9923
0.0696	1972.0000	81052.9	2.9923
0.0696	1973.0000	81052.9	2.9923
0.0695	1974.0000	81052.9	2.9923
0.0692	1975.0000	81052.9	2.9923
0.0691	1976.0000	81052.9	2.9923
0.0687	1977.0000	81052.9	2.9923
0.0687	1978.0000	81052.9	2.9923
0.0685	1979.0000	81052.9	2.9923
0.0681	1980.0000	81052.9	2.9923
0.0679	1981.0000	81052.9	2.9923
0.0671	1982.0000	81052.9	2.9923
0.0671	1983.0000	81052.9	2.9923
0.0670	1984.0000	81052.9	2.9923
0.0665	1985.0000	81052.9	2.9923
0.0664	1986.0000	81052.9	2.9923
0.0663	1987.0000	81052.9	2.9923
0.0663	1988.0000	81052.9	2.9923
0.0661	1989.0000	81052.9	2.9923
0.0660	1990.0000	81052.9	2.9923
0.0660	1991.0000	81052.9	2.9923
0.0658	1992.0000	81052.9	2.9923
0.0655	1993.0000	81052.9	2.9923
0.0652	1994.0000	81052.9	2.9923
0.0651	1995.0000	81052.9	2.9923
0.0651	1996.0000	81052.9	2.9923
0.0650	1997.0000	81052.9	2.9923
0.0646	1998.0000	81052.9	2.9923
0.0646	1999.0000	81052.9	2.9923
0.0644	2000.0000	81052.9	2.9923
0.0642	2001.0000	81052.9	2.9923
0.0641	2002.0000	81052.9	2.9923
0.0638	2003.0000	81052.9	2.9923
0.0636	2004.0000	81052.9	2.9923
0.0633	2005.0000	81052.9	2.9923
0.0628	2006.0000	81052.9	2.9923
0.0627	2007.0000	81052.9	2.9923
0.0627	2008.0000	81052.9	2.9923
0.0626	2009.0000	81052.9	2.9923
0.0622	2010.0000	81052.9	2.9923
0.0621	2011.0000	81052.9	2.9923
0.0620	2012.0000	81052.9	2.9923
0.0619	2013.0000	81052.9	2.9923
0.0618	2014.0000	81052.9	2.9923
0.0615	2015.0000	81052.9	2.9923
0.0613	2016.0000	81052.9	2.9923
0.0613	2017.0000	81052.9	2.9923
0.0608	2018.0000	81052.9	2.9923
0.0606	2019.0000	81052.9	2.9923
0.0605	2020.0000	81052.9	2.9923
0.0600	2021.0000	81052.9	2.9923
0.0600	2022.0000	81052.9	2.9923
0.0600	2023.0000	81052.9	2.9923
0.0599	2024.0000	81052.9	2.9923
0.0596	2025.0000	81052.9	2.9923
0.0596	2026.0000	81052.9	2.9923
0.0595	2027.0000	81052.9	2.9923
0.0594	2028.0000	81052.9	2.9923
0.0591	2029.0000	81052.9	2.9923
0.0591	2030.0000	81052.9	2.9923
0.0587	2031.0000	81052.9	2.9923
0.0587	2032.0000	81052.9	2.9923
0.0583	2033.0000	81052.9	2.9923
0.0581	2034.0000	81052.9	2.9923
0.0577	2035.0000	81052.9	2.9923
0.0571	2036.0000	81052.9	2.9923
0.0569	2037.0000	81052.9	2.9923
0.0563	2038.0000	81052.9	2.9923
0.0562	2039.0000	81052.9	2.9923
0.0558	2040.0000	81052.9	2.9923
0.0557	2041.0000	81052.9	2.9923
0.0556	2042.0000	81052.9	2.9923
0.0555	2043.0000	81052.9	2.9923
0.0555	2044.0000	81052.9	2.9923
0.0552	2045.0000	81052.9	2.9923
0.0548	2046.0000	81052.9	2.9923
0.0545	2047.0000	81052.9	2.9923
0.0545	2048.0000	81052.9	2.9923
0.0543	2049.0000	81052.9	2.9923
0.0541	2050.0000	81052.9	2.9923
0.0541	2051.0000	81052.9	2.9923
0.0541	2052.0000	81052.9	2.9923
0.0541	2053.0000	81052.9	2.9923
0.0537	2054.0000	81052.9	2.9923
0.0533	2055.0000	81052.9	2.9923
0.0532	2056.0000	81052.9	2.9923
0.0529	2057.0000	81052.9	2.9923
0.0523	2058.0000	81052.9	2.9923
0.0522	2059.0000	81052.9	2.9923
0.0521	2060.0000	81052.9	2.9923
0.0517	2061.0000	81052.9	2.9923
0.0516	2062.0000	81052.9	2.9923
0.0513	2063.0000	81052.9	2.9923
0.0513	2064.0000	81052.9	2.9923
0.0512	2065.0000	81052.9	2.9923
0.0508	2066.0000	81052.9	2.9923
0.0507	2067.0000	81052.9	2.9923
0.0507	2068.0000	81052.9	2.9923
0.0505	2069.0000	81052.9	2.9923
0.0502	2070.0000	81052.9	2.9923
0.0498	2071.0000	81052.9	2.9923
0.0490	2072.0000	81052.9	2.9923
0.0485	2073.0000	81052.9	2.9923
0.0483	2074.0000	81052.9	2.9923
0.0481	2075.0000	81052.9	2.9923
0.0481	2076.0000	81052.9	2.9923
0.0479	2077.0000	81052.9	2.9923
0.0478	2078.0000	81052.9	2.9923
0.0477	2079.0000	81052.9	2.9923
0.0471	2080.0000	81052.9	2.9923
0.0467	2081.0000	81052.9	2.9923
0.0465	2082.0000	81052.9	2.9923
0.0464	2083.0000	81052.9	2.9923
0.0462	2084.0000	81052.9	2.9923
0.0462	2085.0000	81052.9	2.9923
0.0460	2086.0000	81052.9	2.9923
0.0460	2087.0000	81052.9	2.9923
0.0459	2088.0000	81052.9	2.9923
0.0450	2089.0000	81052.9	2.9923
0.0450	2090.0000	81052.9	2.9923
0.0448	2091.0000	81052.9	2.9923
0.0440	2092.0000	81052.9	2.9923
0.0440	2093.0000	81052.9	2.9923
0.0434	2094.0000	81052.9	2.9923
0.0434	2095.0000	81052.9	2.9923
0.0433	2096.0000	81052.9	2.9923
0.0433	2097.0000	81052.9	2.9923
0.0433	2098.0000	81052.9	2.9923
0.0433	2099.0000	81052.9	2.9923
0.0432	2100.0000	81052.9	2.9923
0.0431	2101.0000	81052.9	2.9923
0.0429	2102.0000	81052.9	2.9923
0.0428	2103.0000	81052.9	2.9923
0.0426	2104.0000	81052.9	2.9923
0.0425	2105.0000	81052.9	2.9923
0.0424	2106.0000	81052.9	2.9923
0.0424	2107.0000	81052.9	2.9923
0.0424	2108.0000	81052.9	2.9923
0.0422	2109.0000	81052.9	2.9923
0.0420	2110.0000	81052.9	2.9923
0.0420	2111.0000	81052.9	2.9923
0.0420	2112.0000	81052.9	2.9923
0.0419	2113.0000	81052.9	2.9923
0.0418	2114.0000	81052.9	2.9923
0.0413	2115.0000	81052.9	2.9923
0.0412	2116.0000	81052.9	2.9923
0.0410	2117.0000	81052.9	2.9923
0.0406	2118.0000	81052.9	2.9923
0.0403	2119.0000	81052.9	2.9923
0.0401	2120.0000	81052.9	2.9923
0.0396	2121.0000	81052.9	2.9923
0.0395	2122.0000	81052.9	2.9923
0.0395	2123.0000	81052.9	2.9923
0.0391	2124.0000	81052.9	2.9923
0.0391	2125.0000	81052.9	2.9923
0.0390	2126.0000	81052.9	2.9923
0.0390	2127.0000	81052.9	2.9923
0.0387	2128.0000	81052.9	2.9923
0.0386	2129.0000	81052.9	2.9923
0.0386	2130.0000	81052.9	2.9923
0.0385	2131.0000	81052.9	2.9923
0.0383	2132.0000	81052.9	2.9923
0.0382	2133.0000	81052.9	2.9923
0.0380	2134.0000	81052.9	2.9923
0.0380	2135.0000	81052.9	2.9923
0.0378	2136.0000	81052.9	2.9923
0.0375	2137.0000	81052.9	2.9923
0.0374	2138.0000	81052.9	2.9923
0.0374	2139.0000	81052.9	2.9923
0.0371	2140.0000	81052.9	2.9923
0.0370	2141.0000	81052.9	2.9923
0.0369	2142.0000	81052.9	2.9923
0.0367	2143.0000	81052.9	2.9923
0.0364	2144.0000	81052.9	2.9923
0.0361	2145.0000	81052.9	2.9923
0.0356	2146.0000	81052.9	2.9923
0.0350	2147.0000	81052.9	2.9923
0.0350	2148.0000	81052.9	2.9923
0.0350	2149.0000	81052.9	2.9923
0.0349	2150.0000	81052.9	2.9923
0.0347	2151.0000	81052.9	2.9923
0.0347	2152.0000	81052.9	2.9923
0.0346	2153.0000	81052.9	2.9923
0.0346	2154.0000	81052.9	2.9923
0.0346	2155.0000	81052.9	2.9923
0.0346	2156.0000	81052.9	2.9923
0.0346	2157.0000	81052.9	2.9923
0.0346	2158.0000	81052.9	2.9923
0.0345	2159.0000	81052.9	2.9923
0.0342	2160.0000	81052.9	2.9923
0.0342	2161.0000	81052.9	2.9923
0.0340	2162.0000	81052.9	2.9923
0.0340	2163.0000	81052.9	2.9923
0.0337	2164.0000	81052.9	2.9923
0.0336	2165.0000	81052.9	2.9923
0.0334	2166.0000	81052.9	2.9923
0.0334	2167.0000	81052.9	2.9923
0.0334	2168.0000	81052.9	2.9923
0.0333	2169.0000	81052.9	2.9923
0.0330	2170.0000	81052.9	2.9923
0.0327	2171.0000	81052.9	2.9923
0.0327	2172.0000	81052.9	2.9923
0.0326	2173.0000	81052.9	2.9923
0.0325	2174.0000	81052.9	2.9923
0.0322	2175.0000	81052.9	2.9923
0.0322	2176.0000	81052.9	2.9923
0.0319	2177.0000	81052.9	2.9923
0.0314	2178.0000	81052.9	2.9923
0.0313	2179.0000	81052.9	2.9923
0.0313	2180.0000	81052.9	2.9923
0.0308	2181.0000	81052.9	2.9923
