i	x_from_vent	y_from_vent	x_coord	y_coord	sigma_square	mass_released
0	7157.3954	-10412.1805	685120.3954	3521750.8195	4400003.3030	5.3547e+06
1	8329.0243	-12334.2746	686292.0243	3519828.7254	4746466.4680	5.3329e+06
2	9550.0379	-14370.5302	687513.0379	3517792.4698	5103202.2211	5.3112e+06
3	10834.4693	-16473.4984	688797.4693	3515689.5016	5456310.6258	5.2896e+06
4	12228.7089	-18612.3394	690191.7089	3513550.6606	5805371.4183	5.2681e+06
5	13754.0386	-20772.5316	691717.0386	3511390.4684	6153573.1719	5.2466e+06
6	15398.3453	-22938.3040	693361.3453	3509224.6960	6502833.9387	5.2253e+06
7	17153.4627	-25096.1804	695116.4627	3507066.8196	6854007.3226	5.2040e+06
8	18992.8789	-27218.1467	696955.8789	3504944.8533	7206938.6029	5.1828e+06
9	20889.4050	-29280.6161	698852.4050	3502882.3839	7560827.3009	5.1618e+06
10	22825.0431	-31271.9862	700788.0431	3500891.0138	76665609.3335	5.1408e+06
11	24802.4642	-33187.9855	702765.4642	3498975.0145	84580112.6139	5.1199e+06
12	26824.7504	-35025.2035	704787.7504	3497137.7965	92761641.3021	5.0990e+06
13	28868.5429	-36791.3047	706831.5429	3495371.6953	101193974.8142	5.0783e+06
14	30927.7647	-38488.6649	708890.7647	3493674.3351	109858460.2735	5.0577e+06
15	33012.1095	-40111.6744	710975.1095	3492051.3256	118734098.2119	5.0371e+06
16	35122.6096	-41656.9154	713085.6096	3490506.0846	127800400.7907	5.0166e+06
17	37232.4334	-43138.1052	715195.4334	3489024.8948	137040450.1399	4.9962e+06
18	39346.7390	-44552.2470	717309.7390	3487610.7530	146433544.0692	4.9759e+06
19	41481.8244	-45886.3235	719444.8244	3486276.6765	155957233.0621	4.9557e+06
20	43600.9298	-47163.9710	721563.9298	3484999.0290	165596987.3901	4.9356e+06
21	45722.6291	-48371.9660	723685.6291	3483791.0340	175330545.8933	4.9155e+06
22	47841.2436	-49518.9990	725804.2436	3482644.0010	185138804.3793	4.8956e+06
23	49931.3452	-50622.2203	727894.3452	3481540.7797	194962125.6322	4.8757e+06
24	52031.8347	-51678.3619	729994.8347	3480484.6381	204855360.9394	4.8559e+06
25	54093.1292	-52705.8292	732056.1292	3479457.1708	214767636.9975	4.8362e+06
26	56149.9849	-53702.0982	734112.9849	3478460.9018	224672943.0347	4.8165e+06
27	58172.7417	-54670.0636	736135.7417	3477492.9364	234562874.6205	4.7970e+06
28	60181.3941	-55607.8091	738144.3941	3476555.1909	244417085.6235	4.7775e+06
29	62156.7539	-56517.7733	740119.7539	3475645.2267	254226796.0819	4.7581e+06
30	64114.8322	-57398.1434	742077.8322	3474764.8566	263974379.1377	4.7388e+06
31	66034.5779	-58252.3306	743997.5779	3473910.6694	273653652.3927	4.7196e+06
32	67940.0355	-59076.6794	745903.0355	3473086.3206	283246000.5562	4.7004e+06
33	69796.4554	-59877.9155	747759.4554	3472285.0845	292751191.0228	4.6814e+06
34	71647.4366	-60647.7250	749610.4366	3471515.2750	302145608.6732	4.6624e+06
35	73447.8979	-61395.9426	751410.8979	3470767.0574	311433891.2771	4.6435e+06
36	75227.9684	-62116.1789	753190.9684	3470046.8211	320597466.7227	4.6246e+06
37	76972.6801	-62812.4825	754935.6801	3469350.5175	329634868.4871	4.6059e+06
38	78672.6427	-63487.3290	756635.6427	3468675.6710	338549668.5840	4.5872e+06
39	80359.0387	-64132.9787	758322.0387	3468030.0213	347322374.5869	4.5686e+06
40	81995.8774	-64759.1505	759958.8774	3467403.8495	355956048.0984	4.5501e+06
41	83596.1938	-65362.4961	761559.1938	3466800.5039	364437526.1144	4.5317e+06
42	85171.7466	-65940.0405	763134.7466	3466222.9595	372754418.1485	4.5133e+06
43	86698.2959	-66499.1600	764661.2959	3465663.8400	380907947.2104	4.4950e+06
44	88185.7571	-67037.1514	766148.7571	3465125.8486	388887498.1659	4.4768e+06
45	89648.5090	-67549.9004	767611.5090	3464613.0996	396681035.3286	4.4587e+06
46	91062.9057	-68045.2847	769025.9057	3464117.7153	404291344.0188	4.4406e+06
47	92429.5455	-68523.5263	770392.5455	3463639.4737	411712593.2334	4.4226e+06
48	93773.5991	-68976.3896	771736.5991	3463186.6104	418929596.6111	4.4047e+06
49	95074.2183	-69411.4533	773037.2183	3462751.5467	425945503.5918	4.3869e+06
50	96327.7054	-69830.3886	774290.7054	3462332.6114	432757216.0502	4.3691e+06
51	97534.6148	-70233.3936	775497.6148	3461929.6064	439360273.7272	4.3514e+06
52	98719.1738	-70613.3226	776682.1738	3461549.6774	445743130.4380	4.3338e+06
53	99859.4915	-70977.2868	777822.4915	3461185.7132	451803253.1650	4.3163e+06
54	100952.6878	-71325.9265	778915.6878	3460837.0735	457749644.5427	4.2988e+06
55	101997.3219	-71658.8001	779960.3219	3460504.1999	463462725.3771	4.2814e+06
56	102995.2692	-71974.6831	780958.2692	3460188.3169	468926368.6160	4.2641e+06
57	103961.2001	-72269.2009	781924.2001	3459893.7991	474123135.7163	4.2468e+06
58	104873.6583	-72547.2113	782836.6583	3459615.7887	479043436.4688	4.2297e+06
59	105731.7215	-72808.4476	783694.7215	3459354.5524	483674960.0326	4.2125e+06
60	106534.5928	-73052.6818	784497.5928	3459110.3182	488006443.3632	4.1955e+06
61	107281.5906	-73279.7211	785244.5906	3458883.2789	492027661.0853	4.1785e+06
62	107972.1399	-73489.4058	785935.1399	3458673.5942	495729415.1037	4.1617e+06
63	108517.2242	-73653.7018	786480.2242	3458509.2982	498697662.7529	4.1448e+06
64	108855.2606	-73753.2207	786818.2606	3458409.7793	500640213.8458	4.1281e+06
65	109164.3047	-73844.0973	787127.3047	3458318.9027	502367996.3084	4.1114e+06
66	109444.2391	-73926.3130	787407.2391	3458236.6870	503878296.7998	4.0948e+06
67	109694.9855	-73999.8607	787657.9855	3458163.1393	505168939.9855	4.0782e+06
68	109916.5024	-74064.7444	787879.5024	3458098.2556	506238278.0659	4.0618e+06
69	110108.7836	-74120.9784	788071.7836	3458042.0216	507085181.3107	4.0453e+06
70	110271.8575	-74168.5872	788234.8575	3457994.4128	507709029.5923	4.0290e+06
71	110405.7853	-74207.6050	788368.7853	3457955.3950	508109704.9098	4.0127e+06
72	110511.2121	-74238.2374	788474.2121	3457924.7626	508280354.9763	3.9965e+06
73	110607.2491	-74266.1101	788570.2491	3457896.8899	508280354.9763	3.9804e+06
74	110703.2861	-74293.9829	788666.2861	3457869.0171	508280354.9763	3.9643e+06
75	110799.3232	-74321.8556	788762.3232	3457841.1444	508280354.9763	3.9483e+06
76	110895.3602	-74349.7283	788858.3602	3457813.2717	508280354.9763	3.9324e+06
77	110991.3972	-74377.6010	788954.3972	3457785.3990	508280354.9763	3.9165e+06
78	111087.4343	-74405.4738	789050.4343	3457757.5262	508280354.9763	3.9007e+06
79	111183.4713	-74433.3465	789146.4713	3457729.6535	508280354.9763	3.8850e+06
80	111279.5083	-74461.2192	789242.5083	3457701.7808	508280354.9763	3.8693e+06
81	111375.5453	-74489.0920	789338.5453	3457673.9080	508280354.9763	3.8537e+06
82	111471.5824	-74516.9647	789434.5824	3457646.0353	508280354.9763	3.8381e+06
83	111567.6194	-74544.8374	789530.6194	3457618.1626	508280354.9763	3.8227e+06
84	111663.6564	-74572.7101	789626.6564	3457590.2899	508280354.9763	3.8072e+06
85	111759.6935	-74600.5829	789722.6935	3457562.4171	508280354.9763	3.7919e+06
86	111855.7305	-74628.4556	789818.7305	3457534.5444	508280354.9763	3.7766e+06
87	111951.7675	-74656.3283	789914.7675	3457506.6717	508280354.9763	3.7614e+06
88	112047.8045	-74684.2011	790010.8045	3457478.7989	508280354.9763	3.7462e+06
89	112143.8416	-74712.0738	790106.8416	3457450.9262	508280354.9763	3.7311e+06
90	112239.8786	-74739.9465	790202.8786	3457423.0535	508280354.9763	3.7161e+06
91	112335.9156	-74767.8193	790298.9156	3457395.1807	508280354.9763	3.7011e+06
92	112431.9527	-74795.6920	790394.9527	3457367.3080	508280354.9763	3.6862e+06
93	112527.9897	-74823.5647	790490.9897	3457339.4353	508280354.9763	3.6713e+06
94	112624.0267	-74851.4374	790587.0267	3457311.5626	508280354.9763	3.6566e+06
95	112720.0637	-74879.3102	790683.0637	3457283.6898	508280354.9763	3.6418e+06
96	112816.1008	-74907.1829	790779.1008	3457255.8171	508280354.9763	3.6272e+06
97	112912.1378	-74935.0556	790875.1378	3457227.9444	508280354.9763	3.6126e+06
98	113008.1748	-74962.9284	790971.1748	3457200.0716	508280354.9763	3.5980e+06
99	113104.2119	-74990.8011	791067.2119	3457172.1989	508280354.9763	3.5835e+06
100	113200.2489	-75018.6738	791163.2489	3457144.3262	508280354.9763	3.5691e+06
101	113296.2859	-75046.5465	791259.2859	3457116.4535	508280354.9763	3.5547e+06
102	113392.3229	-75074.4193	791355.3229	3457088.5807	508280354.9763	3.5404e+06
103	113488.3600	-75102.2920	791451.3600	3457060.7080	508280354.9763	3.5262e+06
104	113584.3970	-75130.1647	791547.3970	3457032.8353	508280354.9763	3.5120e+06
105	113680.4340	-75158.0375	791643.4340	3457004.9625	508280354.9763	3.4979e+06
106	113776.4711	-75185.9102	791739.4711	3456977.0898	508280354.9763	3.4838e+06
107	113872.5081	-75213.7829	791835.5081	3456949.2171	508280354.9763	3.4698e+06
108	113968.5451	-75241.6557	791931.5451	3456921.3443	508280354.9763	3.4559e+06
109	114064.5822	-75269.5284	792027.5822	3456893.4716	508280354.9763	3.4420e+06
110	114160.6192	-75297.4011	792123.6192	3456865.5989	508280354.9763	3.4281e+06
111	114256.6562	-75325.2738	792219.6562	3456837.7262	508280354.9763	3.4143e+06
112	114352.6932	-75353.1466	792315.6932	3456809.8534	508280354.9763	3.4006e+06
113	114448.7303	-75381.0193	792411.7303	3456781.9807	508280354.9763	3.3870e+06
114	114544.7673	-75408.8920	792507.7673	3456754.1080	508280354.9763	3.3733e+06
115	114640.8043	-75436.7648	792603.8043	3456726.2352	508280354.9763	3.3598e+06
116	114736.8414	-75464.6375	792699.8414	3456698.3625	508280354.9763	3.3463e+06
117	114832.8784	-75492.5102	792795.8784	3456670.4898	508280354.9763	3.3328e+06
118	114928.9154	-75520.3829	792891.9154	3456642.6171	508280354.9763	3.3195e+06
119	115024.9524	-75548.2557	792987.9524	3456614.7443	508280354.9763	3.3061e+06
120	115120.9895	-75576.1284	793083.9895	3456586.8716	508280354.9763	3.2929e+06
121	115217.0265	-75604.0011	793180.0265	3456558.9989	508280354.9763	3.2796e+06
122	115313.0635	-75631.8739	793276.0635	3456531.1261	508280354.9763	3.2665e+06
123	115409.1006	-75659.7466	793372.1006	3456503.2534	508280354.9763	3.2534e+06
124	115505.1376	-75687.6193	793468.1376	3456475.3807	508280354.9763	3.2403e+06
125	115601.1746	-75715.4921	793564.1746	3456447.5079	508280354.9763	3.2273e+06
126	115697.2116	-75743.3648	793660.2116	3456419.6352	508280354.9763	3.2143e+06
127	115793.2487	-75771.2375	793756.2487	3456391.7625	508280354.9763	3.2015e+06
128	115889.2857	-75799.1102	793852.2857	3456363.8898	508280354.9763	3.1886e+06
129	115985.3227	-75826.9830	793948.3227	3456336.0170	508280354.9763	3.1758e+06
130	116081.3598	-75854.8557	794044.3598	3456308.1443	508280354.9763	3.1631e+06
131	116177.3968	-75882.7284	794140.3968	3456280.2716	508280354.9763	3.1504e+06
132	116273.4338	-75910.6012	794236.4338	3456252.3988	508280354.9763	3.1378e+06
133	116369.4708	-75938.4739	794332.4708	3456224.5261	508280354.9763	3.1252e+06
134	116465.5079	-75966.3466	794428.5079	3456196.6534	508280354.9763	3.1127e+06
135	116561.5449	-75994.2193	794524.5449	3456168.7807	508280354.9763	3.1002e+06
136	116657.5819	-76022.0921	794620.5819	3456140.9079	508280354.9763	3.0878e+06
137	116753.6190	-76049.9648	794716.6190	3456113.0352	508280354.9763	3.0754e+06
138	116849.6560	-76077.8375	794812.6560	3456085.1625	508280354.9763	3.0631e+06
139	116945.6930	-76105.7103	794908.6930	3456057.2897	508280354.9763	3.0508e+06
140	117041.7301	-76133.5830	795004.7301	3456029.4170	508280354.9763	3.0386e+06
141	117137.7671	-76161.4557	795100.7671	3456001.5443	508280354.9763	3.0264e+06
142	117233.8041	-76189.3285	795196.8041	3455973.6715	508280354.9763	3.0143e+06
143	117329.8411	-76217.2012	795292.8411	3455945.7988	508280354.9763	3.0022e+06
144	117425.8782	-76245.0739	795388.8782	3455917.9261	508280354.9763	2.9902e+06
145	117521.9152	-76272.9466	795484.9152	3455890.0534	508280354.9763	2.9782e+06
146	117617.9522	-76300.8194	795580.9522	3455862.1806	508280354.9763	2.9663e+06
147	117713.9893	-76328.6921	795676.9893	3455834.3079	508280354.9763	2.9544e+06
148	117810.0263	-76356.5648	795773.0263	3455806.4352	508280354.9763	2.9426e+06
149	117906.0633	-76384.4376	795869.0633	3455778.5624	508280354.9763	2.9308e+06
150	118002.1003	-76412.3103	795965.1003	3455750.6897	508280354.9763	2.9191e+06
151	118098.1374	-76440.1830	796061.1374	3455722.8170	508280354.9763	2.9074e+06
152	118194.1744	-76468.0557	796157.1744	3455694.9443	508280354.9763	2.8958e+06
153	118290.2114	-76495.9285	796253.2114	3455667.0715	508280354.9763	2.8842e+06
154	118386.2485	-76523.8012	796349.2485	3455639.1988	508280354.9763	2.8727e+06
155	118482.2855	-76551.6739	796445.2855	3455611.3261	508280354.9763	2.8612e+06
156	118578.3225	-76579.5467	796541.3225	3455583.4533	508280354.9763	2.8498e+06
157	118674.3595	-76607.4194	796637.3595	3455555.5806	508280354.9763	2.8384e+06
158	118770.3966	-76635.2921	796733.3966	3455527.7079	508280354.9763	2.8270e+06
159	118866.4336	-76663.1649	796829.4336	3455499.8351	508280354.9763	2.8157e+06
160	118962.4706	-76691.0376	796925.4706	3455471.9624	508280354.9763	2.8045e+06
161	119058.5077	-76718.9103	797021.5077	3455444.0897	508280354.9763	2.7933e+06
162	119154.5447	-76746.7830	797117.5447	3455416.2170	508280354.9763	2.7821e+06
163	119250.5817	-76774.6558	797213.5817	3455388.3442	508280354.9763	2.7710e+06
164	119346.6188	-76802.5285	797309.6188	3455360.4715	508280354.9763	2.7599e+06
165	119442.6558	-76830.4012	797405.6558	3455332.5988	508280354.9763	2.7489e+06
166	119538.6928	-76858.2740	797501.6928	3455304.7260	508280354.9763	2.7379e+06
167	119634.7298	-76886.1467	797597.7298	3455276.8533	508280354.9763	2.7270e+06
168	119730.7669	-76914.0194	797693.7669	3455248.9806	508280354.9763	2.7161e+06
169	119826.8039	-76941.8921	797789.8039	3455221.1079	508280354.9763	2.7053e+06
170	119922.8409	-76969.7649	797885.8409	3455193.2351	508280354.9763	2.6945e+06
171	120018.8780	-76997.6376	797981.8780	3455165.3624	508280354.9763	2.6837e+06
172	120114.9150	-77025.5103	798077.9150	3455137.4897	508280354.9763	2.6730e+06
173	120210.9520	-77053.3831	798173.9520	3455109.6169	508280354.9763	2.6623e+06
174	120306.9890	-77081.2558	798269.9890	3455081.7442	508280354.9763	2.6517e+06
175	120403.0261	-77109.1285	798366.0261	3455053.8715	508280354.9763	2.6411e+06
176	120499.0631	-77137.0013	798462.0631	3455025.9987	508280354.9763	2.6306e+06
177	120595.1001	-77164.8740	798558.1001	3454998.1260	508280354.9763	2.6201e+06
178	120691.1372	-77192.7467	798654.1372	3454970.2533	508280354.9763	2.6097e+06
179	120787.1742	-77220.6194	798750.1742	3454942.3806	508280354.9763	2.5993e+06
180	120883.2112	-77248.4922	798846.2112	3454914.5078	508280354.9763	2.5889e+06
181	120979.2482	-77276.3649	798942.2482	3454886.6351	508280354.9763	2.5786e+06
182	121075.2853	-77304.2376	799038.2853	3454858.7624	508280354.9763	2.5683e+06
183	121171.3223	-77332.1104	799134.3223	3454830.8896	508280354.9763	2.5581e+06
184	121267.3593	-77359.9831	799230.3593	3454803.0169	508280354.9763	2.5479e+06
185	121363.3964	-77387.8558	799326.3964	3454775.1442	508280354.9763	2.5377e+06
186	121459.4334	-77415.7285	799422.4334	3454747.2715	508280354.9763	2.5276e+06
187	121555.4704	-77443.6013	799518.4704	3454719.3987	508280354.9763	2.5176e+06
188	121651.5074	-77471.4740	799614.5074	3454691.5260	508280354.9763	2.5075e+06
189	121747.5445	-77499.3467	799710.5445	3454663.6533	508280354.9763	2.4975e+06
190	121843.5815	-77527.2195	799806.5815	3454635.7805	508280354.9763	2.4876e+06
191	121939.6185	-77555.0922	799902.6185	3454607.9078	508280354.9763	2.4777e+06
192	122035.6556	-77582.9649	799998.6556	3454580.0351	508280354.9763	2.4678e+06
193	122131.6926	-77610.8377	800094.6926	3454552.1623	508280354.9763	2.4580e+06
194	122227.7296	-77638.7104	800190.7296	3454524.2896	508280354.9763	2.4482e+06
195	122323.7667	-77666.5831	800286.7667	3454496.4169	508280354.9763	2.4385e+06
196	122419.8037	-77694.4558	800382.8037	3454468.5442	508280354.9763	2.4288e+06
197	122515.8407	-77722.3286	800478.8407	3454440.6714	508280354.9763	2.4191e+06
198	122611.8777	-77750.2013	800574.8777	3454412.7987	508280354.9763	2.4095e+06
199	122707.9148	-77778.0740	800670.9148	3454384.9260	508280354.9763	2.3999e+06
200	122803.9518	-77805.9468	800766.9518	3454357.0532	508280354.9763	2.3904e+06
201	122899.9888	-77833.8195	800862.9888	3454329.1805	508280354.9763	2.3809e+06
202	122996.0259	-77861.6922	800959.0259	3454301.3078	508280354.9763	2.3714e+06
203	123092.0629	-77889.5649	801055.0629	3454273.4351	508280354.9763	2.3620e+06
204	123188.0999	-77917.4377	801151.0999	3454245.5623	508280354.9763	2.3526e+06
205	123284.1369	-77945.3104	801247.1369	3454217.6896	508280354.9763	2.3433e+06
206	123380.1740	-77973.1831	801343.1740	3454189.8169	508280354.9763	2.3339e+06
207	123476.2110	-78001.0559	801439.2110	3454161.9441	508280354.9763	2.3247e+06
208	123572.2480	-78028.9286	801535.2480	3454134.0714	508280354.9763	2.3154e+06
209	123668.2851	-78056.8013	801631.2851	3454106.1987	508280354.9763	2.3062e+06
210	123764.3221	-78084.6741	801727.3221	3454078.3259	508280354.9763	2.2971e+06
211	123860.3591	-78112.5468	801823.3591	3454050.4532	508280354.9763	2.2880e+06
212	123956.3961	-78140.4195	801919.3961	3454022.5805	508280354.9763	2.2789e+06
213	124052.4332	-78168.2922	802015.4332	3453994.7078	508280354.9763	2.2698e+06
214	124148.4702	-78196.1650	802111.4702	3453966.8350	508280354.9763	2.2608e+06
215	124244.5072	-78224.0377	802207.5072	3453938.9623	508280354.9763	2.2518e+06
216	124340.5443	-78251.9104	802303.5443	3453911.0896	508280354.9763	2.2429e+06
217	124436.5813	-78279.7832	802399.5813	3453883.2168	508280354.9763	2.2340e+06
218	124532.6183	-78307.6559	802495.6183	3453855.3441	508280354.9763	2.2251e+06
219	124628.6554	-78335.5286	802591.6554	3453827.4714	508280354.9763	2.2163e+06
220	124724.6924	-78363.4013	802687.6924	3453799.5987	508280354.9763	2.2075e+06
221	124820.7294	-78391.2741	802783.7294	3453771.7259	508280354.9763	2.1988e+06
222	124916.7664	-78419.1468	802879.7664	3453743.8532	508280354.9763	2.1901e+06
223	125012.8035	-78447.0195	802975.8035	3453715.9805	508280354.9763	2.1814e+06
224	125108.8405	-78474.8923	803071.8405	3453688.1077	508280354.9763	2.1727e+06
225	125204.8775	-78502.7650	803167.8775	3453660.2350	508280354.9763	2.1641e+06
226	125300.9146	-78530.6377	803263.9146	3453632.3623	508280354.9763	2.1555e+06
227	125396.9516	-78558.5105	803359.9516	3453604.4895	508280354.9763	2.1470e+06
228	125492.9886	-78586.3832	803455.9886	3453576.6168	508280354.9763	2.1385e+06
229	125589.0256	-78614.2559	803552.0256	3453548.7441	508280354.9763	2.1300e+06
230	125685.0627	-78642.1286	803648.0627	3453520.8714	508280354.9763	2.1216e+06
231	125781.0997	-78670.0014	803744.0997	3453492.9986	508280354.9763	2.1132e+06
232	125877.1367	-78697.8741	803840.1367	3453465.1259	508280354.9763	2.1048e+06
233	125973.1738	-78725.7468	803936.1738	3453437.2532	508280354.9763	2.0965e+06
234	126069.2108	-78753.6196	804032.2108	3453409.3804	508280354.9763	2.0882e+06
235	126165.2478	-78781.4923	804128.2478	3453381.5077	508280354.9763	2.0799e+06
236	126261.2848	-78809.3650	804224.2848	3453353.6350	508280354.9763	2.0717e+06
237	126357.3219	-78837.2377	804320.3219	3453325.7623	508280354.9763	2.0635e+06
238	126453.3589	-78865.1105	804416.3589	3453297.8895	508280354.9763	2.0553e+06
239	126549.3959	-78892.9832	804512.3959	3453270.0168	508280354.9763	2.0472e+06
240	126645.4330	-78920.8559	804608.4330	3453242.1441	508280354.9763	2.0391e+06
241	126741.4700	-78948.7287	804704.4700	3453214.2713	508280354.9763	2.0310e+06
242	126837.5070	-78976.6014	804800.5070	3453186.3986	508280354.9763	2.0230e+06
243	126933.5440	-79004.4741	804896.5440	3453158.5259	508280354.9763	2.0150e+06
244	127029.5811	-79032.3469	804992.5811	3453130.6531	508280354.9763	2.0070e+06
245	127125.6181	-79060.2196	805088.6181	3453102.7804	508280354.9763	1.9991e+06
246	127221.6551	-79088.0923	805184.6551	3453074.9077	508280354.9763	1.9912e+06
247	127317.6922	-79115.9650	805280.6922	3453047.0350	508280354.9763	1.9833e+06
248	127413.7292	-79143.8378	805376.7292	3453019.1622	508280354.9763	1.9754e+06
249	127509.7662	-79171.7105	805472.7662	3452991.2895	508280354.9763	1.9676e+06
250	127605.8033	-79199.5832	805568.8033	3452963.4168	508280354.9763	1.9599e+06
251	127701.8403	-79227.4560	805664.8403	3452935.5440	508280354.9763	1.9521e+06
252	127797.8773	-79255.3287	805760.8773	3452907.6713	508280354.9763	1.9444e+06
253	127893.9143	-79283.2014	805856.9143	3452879.7986	508280354.9763	1.9367e+06
254	127989.9514	-79311.0741	805952.9514	3452851.9259	508280354.9763	1.9291e+06
255	128085.9884	-79338.9469	806048.9884	3452824.0531	508280354.9763	1.9215e+06
256	128182.0254	-79366.8196	806145.0254	3452796.1804	508280354.9763	1.9139e+06
257	128278.0625	-79394.6923	806241.0625	3452768.3077	508280354.9763	1.9063e+06
258	128374.0995	-79422.5651	806337.0995	3452740.4349	508280354.9763	1.8988e+06
259	128470.1365	-79450.4378	806433.1365	3452712.5622	508280354.9763	1.8913e+06
260	128566.1735	-79478.3105	806529.1735	3452684.6895	508280354.9763	1.8838e+06
261	128662.2106	-79506.1833	806625.2106	3452656.8167	508280354.9763	1.8764e+06
262	128758.2476	-79534.0560	806721.2476	3452628.9440	508280354.9763	1.8690e+06
263	128854.2846	-79561.9287	806817.2846	3452601.0713	508280354.9763	1.8616e+06
264	128950.3217	-79589.8014	806913.3217	3452573.1986	508280354.9763	1.8543e+06
265	129046.3587	-79617.6742	807009.3587	3452545.3258	508280354.9763	1.8470e+06
266	129142.3957	-79645.5469	807105.3957	3452517.4531	508280354.9763	1.8397e+06
267	129238.4327	-79673.4196	807201.4327	3452489.5804	508280354.9763	1.8324e+06
268	129334.4698	-79701.2924	807297.4698	3452461.7076	508280354.9763	1.8252e+06
269	129430.5068	-79729.1651	807393.5068	3452433.8349	508280354.9763	1.8180e+06
270	129526.5438	-79757.0378	807489.5438	3452405.9622	508280354.9763	1.8108e+06
271	129622.5809	-79784.9105	807585.5809	3452378.0895	508280354.9763	1.8037e+06
272	129718.6179	-79812.7833	807681.6179	3452350.2167	508280354.9763	1.7966e+06
273	129814.6549	-79840.6560	807777.6549	3452322.3440	508280354.9763	1.7895e+06
274	129910.6919	-79868.5287	807873.6919	3452294.4713	508280354.9763	1.7825e+06
275	130006.7290	-79896.4015	807969.7290	3452266.5985	508280354.9763	1.7754e+06
276	130102.7660	-79924.2742	808065.7660	3452238.7258	508280354.9763	1.7685e+06
277	130198.8030	-79952.1469	808161.8030	3452210.8531	508280354.9763	1.7615e+06
278	130294.8401	-79980.0197	808257.8401	3452182.9803	508280354.9763	1.7546e+06
279	130390.8771	-80007.8924	808353.8771	3452155.1076	508280354.9763	1.7476e+06
280	130486.9141	-80035.7651	808449.9141	3452127.2349	508280354.9763	1.7408e+06
281	130582.9512	-80063.6378	808545.9512	3452099.3622	508280354.9763	1.7339e+06
282	130678.9882	-80091.5106	808641.9882	3452071.4894	508280354.9763	1.7271e+06
283	130775.0252	-80119.3833	808738.0252	3452043.6167	508280354.9763	1.7203e+06
284	130871.0622	-80147.2560	808834.0622	3452015.7440	508280354.9763	1.7135e+06
285	130967.0993	-80175.1288	808930.0993	3451987.8712	508280354.9763	1.7068e+06
286	131063.1363	-80203.0015	809026.1363	3451959.9985	508280354.9763	1.7001e+06
287	131159.1733	-80230.8742	809122.1733	3451932.1258	508280354.9763	1.6934e+06
288	131255.2104	-80258.7470	809218.2104	3451904.2530	508280354.9763	1.6867e+06
289	131351.2474	-80286.6197	809314.2474	3451876.3803	508280354.9763	1.6801e+06
290	131447.2844	-80314.4924	809410.2844	3451848.5076	508280354.9763	1.6735e+06
291	131543.3214	-80342.3651	809506.3214	3451820.6349	508280354.9763	1.6669e+06
292	131639.3585	-80370.2379	809602.3585	3451792.7621	508280354.9763	1.6604e+06
293	131735.3955	-80398.1106	809698.3955	3451764.8894	508280354.9763	1.6538e+06
294	131831.4325	-80425.9833	809794.4325	3451737.0167	508280354.9763	1.6473e+06
295	131927.4696	-80453.8561	809890.4696	3451709.1439	508280354.9763	1.6409e+06
296	132023.5066	-80481.7288	809986.5066	3451681.2712	508280354.9763	1.6344e+06
297	132119.5436	-80509.6015	810082.5436	3451653.3985	508280354.9763	1.6280e+06
298	132215.5806	-80537.4742	810178.5806	3451625.5258	508280354.9763	1.6216e+06
299	132311.6177	-80565.3470	810274.6177	3451597.6530	508280354.9763	1.6152e+06
300	132407.6547	-80593.2197	810370.6547	3451569.7803	508280354.9763	1.6089e+06
301	132503.6917	-80621.0924	810466.6917	3451541.9076	508280354.9763	1.6026e+06
302	132599.7288	-80648.9652	810562.7288	3451514.0348	508280354.9763	1.5963e+06
303	132695.7658	-80676.8379	810658.7658	3451486.1621	508280354.9763	1.5900e+06
304	132791.8028	-80704.7106	810754.8028	3451458.2894	508280354.9763	1.5838e+06
305	132887.8399	-80732.5834	810850.8399	3451430.4166	508280354.9763	1.5776e+06
306	132983.8769	-80760.4561	810946.8769	3451402.5439	508280354.9763	1.5714e+06
307	133079.9139	-80788.3288	811042.9139	3451374.6712	508280354.9763	1.5652e+06
308	133175.9509	-80816.2015	811138.9509	3451346.7985	508280354.9763	1.5591e+06
309	133271.9880	-80844.0743	811234.9880	3451318.9257	508280354.9763	1.5530e+06
310	133368.0250	-80871.9470	811331.0250	3451291.0530	508280354.9763	1.5469e+06
311	133464.0620	-80899.8197	811427.0620	3451263.1803	508280354.9763	1.5408e+06
312	133560.0991	-80927.6925	811523.0991	3451235.3075	508280354.9763	1.5348e+06
313	133656.1361	-80955.5652	811619.1361	3451207.4348	508280354.9763	1.5287e+06
314	133752.1731	-80983.4379	811715.1731	3451179.5621	508280354.9763	1.5228e+06
315	133848.2101	-81011.3106	811811.2101	3451151.6894	508280354.9763	1.5168e+06
316	133944.2472	-81039.1834	811907.2472	3451123.8166	508280354.9763	1.5108e+06
317	134040.2842	-81067.0561	812003.2842	3451095.9439	508280354.9763	1.5049e+06
318	134136.3212	-81094.9288	812099.3212	3451068.0712	508280354.9763	1.4990e+06
319	134232.3583	-81122.8016	812195.3583	3451040.1984	508280354.9763	1.4932e+06
320	134328.3953	-81150.6743	812291.3953	3451012.3257	508280354.9763	1.4873e+06
321	134424.4323	-81178.5470	812387.4323	3450984.4530	508280354.9763	1.4815e+06
322	134520.4693	-81206.4198	812483.4693	3450956.5802	508280354.9763	1.4757e+06
323	134616.5064	-81234.2925	812579.5064	3450928.7075	508280354.9763	1.4699e+06
324	134712.5434	-81262.1652	812675.5434	3450900.8348	508280354.9763	1.4642e+06
325	134808.5804	-81290.0379	812771.5804	3450872.9621	508280354.9763	1.4584e+06
326	134904.6175	-81317.9107	812867.6175	3450845.0893	508280354.9763	1.4527e+06
327	135000.6545	-81345.7834	812963.6545	3450817.2166	508280354.9763	1.4470e+06
328	135096.6915	-81373.6561	813059.6915	3450789.3439	508280354.9763	1.4414e+06
329	135192.7285	-81401.5289	813155.7285	3450761.4711	508280354.9763	1.4357e+06
330	135288.7656	-81429.4016	813251.7656	3450733.5984	508280354.9763	1.4301e+06
331	135384.8026	-81457.2743	813347.8026	3450705.7257	508280354.9763	1.4245e+06
332	135480.8396	-81485.1470	813443.8396	3450677.8530	508280354.9763	1.4190e+06
333	135576.8767	-81513.0198	813539.8767	3450649.9802	508280354.9763	1.4134e+06
334	135672.9137	-81540.8925	813635.9137	3450622.1075	508280354.9763	1.4079e+06
335	135768.9507	-81568.7652	813731.9507	3450594.2348	508280354.9763	1.4024e+06
336	135864.9878	-81596.6380	813827.9878	3450566.3620	508280354.9763	1.3969e+06
337	135961.0248	-81624.5107	813924.0248	3450538.4893	508280354.9763	1.3914e+06
338	136057.0618	-81652.3834	814020.0618	3450510.6166	508280354.9763	1.3860e+06
339	136153.0988	-81680.2562	814116.0988	3450482.7438	508280354.9763	1.3806e+06
340	136249.1359	-81708.1289	814212.1359	3450454.8711	508280354.9763	1.3752e+06
341	136345.1729	-81736.0016	814308.1729	3450426.9984	508280354.9763	1.3698e+06
342	136441.2099	-81763.8743	814404.2099	3450399.1257	508280354.9763	1.3645e+06
343	136537.2470	-81791.7471	814500.2470	3450371.2529	508280354.9763	1.3592e+06
344	136633.2840	-81819.6198	814596.2840	3450343.3802	508280354.9763	1.3538e+06
345	136729.3210	-81847.4925	814692.3210	3450315.5075	508280354.9763	1.3486e+06
346	136825.3580	-81875.3653	814788.3580	3450287.6347	508280354.9763	1.3433e+06
347	136921.3951	-81903.2380	814884.3951	3450259.7620	508280354.9763	1.3381e+06
348	137017.4321	-81931.1107	814980.4321	3450231.8893	508280354.9763	1.3328e+06
349	137113.4691	-81958.9834	815076.4691	3450204.0166	508280354.9763	1.3276e+06
350	137209.5062	-81986.8562	815172.5062	3450176.1438	508280354.9763	1.3225e+06
351	137305.5432	-82014.7289	815268.5432	3450148.2711	508280354.9763	1.3173e+06
352	137401.5802	-82042.6016	815364.5802	3450120.3984	508280354.9763	1.3122e+06
353	137497.6172	-82070.4744	815460.6172	3450092.5256	508280354.9763	1.3070e+06
354	137593.6543	-82098.3471	815556.6543	3450064.6529	508280354.9763	1.3019e+06
355	137689.6913	-82126.2198	815652.6913	3450036.7802	508280354.9763	1.2969e+06
356	137785.7283	-82154.0926	815748.7283	3450008.9074	508280354.9763	1.2918e+06
357	137881.7654	-82181.9653	815844.7654	3449981.0347	508280354.9763	1.2868e+06
358	137977.8024	-82209.8380	815940.8024	3449953.1620	508280354.9763	1.2818e+06
359	138073.8394	-82237.7107	816036.8394	3449925.2893	508280354.9763	1.2768e+06
360	138169.8765	-82265.5835	816132.8765	3449897.4165	508280354.9763	1.2718e+06
361	138265.9135	-82293.4562	816228.9135	3449869.5438	508280354.9763	1.2668e+06
362	138361.9505	-82321.3289	816324.9505	3449841.6711	508280354.9763	1.2619e+06
363	138457.9875	-82349.2017	816420.9875	3449813.7983	508280354.9763	1.2570e+06
364	138554.0246	-82377.0744	816517.0246	3449785.9256	508280354.9763	1.2521e+06
365	138650.0616	-82404.9471	816613.0616	3449758.0529	508280354.9763	1.2472e+06
366	138746.0986	-82432.8198	816709.0986	3449730.1802	508280354.9763	1.2424e+06
367	138842.1357	-82460.6926	816805.1357	3449702.3074	508280354.9763	1.2375e+06
368	138938.1727	-82488.5653	816901.1727	3449674.4347	508280354.9763	1.2327e+06
369	139034.2097	-82516.4380	816997.2097	3449646.5620	508280354.9763	1.2279e+06
370	139130.2467	-82544.3108	817093.2467	3449618.6892	508280354.9763	1.2231e+06
371	139226.2838	-82572.1835	817189.2838	3449590.8165	508280354.9763	1.2184e+06
372	139322.3208	-82600.0562	817285.3208	3449562.9438	508280354.9763	1.2137e+06
373	139418.3578	-82627.9290	817381.3578	3449535.0710	508280354.9763	1.2089e+06
374	139514.3949	-82655.8017	817477.3949	3449507.1983	508280354.9763	1.2042e+06
375	139610.4319	-82683.6744	817573.4319	3449479.3256	508280354.9763	1.1995e+06
376	139706.4689	-82711.5471	817669.4689	3449451.4529	508280354.9763	1.1949e+06
377	139802.5059	-82739.4199	817765.5059	3449423.5801	508280354.9763	1.1902e+06
378	139898.5430	-82767.2926	817861.5430	3449395.7074	508280354.9763	1.1856e+06
379	139994.5800	-82795.1653	817957.5800	3449367.8347	508280354.9763	1.1810e+06
380	140090.6170	-82823.0381	818053.6170	3449339.9619	508280354.9763	1.1764e+06
381	140186.6541	-82850.9108	818149.6541	3449312.0892	508280354.9763	1.1718e+06
382	140282.6911	-82878.7835	818245.6911	3449284.2165	508280354.9763	1.1673e+06
383	140378.7281	-82906.6562	818341.7281	3449256.3438	508280354.9763	1.1628e+06
384	140474.7651	-82934.5290	818437.7651	3449228.4710	508280354.9763	1.1582e+06
385	140570.8022	-82962.4017	818533.8022	3449200.5983	508280354.9763	1.1538e+06
386	140666.8392	-82990.2744	818629.8392	3449172.7256	508280354.9763	1.1493e+06
387	140762.8762	-83018.1472	818725.8762	3449144.8528	508280354.9763	1.1448e+06
388	140858.9133	-83046.0199	818821.9133	3449116.9801	508280354.9763	1.1404e+06
389	140954.9503	-83073.8926	818917.9503	3449089.1074	508280354.9763	1.1359e+06
390	141050.9873	-83101.7654	819013.9873	3449061.2346	508280354.9763	1.1315e+06
391	141147.0244	-83129.6381	819110.0244	3449033.3619	508280354.9763	1.1271e+06
392	141243.0614	-83157.5108	819206.0614	3449005.4892	508280354.9763	1.1228e+06
393	141339.0984	-83185.3835	819302.0984	3448977.6165	508280354.9763	1.1184e+06
394	141435.1354	-83213.2563	819398.1354	3448949.7437	508280354.9763	1.1141e+06
395	141531.1725	-83241.1290	819494.1725	3448921.8710	508280354.9763	1.1098e+06
396	141627.2095	-83269.0017	819590.2095	3448893.9983	508280354.9763	1.1055e+06
397	141723.2465	-83296.8745	819686.2465	3448866.1255	508280354.9763	1.1012e+06
398	141819.2836	-83324.7472	819782.2836	3448838.2528	508280354.9763	1.0969e+06
399	141915.3206	-83352.6199	819878.3206	3448810.3801	508280354.9763	1.0927e+06
400	142011.3576	-83380.4926	819974.3576	3448782.5074	508280354.9763	1.0884e+06
401	142107.3946	-83408.3654	820070.3946	3448754.6346	508280354.9763	1.0842e+06
402	142203.4317	-83436.2381	820166.4317	3448726.7619	508280354.9763	1.0800e+06
403	142299.4687	-83464.1108	820262.4687	3448698.8892	508280354.9763	1.0758e+06
404	142395.5057	-83491.9836	820358.5057	3448671.0164	508280354.9763	1.0716e+06
405	142491.5428	-83519.8563	820454.5428	3448643.1437	508280354.9763	1.0675e+06
406	142587.5798	-83547.7290	820550.5798	3448615.2710	508280354.9763	1.0634e+06
407	142683.6168	-83575.6018	820646.6168	3448587.3982	508280354.9763	1.0592e+06
408	142779.6538	-83603.4745	820742.6538	3448559.5255	508280354.9763	1.0551e+06
409	142875.6909	-83631.3472	820838.6909	3448531.6528	508280354.9763	1.0511e+06
410	142971.7279	-83659.2199	820934.7279	3448503.7801	508280354.9763	1.0470e+06
411	143067.7649	-83687.0927	821030.7649	3448475.9073	508280354.9763	1.0429e+06
412	143163.8020	-83714.9654	821126.8020	3448448.0346	508280354.9763	1.0389e+06
413	143259.8390	-83742.8381	821222.8390	3448420.1619	508280354.9763	1.0349e+06
414	143355.8760	-83770.7109	821318.8760	3448392.2891	508280354.9763	1.0309e+06
415	143451.9130	-83798.5836	821414.9130	3448364.4164	508280354.9763	1.0269e+06
416	143547.9501	-83826.4563	821510.9501	3448336.5437	508280354.9763	1.0229e+06
417	143643.9871	-83854.3290	821606.9871	3448308.6710	508280354.9763	1.0190e+06
418	143740.0241	-83882.2018	821703.0241	3448280.7982	508280354.9763	1.0150e+06
419	143836.0612	-83910.0745	821799.0612	3448252.9255	508280354.9763	1.0111e+06
420	143932.0982	-83937.9472	821895.0982	3448225.0528	508280354.9763	1.0072e+06
421	144028.1352	-83965.8200	821991.1352	3448197.1800	508280354.9763	1.0033e+06
422	144124.1723	-83993.6927	822087.1723	3448169.3073	508280354.9763	9.9944e+05
423	144220.2093	-84021.5654	822183.2093	3448141.4346	508280354.9763	9.9558e+05
424	144316.2463	-84049.4382	822279.2463	3448113.5618	508280354.9763	9.9173e+05
425	144412.2833	-84077.3109	822375.2833	3448085.6891	508280354.9763	9.8790e+05
426	144508.3204	-84105.1836	822471.3204	3448057.8164	508280354.9763	9.8409e+05
427	144604.3574	-84133.0563	822567.3574	3448029.9437	508280354.9763	9.8029e+05
428	144700.3944	-84160.9291	822663.3944	3448002.0709	508280354.9763	9.7650e+05
429	144796.4315	-84188.8018	822759.4315	3447974.1982	508280354.9763	9.7273e+05
430	144892.4685	-84216.6745	822855.4685	3447946.3255	508280354.9763	9.6898e+05
431	144988.5055	-84244.5473	822951.5055	3447918.4527	508280354.9763	9.6524e+05
432	145084.5425	-84272.4200	823047.5425	3447890.5800	508280354.9763	9.6152e+05
433	145180.5796	-84300.2927	823143.5796	3447862.7073	508280354.9763	9.5781e+05
434	145276.6166	-84328.1654	823239.6166	3447834.8346	508280354.9763	9.5411e+05
435	145372.6536	-84356.0382	823335.6536	3447806.9618	508280354.9763	9.5043e+05
436	145468.6907	-84383.9109	823431.6907	3447779.0891	508280354.9763	9.4677e+05
437	145564.7277	-84411.7836	823527.7277	3447751.2164	508280354.9763	9.4312e+05
438	145660.7647	-84439.6564	823623.7647	3447723.3436	508280354.9763	9.3948e+05
439	145756.8017	-84467.5291	823719.8017	3447695.4709	508280354.9763	9.3586e+05
440	145852.8388	-84495.4018	823815.8388	3447667.5982	508280354.9763	9.3225e+05
441	145948.8758	-84523.2746	823911.8758	3447639.7254	508280354.9763	9.2866e+05
442	146044.9128	-84551.1473	824007.9128	3447611.8527	508280354.9763	9.2508e+05
443	146140.9499	-84579.0200	824103.9499	3447583.9800	508280354.9763	9.2152e+05
444	146236.9869	-84606.8927	824199.9869	3447556.1073	508280354.9763	9.1797e+05
445	146333.0239	-84634.7655	824296.0239	3447528.2345	508280354.9763	9.1443e+05
446	146429.0610	-84662.6382	824392.0610	3447500.3618	508280354.9763	9.1091e+05
447	146525.0980	-84690.5109	824488.0980	3447472.4891	508280354.9763	9.0740e+05
448	146621.1350	-84718.3837	824584.1350	3447444.6163	508280354.9763	9.0391e+05
449	146717.1720	-84746.2564	824680.1720	3447416.7436	508280354.9763	9.0043e+05
450	146813.2091	-84774.1291	824776.2091	3447388.8709	508280354.9763	8.9696e+05
451	146909.2461	-84802.0018	824872.2461	3447360.9982	508280354.9763	8.9351e+05
452	147005.2831	-84829.8746	824968.2831	3447333.1254	508280354.9763	8.9007e+05
453	147101.3202	-84857.7473	825064.3202	3447305.2527	508280354.9763	8.8665e+05
454	147197.3572	-84885.6200	825160.3572	3447277.3800	508280354.9763	8.8324e+05
455	147293.3942	-84913.4928	825256.3942	3447249.5072	508280354.9763	8.7984e+05
456	147389.4312	-84941.3655	825352.4312	3447221.6345	508280354.9763	8.7646e+05
457	147485.4683	-84969.2382	825448.4683	3447193.7618	508280354.9763	8.7309e+05
458	147581.5053	-84997.1110	825544.5053	3447165.8890	508280354.9763	8.6973e+05
459	147677.5423	-85024.9837	825640.5423	3447138.0163	508280354.9763	8.6639e+05
460	147773.5794	-85052.8564	825736.5794	3447110.1436	508280354.9763	8.6306e+05
461	147869.6164	-85080.7291	825832.6164	3447082.2709	508280354.9763	8.5974e+05
462	147965.6534	-85108.6019	825928.6534	3447054.3981	508280354.9763	8.5643e+05
463	148061.6904	-85136.4746	826024.6904	3447026.5254	508280354.9763	8.5314e+05
464	148157.7275	-85164.3473	826120.7275	3446998.6527	508280354.9763	8.4987e+05
465	148253.7645	-85192.2201	826216.7645	3446970.7799	508280354.9763	8.4660e+05
466	148349.8015	-85220.0928	826312.8015	3446942.9072	508280354.9763	8.4335e+05
467	148445.8386	-85247.9655	826408.8386	3446915.0345	508280354.9763	8.4011e+05
468	148541.8756	-85275.8382	826504.8756	3446887.1618	508280354.9763	8.3689e+05
469	148637.9126	-85303.7110	826600.9126	3446859.2890	508280354.9763	8.3367e+05
470	148733.9496	-85331.5837	826696.9496	3446831.4163	508280354.9763	8.3047e+05
471	148829.9867	-85359.4564	826792.9867	3446803.5436	508280354.9763	8.2729e+05
472	148926.0237	-85387.3292	826889.0237	3446775.6708	508280354.9763	8.2411e+05
473	149022.0607	-85415.2019	826985.0607	3446747.7981	508280354.9763	8.2095e+05
474	149118.0978	-85443.0746	827081.0978	3446719.9254	508280354.9763	8.1780e+05
475	149214.1348	-85470.9474	827177.1348	3446692.0526	508280354.9763	8.1466e+05
476	149310.1718	-85498.8201	827273.1718	3446664.1799	508280354.9763	8.1154e+05
477	149406.2089	-85526.6928	827369.2089	3446636.3072	508280354.9763	8.0843e+05
478	149502.2459	-85554.5655	827465.2459	3446608.4345	508280354.9763	8.0533e+05
479	149598.2829	-85582.4383	827561.2829	3446580.5617	508280354.9763	8.0224e+05
480	149694.3199	-85610.3110	827657.3199	3446552.6890	508280354.9763	7.9916e+05
481	149790.3570	-85638.1837	827753.3570	3446524.8163	508280354.9763	7.9610e+05
482	149886.3940	-85666.0565	827849.3940	3446496.9435	508280354.9763	7.9305e+05
483	149982.4310	-85693.9292	827945.4310	3446469.0708	508280354.9763	7.9001e+05
484	150078.4681	-85721.8019	828041.4681	3446441.1981	508280354.9763	7.8698e+05
485	150174.5051	-85749.6746	828137.5051	3446413.3254	508280354.9763	7.8397e+05
486	150270.5421	-85777.5474	828233.5421	3446385.4526	508280354.9763	7.8097e+05
487	150366.5791	-85805.4201	828329.5791	3446357.5799	508280354.9763	7.7798e+05
488	150462.6162	-85833.2928	828425.6162	3446329.7072	508280354.9763	7.7500e+05
489	150558.6532	-85861.1656	828521.6532	3446301.8344	508280354.9763	7.7203e+05
490	150654.6902	-85889.0383	828617.6902	3446273.9617	508280354.9763	7.6907e+05
491	150750.7273	-85916.9110	828713.7273	3446246.0890	508280354.9763	7.6613e+05
492	150846.7643	-85944.7838	828809.7643	3446218.2162	508280354.9763	7.6320e+05
493	150942.8013	-85972.6565	828905.8013	3446190.3435	508280354.9763	7.6028e+05
494	151038.8383	-86000.5292	829001.8383	3446162.4708	508280354.9763	7.5737e+05
495	151134.8754	-86028.4019	829097.8754	3446134.5981	508280354.9763	7.5447e+05
496	151230.9124	-86056.2747	829193.9124	3446106.7253	508280354.9763	7.5159e+05
497	151326.9494	-86084.1474	829289.9494	3446078.8526	508280354.9763	7.4871e+05
498	151422.9865	-86112.0201	829385.9865	3446050.9799	508280354.9763	7.4585e+05
499	151519.0235	-86139.8929	829482.0235	3446023.1071	508280354.9763	7.4300e+05
500	151615.0605	-86167.7656	829578.0605	3445995.2344	508280354.9763	7.4016e+05
501	151711.0975	-86195.6383	829674.0975	3445967.3617	508280354.9763	7.3733e+05
502	151807.1346	-86223.5111	829770.1346	3445939.4889	508280354.9763	7.3451e+05
503	151903.1716	-86251.3838	829866.1716	3445911.6162	508280354.9763	7.3170e+05
504	151999.2086	-86279.2565	829962.2086	3445883.7435	508280354.9763	7.2891e+05
505	152095.2457	-86307.1292	830058.2457	3445855.8708	508280354.9763	7.2612e+05
506	152191.2827	-86335.0020	830154.2827	3445827.9980	508280354.9763	7.2335e+05
507	152287.3197	-86362.8747	830250.3197	3445800.1253	508280354.9763	7.2059e+05
508	152383.3568	-86390.7474	830346.3568	3445772.2526	508280354.9763	7.1784e+05
509	152479.3938	-86418.6202	830442.3938	3445744.3798	508280354.9763	7.1510e+05
510	152575.4308	-86446.4929	830538.4308	3445716.5071	508280354.9763	7.1237e+05
511	152671.4678	-86474.3656	830634.4678	3445688.6344	508280354.9763	7.0965e+05
512	152767.5049	-86502.2383	830730.5049	3445660.7617	508280354.9763	7.0694e+05
513	152863.5419	-86530.1111	830826.5419	3445632.8889	508280354.9763	7.0424e+05
514	152959.5789	-86557.9838	830922.5789	3445605.0162	508280354.9763	7.0155e+05
515	153055.6160	-86585.8565	831018.6160	3445577.1435	508280354.9763	6.9888e+05
516	153151.6530	-86613.7293	831114.6530	3445549.2707	508280354.9763	6.9621e+05
517	153247.6900	-86641.6020	831210.6900	3445521.3980	508280354.9763	6.9356e+05
518	153343.7270	-86669.4747	831306.7270	3445493.5253	508280354.9763	6.9091e+05
519	153439.7641	-86697.3475	831402.7641	3445465.6525	508280354.9763	6.8828e+05
520	153535.8011	-86725.2202	831498.8011	3445437.7798	508280354.9763	6.8565e+05
521	153631.8381	-86753.0929	831594.8381	3445409.9071	508280354.9763	6.8304e+05
522	153727.8752	-86780.9656	831690.8752	3445382.0344	508280354.9763	6.8044e+05
523	153823.9122	-86808.8384	831786.9122	3445354.1616	508280354.9763	6.7784e+05
524	153919.9492	-86836.7111	831882.9492	3445326.2889	508280354.9763	6.7526e+05
525	154015.9862	-86864.5838	831978.9862	3445298.4162	508280354.9763	6.7269e+05
526	154112.0233	-86892.4566	832075.0233	3445270.5434	508280354.9763	6.7013e+05
527	154208.0603	-86920.3293	832171.0603	3445242.6707	508280354.9763	6.6757e+05
528	154304.0973	-86948.2020	832267.0973	3445214.7980	508280354.9763	6.6503e+05
529	154400.1344	-86976.0747	832363.1344	3445186.9253	508280354.9763	6.6250e+05
530	154496.1714	-87003.9475	832459.1714	3445159.0525	508280354.9763	6.5998e+05
531	154592.2084	-87031.8202	832555.2084	3445131.1798	508280354.9763	6.5747e+05
532	154688.2455	-87059.6929	832651.2455	3445103.3071	508280354.9763	6.5496e+05
533	154784.2825	-87087.5657	832747.2825	3445075.4343	508280354.9763	6.5247e+05
534	154880.3195	-87115.4384	832843.3195	3445047.5616	508280354.9763	6.4999e+05
535	154976.3565	-87143.3111	832939.3565	3445019.6889	508280354.9763	6.4752e+05
536	155072.3936	-87171.1839	833035.3936	3444991.8161	508280354.9763	6.4505e+05
537	155168.4306	-87199.0566	833131.4306	3444963.9434	508280354.9763	6.4260e+05
538	155264.4676	-87226.9293	833227.4676	3444936.0707	508280354.9763	6.4016e+05
539	155360.5047	-87254.8020	833323.5047	3444908.1980	508280354.9763	6.3772e+05
540	155456.5417	-87282.6748	833419.5417	3444880.3252	508280354.9763	6.3530e+05
541	155552.5787	-87310.5475	833515.5787	3444852.4525	508280354.9763	6.3288e+05
542	155648.6157	-87338.4202	833611.6157	3444824.5798	508280354.9763	6.3048e+05
543	155744.6528	-87366.2930	833707.6528	3444796.7070	508280354.9763	6.2808e+05
544	155840.6898	-87394.1657	833803.6898	3444768.8343	508280354.9763	6.2570e+05
545	155936.7268	-87422.0384	833899.7268	3444740.9616	508280354.9763	6.2332e+05
546	156032.7639	-87449.9111	833995.7639	3444713.0889	508280354.9763	6.2095e+05
547	156128.8009	-87477.7839	834091.8009	3444685.2161	508280354.9763	6.1859e+05
548	156224.8379	-87505.6566	834187.8379	3444657.3434	508280354.9763	6.1624e+05
549	156320.8749	-87533.5293	834283.8749	3444629.4707	508280354.9763	6.1390e+05
550	156416.9120	-87561.4021	834379.9120	3444601.5979	508280354.9763	6.1157e+05
551	156512.9490	-87589.2748	834475.9490	3444573.7252	508280354.9763	6.0925e+05
552	156608.9860	-87617.1475	834571.9860	3444545.8525	508280354.9763	6.0694e+05
553	156705.0231	-87645.0203	834668.0231	3444517.9797	508280354.9763	6.0464e+05
554	156801.0601	-87672.8930	834764.0601	3444490.1070	508280354.9763	6.0234e+05
555	156897.0971	-87700.7657	834860.0971	3444462.2343	508280354.9763	6.0006e+05
556	156993.1341	-87728.6384	834956.1341	3444434.3616	508280354.9763	5.9778e+05
557	157089.1712	-87756.5112	835052.1712	3444406.4888	508280354.9763	5.9552e+05
558	157185.2082	-87784.3839	835148.2082	3444378.6161	508280354.9763	5.9326e+05
559	157281.2452	-87812.2566	835244.2452	3444350.7434	508280354.9763	5.9101e+05
560	157377.2823	-87840.1294	835340.2823	3444322.8706	508280354.9763	5.8877e+05
561	157473.3193	-87868.0021	835436.3193	3444294.9979	508280354.9763	5.8654e+05
562	157569.3563	-87895.8748	835532.3563	3444267.1252	508280354.9763	5.8431e+05
563	157665.3934	-87923.7475	835628.3934	3444239.2525	508280354.9763	5.8210e+05
564	157761.4304	-87951.6203	835724.4304	3444211.3797	508280354.9763	5.7989e+05
565	157857.4674	-87979.4930	835820.4674	3444183.5070	508280354.9763	5.7770e+05
566	157953.5044	-88007.3657	835916.5044	3444155.6343	508280354.9763	5.7551e+05
567	158049.5415	-88035.2385	836012.5415	3444127.7615	508280354.9763	5.7333e+05
568	158145.5785	-88063.1112	836108.5785	3444099.8888	508280354.9763	5.7116e+05
569	158241.6155	-88090.9839	836204.6155	3444072.0161	508280354.9763	5.6899e+05
570	158337.6526	-88118.8567	836300.6526	3444044.1433	508280354.9763	5.6684e+05
571	158433.6896	-88146.7294	836396.6896	3444016.2706	508280354.9763	5.6470e+05
572	158529.7266	-88174.6021	836492.7266	3443988.3979	508280354.9763	5.6256e+05
573	158625.7636	-88202.4748	836588.7636	3443960.5252	508280354.9763	5.6043e+05
574	158721.8007	-88230.3476	836684.8007	3443932.6524	508280354.9763	5.5831e+05
575	158817.8377	-88258.2203	836780.8377	3443904.7797	508280354.9763	5.5620e+05
576	158913.8747	-88286.0930	836876.8747	3443876.9070	508280354.9763	5.5409e+05
577	159009.9118	-88313.9658	836972.9118	3443849.0342	508280354.9763	5.5200e+05
578	159105.9488	-88341.8385	837068.9488	3443821.1615	508280354.9763	5.4991e+05
579	159201.9858	-88369.7112	837164.9858	3443793.2888	508280354.9763	5.4783e+05
580	159298.0228	-88397.5839	837261.0228	3443765.4161	508280354.9763	5.4576e+05
581	159394.0599	-88425.4567	837357.0599	3443737.5433	508280354.9763	5.4370e+05
582	159490.0969	-88453.3294	837453.0969	3443709.6706	508280354.9763	5.4164e+05
583	159586.1339	-88481.2021	837549.1339	3443681.7979	508280354.9763	5.3960e+05
584	159682.1710	-88509.0749	837645.1710	3443653.9251	508280354.9763	5.3756e+05
585	159778.2080	-88536.9476	837741.2080	3443626.0524	508280354.9763	5.3553e+05
586	159874.2450	-88564.8203	837837.2450	3443598.1797	508280354.9763	5.3350e+05
587	159970.2821	-88592.6931	837933.2821	3443570.3069	508280354.9763	5.3149e+05
588	160066.3191	-88620.5658	838029.3191	3443542.4342	508280354.9763	5.2948e+05
589	160162.3561	-88648.4385	838125.3561	3443514.5615	508280354.9763	5.2748e+05
590	160258.3931	-88676.3112	838221.3931	3443486.6888	508280354.9763	5.2549e+05
591	160354.4302	-88704.1840	838317.4302	3443458.8160	508280354.9763	5.2351e+05
592	160450.4672	-88732.0567	838413.4672	3443430.9433	508280354.9763	5.2153e+05
593	160546.5042	-88759.9294	838509.5042	3443403.0706	508280354.9763	5.1957e+05
594	160642.5413	-88787.8022	838605.5413	3443375.1978	508280354.9763	5.1760e+05
595	160738.5783	-88815.6749	838701.5783	3443347.3251	508280354.9763	5.1565e+05
596	160834.6153	-88843.5476	838797.6153	3443319.4524	508280354.9763	5.1371e+05
597	160930.6523	-88871.4203	838893.6523	3443291.5797	508280354.9763	5.1177e+05
598	161026.6894	-88899.2931	838989.6894	3443263.7069	508280354.9763	5.0984e+05
599	161122.7264	-88927.1658	839085.7264	3443235.8342	508280354.9763	5.0792e+05
600	161218.7634	-88955.0385	839181.7634	3443207.9615	508280354.9763	5.0600e+05
601	161314.8005	-88982.9113	839277.8005	3443180.0887	508280354.9763	5.0410e+05
602	161410.8375	-89010.7840	839373.8375	3443152.2160	508280354.9763	5.0220e+05
603	161506.8745	-89038.6567	839469.8745	3443124.3433	508280354.9763	5.0030e+05
604	161602.9115	-89066.5295	839565.9115	3443096.4705	508280354.9763	4.9842e+05
605	161698.9486	-89094.4022	839661.9486	3443068.5978	508280354.9763	4.9654e+05
606	161794.9856	-89122.2749	839757.9856	3443040.7251	508280354.9763	4.9467e+05
607	161891.0226	-89150.1476	839854.0226	3443012.8524	508280354.9763	4.9281e+05
608	161987.0597	-89178.0204	839950.0597	3442984.9796	508280354.9763	4.9095e+05
609	162083.0967	-89205.8931	840046.0967	3442957.1069	508280354.9763	4.8911e+05
610	162179.1337	-89233.7658	840142.1337	3442929.2342	508280354.9763	4.8726e+05
611	162275.1707	-89261.6386	840238.1707	3442901.3614	508280354.9763	4.8543e+05
612	162371.2078	-89289.5113	840334.2078	3442873.4887	508280354.9763	4.8360e+05
613	162467.2448	-89317.3840	840430.2448	3442845.6160	508280354.9763	4.8178e+05
614	162563.2818	-89345.2567	840526.2818	3442817.7433	508280354.9763	4.7997e+05
615	162659.3189	-89373.1295	840622.3189	3442789.8705	508280354.9763	4.7817e+05
616	162755.3559	-89401.0022	840718.3559	3442761.9978	508280354.9763	4.7637e+05
617	162851.3929	-89428.8749	840814.3929	3442734.1251	508280354.9763	4.7458e+05
618	162947.4300	-89456.7477	840910.4300	3442706.2523	508280354.9763	4.7279e+05
619	163043.4670	-89484.6204	841006.4670	3442678.3796	508280354.9763	4.7101e+05
620	163139.5040	-89512.4931	841102.5040	3442650.5069	508280354.9763	4.6924e+05
621	163235.5410	-89540.3659	841198.5410	3442622.6341	508280354.9763	4.6748e+05
622	163331.5781	-89568.2386	841294.5781	3442594.7614	508280354.9763	4.6572e+05
623	163427.6151	-89596.1113	841390.6151	3442566.8887	508280354.9763	4.6397e+05
624	163523.6521	-89623.9840	841486.6521	3442539.0160	508280354.9763	4.6223e+05
625	163619.6892	-89651.8568	841582.6892	3442511.1432	508280354.9763	4.6049e+05
626	163715.7262	-89679.7295	841678.7262	3442483.2705	508280354.9763	4.5876e+05
627	163811.7632	-89707.6022	841774.7632	3442455.3978	508280354.9763	4.5704e+05
628	163907.8002	-89735.4750	841870.8002	3442427.5250	508280354.9763	4.5533e+05
629	164003.8373	-89763.3477	841966.8373	3442399.6523	508280354.9763	4.5362e+05
630	164099.8743	-89791.2204	842062.8743	3442371.7796	508280354.9763	4.5191e+05
631	164195.9113	-89819.0931	842158.9113	3442343.9069	508280354.9763	4.5022e+05
632	164291.9484	-89846.9659	842254.9484	3442316.0341	508280354.9763	4.4853e+05
633	164387.9854	-89874.8386	842350.9854	3442288.1614	508280354.9763	4.4685e+05
634	164484.0224	-89902.7113	842447.0224	3442260.2887	508280354.9763	4.4517e+05
635	164580.0594	-89930.5841	842543.0594	3442232.4159	508280354.9763	4.4350e+05
636	164676.0965	-89958.4568	842639.0965	3442204.5432	508280354.9763	4.4184e+05
637	164772.1335	-89986.3295	842735.1335	3442176.6705	508280354.9763	4.4018e+05
638	164868.1705	-90014.2023	842831.1705	3442148.7977	508280354.9763	4.3853e+05
639	164964.2076	-90042.0750	842927.2076	3442120.9250	508280354.9763	4.3689e+05
640	165060.2446	-90069.9477	843023.2446	3442093.0523	508280354.9763	4.3525e+05
641	165156.2816	-90097.8204	843119.2816	3442065.1796	508280354.9763	4.3362e+05
642	165252.3186	-90125.6932	843215.3186	3442037.3068	508280354.9763	4.3199e+05
643	165348.3557	-90153.5659	843311.3557	3442009.4341	508280354.9763	4.3037e+05
644	165444.3927	-90181.4386	843407.3927	3441981.5614	508280354.9763	4.2876e+05
645	165540.4297	-90209.3114	843503.4297	3441953.6886	508280354.9763	4.2716e+05
646	165636.4668	-90237.1841	843599.4668	3441925.8159	508280354.9763	4.2556e+05
647	165732.5038	-90265.0568	843695.5038	3441897.9432	508280354.9763	4.2396e+05
648	165828.5408	-90292.9295	843791.5408	3441870.0705	508280354.9763	4.2237e+05
649	165924.5779	-90320.8023	843887.5779	3441842.1977	508280354.9763	4.2079e+05
650	166020.6149	-90348.6750	843983.6149	3441814.3250	508280354.9763	4.1922e+05
651	166116.6519	-90376.5477	844079.6519	3441786.4523	508280354.9763	4.1765e+05
652	166212.6889	-90404.4205	844175.6889	3441758.5795	508280354.9763	4.1609e+05
653	166308.7260	-90432.2932	844271.7260	3441730.7068	508280354.9763	4.1453e+05
654	166404.7630	-90460.1659	844367.7630	3441702.8341	508280354.9763	4.1298e+05
655	166500.8000	-90488.0387	844463.8000	3441674.9613	508280354.9763	4.1144e+05
656	166596.8371	-90515.9114	844559.8371	3441647.0886	508280354.9763	4.0990e+05
657	166692.8741	-90543.7841	844655.8741	3441619.2159	508280354.9763	4.0836e+05
658	166788.9111	-90571.6568	844751.9111	3441591.3432	508280354.9763	4.0684e+05
659	166884.9481	-90599.5296	844847.9481	3441563.4704	508280354.9763	4.0532e+05
660	166980.9852	-90627.4023	844943.9852	3441535.5977	508280354.9763	4.0380e+05
661	167077.0222	-90655.2750	845040.0222	3441507.7250	508280354.9763	4.0229e+05
662	167173.0592	-90683.1478	845136.0592	3441479.8522	508280354.9763	4.0079e+05
663	167269.0963	-90711.0205	845232.0963	3441451.9795	508280354.9763	3.9929e+05
664	167365.1333	-90738.8932	845328.1333	3441424.1068	508280354.9763	3.9780e+05
665	167461.1703	-90766.7659	845424.1703	3441396.2341	508280354.9763	3.9632e+05
666	167557.2073	-90794.6387	845520.2073	3441368.3613	508280354.9763	3.9484e+05
667	167653.2444	-90822.5114	845616.2444	3441340.4886	508280354.9763	3.9336e+05
668	167749.2814	-90850.3841	845712.2814	3441312.6159	508280354.9763	3.9189e+05
669	167845.3184	-90878.2569	845808.3184	3441284.7431	508280354.9763	3.9043e+05
670	167941.3555	-90906.1296	845904.3555	3441256.8704	508280354.9763	3.8897e+05
671	168037.3925	-90934.0023	846000.3925	3441228.9977	508280354.9763	3.8752e+05
672	168133.4295	-90961.8751	846096.4295	3441201.1249	508280354.9763	3.8608e+05
673	168229.4666	-90989.7478	846192.4666	3441173.2522	508280354.9763	3.8464e+05
674	168325.5036	-91017.6205	846288.5036	3441145.3795	508280354.9763	3.8320e+05
675	168421.5406	-91045.4932	846384.5406	3441117.5068	508280354.9763	3.8177e+05
676	168517.5776	-91073.3660	846480.5776	3441089.6340	508280354.9763	3.8035e+05
677	168613.6147	-91101.2387	846576.6147	3441061.7613	508280354.9763	3.7893e+05
678	168709.6517	-91129.1114	846672.6517	3441033.8886	508280354.9763	3.7752e+05
679	168805.6887	-91156.9842	846768.6887	3441006.0158	508280354.9763	3.7611e+05
680	168901.7258	-91184.8569	846864.7258	3440978.1431	508280354.9763	3.7471e+05
681	168997.7628	-91212.7296	846960.7628	3440950.2704	508280354.9763	3.7331e+05
682	169093.7998	-91240.6023	847056.7998	3440922.3977	508280354.9763	3.7192e+05
683	169189.8368	-91268.4751	847152.8368	3440894.5249	508280354.9763	3.7054e+05
684	169285.8739	-91296.3478	847248.8739	3440866.6522	508280354.9763	3.6916e+05
685	169381.9109	-91324.2205	847344.9109	3440838.7795	508280354.9763	3.6778e+05
686	169477.9479	-91352.0933	847440.9479	3440810.9067	508280354.9763	3.6641e+05
687	169573.9850	-91379.9660	847536.9850	3440783.0340	508280354.9763	3.6505e+05
688	169670.0220	-91407.8387	847633.0220	3440755.1613	508280354.9763	3.6369e+05
689	169766.0590	-91435.7115	847729.0590	3440727.2885	508280354.9763	3.6234e+05
690	169862.0960	-91463.5842	847825.0960	3440699.4158	508280354.9763	3.6099e+05
691	169958.1331	-91491.4569	847921.1331	3440671.5431	508280354.9763	3.5964e+05
692	170054.1701	-91519.3296	848017.1701	3440643.6704	508280354.9763	3.5831e+05
693	170150.2071	-91547.2024	848113.2071	3440615.7976	508280354.9763	3.5697e+05
694	170246.2442	-91575.0751	848209.2442	3440587.9249	508280354.9763	3.5565e+05
695	170342.2812	-91602.9478	848305.2812	3440560.0522	508280354.9763	3.5432e+05
696	170438.3182	-91630.8206	848401.3182	3440532.1794	508280354.9763	3.5301e+05
697	170534.3552	-91658.6933	848497.3552	3440504.3067	508280354.9763	3.5169e+05
698	170630.3923	-91686.5660	848593.3923	3440476.4340	508280354.9763	3.5039e+05
699	170726.4293	-91714.4387	848689.4293	3440448.5613	508280354.9763	3.4908e+05
700	170822.4663	-91742.3115	848785.4663	3440420.6885	508280354.9763	3.4779e+05
701	170918.5034	-91770.1842	848881.5034	3440392.8158	508280354.9763	3.4649e+05
702	171014.5404	-91798.0569	848977.5404	3440364.9431	508280354.9763	3.4521e+05
703	171110.5774	-91825.9297	849073.5774	3440337.0703	508280354.9763	3.4393e+05
704	171206.6145	-91853.8024	849169.6145	3440309.1976	508280354.9763	3.4265e+05
705	171302.6515	-91881.6751	849265.6515	3440281.3249	508280354.9763	3.4138e+05
706	171398.6885	-91909.5479	849361.6885	3440253.4521	508280354.9763	3.4011e+05
707	171494.7255	-91937.4206	849457.7255	3440225.5794	508280354.9763	3.3885e+05
708	171590.7626	-91965.2933	849553.7626	3440197.7067	508280354.9763	3.3759e+05
709	171686.7996	-91993.1660	849649.7996	3440169.8340	508280354.9763	3.3634e+05
710	171782.8366	-92021.0388	849745.8366	3440141.9612	508280354.9763	3.3509e+05
711	171878.8737	-92048.9115	849841.8737	3440114.0885	508280354.9763	3.3384e+05
712	171974.9107	-92076.7842	849937.9107	3440086.2158	508280354.9763	3.3261e+05
713	172070.9477	-92104.6570	850033.9477	3440058.3430	508280354.9763	3.3137e+05
714	172166.9847	-92132.5297	850129.9847	3440030.4703	508280354.9763	3.3014e+05
715	172263.0218	-92160.4024	850226.0218	3440002.5976	508280354.9763	3.2892e+05
716	172359.0588	-92188.2751	850322.0588	3439974.7249	508280354.9763	3.2770e+05
717	172455.0958	-92216.1479	850418.0958	3439946.8521	508280354.9763	3.2648e+05
718	172551.1329	-92244.0206	850514.1329	3439918.9794	508280354.9763	3.2527e+05
719	172647.1699	-92271.8933	850610.1699	3439891.1067	508280354.9763	3.2407e+05
720	172743.2069	-92299.7661	850706.2069	3439863.2339	508280354.9763	3.2287e+05
721	172839.2439	-92327.6388	850802.2439	3439835.3612	508280354.9763	3.2167e+05
722	172935.2810	-92355.5115	850898.2810	3439807.4885	508280354.9763	3.2048e+05
723	173031.3180	-92383.3843	850994.3180	3439779.6157	508280354.9763	3.1929e+05
724	173127.3550	-92411.2570	851090.3550	3439751.7430	508280354.9763	3.1811e+05
725	173223.3921	-92439.1297	851186.3921	3439723.8703	508280354.9763	3.1693e+05
726	173319.4291	-92467.0024	851282.4291	3439695.9976	508280354.9763	3.1576e+05
727	173415.4661	-92494.8752	851378.4661	3439668.1248	508280354.9763	3.1459e+05
728	173511.5031	-92522.7479	851474.5031	3439640.2521	508280354.9763	3.1343e+05
729	173607.5402	-92550.6206	851570.5402	3439612.3794	508280354.9763	3.1227e+05
730	173703.5772	-92578.4934	851666.5772	3439584.5066	508280354.9763	3.1111e+05
731	173799.6142	-92606.3661	851762.6142	3439556.6339	508280354.9763	3.0996e+05
732	173895.6513	-92634.2388	851858.6513	3439528.7612	508280354.9763	3.0882e+05
733	173991.6883	-92662.1116	851954.6883	3439500.8884	508280354.9763	3.0767e+05
734	174087.7253	-92689.9843	852050.7253	3439473.0157	508280354.9763	3.0654e+05
735	174183.7624	-92717.8570	852146.7624	3439445.1430	508280354.9763	3.0540e+05
736	174279.7994	-92745.7297	852242.7994	3439417.2703	508280354.9763	3.0427e+05
737	174375.8364	-92773.6025	852338.8364	3439389.3975	508280354.9763	3.0315e+05
738	174471.8734	-92801.4752	852434.8734	3439361.5248	508280354.9763	3.0203e+05
739	174567.9105	-92829.3479	852530.9105	3439333.6521	508280354.9763	3.0091e+05
740	174663.9475	-92857.2207	852626.9475	3439305.7793	508280354.9763	2.9980e+05
741	174759.9845	-92885.0934	852722.9845	3439277.9066	508280354.9763	2.9869e+05
742	174856.0216	-92912.9661	852819.0216	3439250.0339	508280354.9763	2.9759e+05
743	174952.0586	-92940.8388	852915.0586	3439222.1612	508280354.9763	2.9649e+05
744	175048.0956	-92968.7116	853011.0956	3439194.2884	508280354.9763	2.9540e+05
745	175144.1326	-92996.5843	853107.1326	3439166.4157	508280354.9763	2.9431e+05
746	175240.1697	-93024.4570	853203.1697	3439138.5430	508280354.9763	2.9322e+05
747	175336.2067	-93052.3298	853299.2067	3439110.6702	508280354.9763	2.9214e+05
748	175432.2437	-93080.2025	853395.2437	3439082.7975	508280354.9763	2.9106e+05
749	175528.2808	-93108.0752	853491.2808	3439054.9248	508280354.9763	2.8999e+05
750	175624.3178	-93135.9480	853587.3178	3439027.0520	508280354.9763	2.8892e+05
751	175720.3548	-93163.8207	853683.3548	3438999.1793	508280354.9763	2.8785e+05
752	175816.3918	-93191.6934	853779.3918	3438971.3066	508280354.9763	2.8679e+05
753	175912.4289	-93219.5661	853875.4289	3438943.4339	508280354.9763	2.8573e+05
754	176008.4659	-93247.4389	853971.4659	3438915.5611	508280354.9763	2.8468e+05
755	176104.5029	-93275.3116	854067.5029	3438887.6884	508280354.9763	2.8363e+05
756	176200.5400	-93303.1843	854163.5400	3438859.8157	508280354.9763	2.8258e+05
757	176296.5770	-93331.0571	854259.5770	3438831.9429	508280354.9763	2.8154e+05
758	176392.6140	-93358.9298	854355.6140	3438804.0702	508280354.9763	2.8050e+05
759	176488.6511	-93386.8025	854451.6511	3438776.1975	508280354.9763	2.7947e+05
760	176584.6881	-93414.6752	854547.6881	3438748.3248	508280354.9763	2.7844e+05
761	176680.7251	-93442.5480	854643.7251	3438720.4520	508280354.9763	2.7742e+05
762	176776.7621	-93470.4207	854739.7621	3438692.5793	508280354.9763	2.7639e+05
763	176872.7992	-93498.2934	854835.7992	3438664.7066	508280354.9763	2.7538e+05
764	176968.8362	-93526.1662	854931.8362	3438636.8338	508280354.9763	2.7436e+05
765	177064.8732	-93554.0389	855027.8732	3438608.9611	508280354.9763	2.7335e+05
766	177160.9103	-93581.9116	855123.9103	3438581.0884	508280354.9763	2.7235e+05
767	177256.9473	-93609.7844	855219.9473	3438553.2156	508280354.9763	2.7135e+05
768	177352.9843	-93637.6571	855315.9843	3438525.3429	508280354.9763	2.7035e+05
769	177449.0213	-93665.5298	855412.0213	3438497.4702	508280354.9763	2.6935e+05
770	177545.0584	-93693.4025	855508.0584	3438469.5975	508280354.9763	2.6836e+05
771	177641.0954	-93721.2753	855604.0954	3438441.7247	508280354.9763	2.6737e+05
772	177737.1324	-93749.1480	855700.1324	3438413.8520	508280354.9763	2.6639e+05
773	177833.1695	-93777.0207	855796.1695	3438385.9793	508280354.9763	2.6541e+05
774	177929.2065	-93804.8935	855892.2065	3438358.1065	508280354.9763	2.6444e+05
775	178025.2435	-93832.7662	855988.2435	3438330.2338	508280354.9763	2.6346e+05
776	178121.2805	-93860.6389	856084.2805	3438302.3611	508280354.9763	2.6250e+05
777	178217.3176	-93888.5116	856180.3176	3438274.4884	508280354.9763	2.6153e+05
778	178313.3546	-93916.3844	856276.3546	3438246.6156	508280354.9763	2.6057e+05
779	178409.3916	-93944.2571	856372.3916	3438218.7429	508280354.9763	2.5961e+05
780	178505.4287	-93972.1298	856468.4287	3438190.8702	508280354.9763	2.5866e+05
781	178601.4657	-94000.0026	856564.4657	3438162.9974	508280354.9763	2.5771e+05
782	178697.5027	-94027.8753	856660.5027	3438135.1247	508280354.9763	2.5676e+05
783	178793.5397	-94055.7480	856756.5397	3438107.2520	508280354.9763	2.5582e+05
784	178889.5768	-94083.6208	856852.5768	3438079.3792	508280354.9763	2.5488e+05
785	178985.6138	-94111.4935	856948.6138	3438051.5065	508280354.9763	2.5395e+05
786	179081.6508	-94139.3662	857044.6508	3438023.6338	508280354.9763	2.5302e+05
787	179177.6879	-94167.2389	857140.6879	3437995.7611	508280354.9763	2.5209e+05
788	179273.7249	-94195.1117	857236.7249	3437967.8883	508280354.9763	2.5116e+05
789	179369.7619	-94222.9844	857332.7619	3437940.0156	508280354.9763	2.5024e+05
790	179465.7990	-94250.8571	857428.7990	3437912.1429	508280354.9763	2.4932e+05
791	179561.8360	-94278.7299	857524.8360	3437884.2701	508280354.9763	2.4841e+05
792	179657.8730	-94306.6026	857620.8730	3437856.3974	508280354.9763	2.4750e+05
793	179753.9100	-94334.4753	857716.9100	3437828.5247	508280354.9763	2.4659e+05
794	179849.9471	-94362.3480	857812.9471	3437800.6520	508280354.9763	2.4569e+05
795	179945.9841	-94390.2208	857908.9841	3437772.7792	508280354.9763	2.4479e+05
796	180042.0211	-94418.0935	858005.0211	3437744.9065	508280354.9763	2.4389e+05
797	180138.0582	-94445.9662	858101.0582	3437717.0338	508280354.9763	2.4300e+05
798	180234.0952	-94473.8390	858197.0952	3437689.1610	508280354.9763	2.4211e+05
799	180330.1322	-94501.7117	858293.1322	3437661.2883	508280354.9763	2.4122e+05
800	180426.1692	-94529.5844	858389.1692	3437633.4156	508280354.9763	2.4034e+05
801	180522.2063	-94557.4572	858485.2063	3437605.5428	508280354.9763	2.3946e+05
802	180618.2433	-94585.3299	858581.2433	3437577.6701	508280354.9763	2.3858e+05
803	180714.2803	-94613.2026	858677.2803	3437549.7974	508280354.9763	2.3771e+05
804	180810.3174	-94641.0753	858773.3174	3437521.9247	508280354.9763	2.3684e+05
805	180906.3544	-94668.9481	858869.3544	3437494.0519	508280354.9763	2.3597e+05
806	181002.3914	-94696.8208	858965.3914	3437466.1792	508280354.9763	2.3511e+05
807	181098.4284	-94724.6935	859061.4284	3437438.3065	508280354.9763	2.3425e+05
808	181194.4655	-94752.5663	859157.4655	3437410.4337	508280354.9763	2.3339e+05
809	181290.5025	-94780.4390	859253.5025	3437382.5610	508280354.9763	2.3254e+05
810	181386.5395	-94808.3117	859349.5395	3437354.6883	508280354.9763	2.3169e+05
811	181482.5766	-94836.1844	859445.5766	3437326.8156	508280354.9763	2.3084e+05
812	181578.6136	-94864.0572	859541.6136	3437298.9428	508280354.9763	2.3000e+05
813	181674.6506	-94891.9299	859637.6506	3437271.0701	508280354.9763	2.2915e+05
814	181770.6877	-94919.8026	859733.6877	3437243.1974	508280354.9763	2.2832e+05
815	181866.7247	-94947.6754	859829.7247	3437215.3246	508280354.9763	2.2748e+05
816	181962.7617	-94975.5481	859925.7617	3437187.4519	508280354.9763	2.2665e+05
817	182058.7987	-95003.4208	860021.7987	3437159.5792	508280354.9763	2.2582e+05
818	182154.8358	-95031.2936	860117.8358	3437131.7064	508280354.9763	2.2500e+05
819	182250.8728	-95059.1663	860213.8728	3437103.8337	508280354.9763	2.2418e+05
820	182346.9098	-95087.0390	860309.9098	3437075.9610	508280354.9763	2.2336e+05
821	182442.9469	-95114.9117	860405.9469	3437048.0883	508280354.9763	2.2254e+05
822	182538.9839	-95142.7845	860501.9839	3437020.2155	508280354.9763	2.2173e+05
823	182635.0209	-95170.6572	860598.0209	3436992.3428	508280354.9763	2.2092e+05
824	182731.0579	-95198.5299	860694.0579	3436964.4701	508280354.9763	2.2012e+05
825	182827.0950	-95226.4027	860790.0950	3436936.5973	508280354.9763	2.1931e+05
826	182923.1320	-95254.2754	860886.1320	3436908.7246	508280354.9763	2.1851e+05
827	183019.1690	-95282.1481	860982.1690	3436880.8519	508280354.9763	2.1772e+05
828	183115.2061	-95310.0208	861078.2061	3436852.9792	508280354.9763	2.1692e+05
829	183211.2431	-95337.8936	861174.2431	3436825.1064	508280354.9763	2.1613e+05
830	183307.2801	-95365.7663	861270.2801	3436797.2337	508280354.9763	2.1534e+05
831	183403.3171	-95393.6390	861366.3171	3436769.3610	508280354.9763	2.1456e+05
832	183499.3542	-95421.5118	861462.3542	3436741.4882	508280354.9763	2.1378e+05
833	183595.3912	-95449.3845	861558.3912	3436713.6155	508280354.9763	2.1300e+05
834	183691.4282	-95477.2572	861654.4282	3436685.7428	508280354.9763	2.1222e+05
835	183787.4653	-95505.1300	861750.4653	3436657.8700	508280354.9763	2.1145e+05
836	183883.5023	-95533.0027	861846.5023	3436629.9973	508280354.9763	2.1068e+05
837	183979.5393	-95560.8754	861942.5393	3436602.1246	508280354.9763	2.0991e+05
838	184075.5763	-95588.7481	862038.5763	3436574.2519	508280354.9763	2.0915e+05
839	184171.6134	-95616.6209	862134.6134	3436546.3791	508280354.9763	2.0838e+05
840	184267.6504	-95644.4936	862230.6504	3436518.5064	508280354.9763	2.0763e+05
841	184363.6874	-95672.3663	862326.6874	3436490.6337	508280354.9763	2.0687e+05
842	184459.7245	-95700.2391	862422.7245	3436462.7609	508280354.9763	2.0612e+05
843	184555.7615	-95728.1118	862518.7615	3436434.8882	508280354.9763	2.0537e+05
844	184651.7985	-95755.9845	862614.7985	3436407.0155	508280354.9763	2.0462e+05
845	184747.8356	-95783.8572	862710.8356	3436379.1428	508280354.9763	2.0388e+05
846	184843.8726	-95811.7300	862806.8726	3436351.2700	508280354.9763	2.0313e+05
847	184939.9096	-95839.6027	862902.9096	3436323.3973	508280354.9763	2.0240e+05
848	185035.9466	-95867.4754	862998.9466	3436295.5246	508280354.9763	2.0166e+05
849	185131.9837	-95895.3482	863094.9837	3436267.6518	508280354.9763	2.0093e+05
850	185228.0207	-95923.2209	863191.0207	3436239.7791	508280354.9763	2.0020e+05
851	185324.0577	-95951.0936	863287.0577	3436211.9064	508280354.9763	1.9947e+05
852	185420.0948	-95978.9664	863383.0948	3436184.0336	508280354.9763	1.9874e+05
853	185516.1318	-96006.8391	863479.1318	3436156.1609	508280354.9763	1.9802e+05
854	185612.1688	-96034.7118	863575.1688	3436128.2882	508280354.9763	1.9730e+05
855	185708.2058	-96062.5845	863671.2058	3436100.4155	508280354.9763	1.9659e+05
856	185804.2429	-96090.4573	863767.2429	3436072.5427	508280354.9763	1.9587e+05
857	185900.2799	-96118.3300	863863.2799	3436044.6700	508280354.9763	1.9516e+05
858	185996.3169	-96146.2027	863959.3169	3436016.7973	508280354.9763	1.9445e+05
859	186092.3540	-96174.0755	864055.3540	3435988.9245	508280354.9763	1.9375e+05
860	186188.3910	-96201.9482	864151.3910	3435961.0518	508280354.9763	1.9304e+05
861	186284.4280	-96229.8209	864247.4280	3435933.1791	508280354.9763	1.9234e+05
862	186380.4650	-96257.6936	864343.4650	3435905.3064	508280354.9763	1.9164e+05
863	186476.5021	-96285.5664	864439.5021	3435877.4336	508280354.9763	1.9095e+05
864	186572.5391	-96313.4391	864535.5391	3435849.5609	508280354.9763	1.9026e+05
865	186668.5761	-96341.3118	864631.5761	3435821.6882	508280354.9763	1.8957e+05
866	186764.6132	-96369.1846	864727.6132	3435793.8154	508280354.9763	1.8888e+05
867	186860.6502	-96397.0573	864823.6502	3435765.9427	508280354.9763	1.8819e+05
868	186956.6872	-96424.9300	864919.6872	3435738.0700	508280354.9763	1.8751e+05
869	187052.7242	-96452.8028	865015.7242	3435710.1972	508280354.9763	1.8683e+05
870	187148.7613	-96480.6755	865111.7613	3435682.3245	508280354.9763	1.8616e+05
871	187244.7983	-96508.5482	865207.7983	3435654.4518	508280354.9763	1.8548e+05
872	187340.8353	-96536.4209	865303.8353	3435626.5791	508280354.9763	1.8481e+05
873	187436.8724	-96564.2937	865399.8724	3435598.7063	508280354.9763	1.8414e+05
874	187532.9094	-96592.1664	865495.9094	3435570.8336	508280354.9763	1.8347e+05
875	187628.9464	-96620.0391	865591.9464	3435542.9609	508280354.9763	1.8281e+05
876	187724.9835	-96647.9119	865687.9835	3435515.0881	508280354.9763	1.8215e+05
877	187821.0205	-96675.7846	865784.0205	3435487.2154	508280354.9763	1.8149e+05
878	187917.0575	-96703.6573	865880.0575	3435459.3427	508280354.9763	1.8083e+05
879	188013.0945	-96731.5300	865976.0945	3435431.4700	508280354.9763	1.8017e+05
880	188109.1316	-96759.4028	866072.1316	3435403.5972	508280354.9763	1.7952e+05
881	188205.1686	-96787.2755	866168.1686	3435375.7245	508280354.9763	1.7887e+05
882	188301.2056	-96815.1482	866264.2056	3435347.8518	508280354.9763	1.7823e+05
883	188397.2427	-96843.0210	866360.2427	3435319.9790	508280354.9763	1.7758e+05
884	188493.2797	-96870.8937	866456.2797	3435292.1063	508280354.9763	1.7694e+05
885	188589.3167	-96898.7664	866552.3167	3435264.2336	508280354.9763	1.7630e+05
886	188685.3537	-96926.6392	866648.3537	3435236.3608	508280354.9763	1.7566e+05
887	188781.3908	-96954.5119	866744.3908	3435208.4881	508280354.9763	1.7503e+05
888	188877.4278	-96982.3846	866840.4278	3435180.6154	508280354.9763	1.7439e+05
889	188973.4648	-97010.2573	866936.4648	3435152.7427	508280354.9763	1.7376e+05
890	189069.5019	-97038.1301	867032.5019	3435124.8699	508280354.9763	1.7314e+05
891	189165.5389	-97066.0028	867128.5389	3435096.9972	508280354.9763	1.7251e+05
892	189261.5759	-97093.8755	867224.5759	3435069.1245	508280354.9763	1.7189e+05
893	189357.6129	-97121.7483	867320.6129	3435041.2517	508280354.9763	1.7127e+05
894	189453.6500	-97149.6210	867416.6500	3435013.3790	508280354.9763	1.7065e+05
895	189549.6870	-97177.4937	867512.6870	3434985.5063	508280354.9763	1.7003e+05
896	189645.7240	-97205.3664	867608.7240	3434957.6336	508280354.9763	1.6942e+05
897	189741.7611	-97233.2392	867704.7611	3434929.7608	508280354.9763	1.6881e+05
898	189837.7981	-97261.1119	867800.7981	3434901.8881	508280354.9763	1.6820e+05
899	189933.8351	-97288.9846	867896.8351	3434874.0154	508280354.9763	1.6759e+05
900	190029.8722	-97316.8574	867992.8722	3434846.1426	508280354.9763	1.6699e+05
901	190125.9092	-97344.7301	868088.9092	3434818.2699	508280354.9763	1.6638e+05
902	190221.9462	-97372.6028	868184.9462	3434790.3972	508280354.9763	1.6578e+05
903	190317.9832	-97400.4756	868280.9832	3434762.5244	508280354.9763	1.6519e+05
904	190414.0203	-97428.3483	868377.0203	3434734.6517	508280354.9763	1.6459e+05
905	190510.0573	-97456.2210	868473.0573	3434706.7790	508280354.9763	1.6400e+05
906	190606.0943	-97484.0937	868569.0943	3434678.9063	508280354.9763	1.6341e+05
907	190702.1314	-97511.9665	868665.1314	3434651.0335	508280354.9763	1.6282e+05
908	190798.1684	-97539.8392	868761.1684	3434623.1608	508280354.9763	1.6223e+05
909	190894.2054	-97567.7119	868857.2054	3434595.2881	508280354.9763	1.6165e+05
910	190990.2424	-97595.5847	868953.2424	3434567.4153	508280354.9763	1.6106e+05
911	191086.2795	-97623.4574	869049.2795	3434539.5426	508280354.9763	1.6048e+05
912	191182.3165	-97651.3301	869145.3165	3434511.6699	508280354.9763	1.5990e+05
913	191278.3535	-97679.2028	869241.3535	3434483.7972	508280354.9763	1.5933e+05
914	191374.3906	-97707.0756	869337.3906	3434455.9244	508280354.9763	1.5876e+05
915	191470.4276	-97734.9483	869433.4276	3434428.0517	508280354.9763	1.5818e+05
916	191566.4646	-97762.8210	869529.4646	3434400.1790	508280354.9763	1.5761e+05
917	191662.5016	-97790.6938	869625.5016	3434372.3062	508280354.9763	1.5705e+05
918	191758.5387	-97818.5665	869721.5387	3434344.4335	508280354.9763	1.5648e+05
919	191854.5757	-97846.4392	869817.5757	3434316.5608	508280354.9763	1.5592e+05
920	191950.6127	-97874.3120	869913.6127	3434288.6880	508280354.9763	1.5536e+05
921	192046.6498	-97902.1847	870009.6498	3434260.8153	508280354.9763	1.5480e+05
922	192142.6868	-97930.0574	870105.6868	3434232.9426	508280354.9763	1.5424e+05
923	192238.7238	-97957.9301	870201.7238	3434205.0699	508280354.9763	1.5369e+05
924	192334.7608	-97985.8029	870297.7608	3434177.1971	508280354.9763	1.5314e+05
925	192430.7979	-98013.6756	870393.7979	3434149.3244	508280354.9763	1.5259e+05
926	192526.8349	-98041.5483	870489.8349	3434121.4517	508280354.9763	1.5204e+05
927	192622.8719	-98069.4211	870585.8719	3434093.5789	508280354.9763	1.5149e+05
928	192718.9090	-98097.2938	870681.9090	3434065.7062	508280354.9763	1.5095e+05
929	192814.9460	-98125.1665	870777.9460	3434037.8335	508280354.9763	1.5040e+05
930	192910.9830	-98153.0392	870873.9830	3434009.9608	508280354.9763	1.4986e+05
931	193007.0201	-98180.9120	870970.0201	3433982.0880	508280354.9763	1.4933e+05
932	193103.0571	-98208.7847	871066.0571	3433954.2153	508280354.9763	1.4879e+05
933	193199.0941	-98236.6574	871162.0941	3433926.3426	508280354.9763	1.4826e+05
934	193295.1311	-98264.5302	871258.1311	3433898.4698	508280354.9763	1.4772e+05
935	193391.1682	-98292.4029	871354.1682	3433870.5971	508280354.9763	1.4719e+05
936	193487.2052	-98320.2756	871450.2052	3433842.7244	508280354.9763	1.4666e+05
937	193583.2422	-98348.1484	871546.2422	3433814.8516	508280354.9763	1.4614e+05
938	193679.2793	-98376.0211	871642.2793	3433786.9789	508280354.9763	1.4561e+05
939	193775.3163	-98403.8938	871738.3163	3433759.1062	508280354.9763	1.4509e+05
940	193871.3533	-98431.7665	871834.3533	3433731.2335	508280354.9763	1.4457e+05
941	193967.3903	-98459.6393	871930.3903	3433703.3607	508280354.9763	1.4405e+05
942	194063.4274	-98487.5120	872026.4274	3433675.4880	508280354.9763	1.4354e+05
943	194159.4644	-98515.3847	872122.4644	3433647.6153	508280354.9763	1.4302e+05
944	194255.5014	-98543.2575	872218.5014	3433619.7425	508280354.9763	1.4251e+05
945	194351.5385	-98571.1302	872314.5385	3433591.8698	508280354.9763	1.4200e+05
946	194447.5755	-98599.0029	872410.5755	3433563.9971	508280354.9763	1.4149e+05
947	194543.6125	-98626.8757	872506.6125	3433536.1243	508280354.9763	1.4098e+05
948	194639.6495	-98654.7484	872602.6495	3433508.2516	508280354.9763	1.4048e+05
949	194735.6866	-98682.6211	872698.6866	3433480.3789	508280354.9763	1.3997e+05
950	194831.7236	-98710.4938	872794.7236	3433452.5062	508280354.9763	1.3947e+05
951	194927.7606	-98738.3666	872890.7606	3433424.6334	508280354.9763	1.3897e+05
952	195023.7977	-98766.2393	872986.7977	3433396.7607	508280354.9763	1.3848e+05
953	195119.8347	-98794.1120	873082.8347	3433368.8880	508280354.9763	1.3798e+05
954	195215.8717	-98821.9848	873178.8717	3433341.0152	508280354.9763	1.3749e+05
955	195311.9088	-98849.8575	873274.9088	3433313.1425	508280354.9763	1.3699e+05
956	195407.9458	-98877.7302	873370.9458	3433285.2698	508280354.9763	1.3650e+05
957	195503.9828	-98905.6029	873466.9828	3433257.3971	508280354.9763	1.3602e+05
958	195600.0198	-98933.4757	873563.0198	3433229.5243	508280354.9763	1.3553e+05
959	195696.0569	-98961.3484	873659.0569	3433201.6516	508280354.9763	1.3505e+05
960	195792.0939	-98989.2211	873755.0939	3433173.7789	508280354.9763	1.3456e+05
961	195888.1309	-99017.0939	873851.1309	3433145.9061	508280354.9763	1.3408e+05
962	195984.1680	-99044.9666	873947.1680	3433118.0334	508280354.9763	1.3360e+05
963	196080.2050	-99072.8393	874043.2050	3433090.1607	508280354.9763	1.3312e+05
964	196176.2420	-99100.7121	874139.2420	3433062.2879	508280354.9763	1.3265e+05
965	196272.2790	-99128.5848	874235.2790	3433034.4152	508280354.9763	1.3217e+05
966	196368.3161	-99156.4575	874331.3161	3433006.5425	508280354.9763	1.3170e+05
967	196464.3531	-99184.3302	874427.3531	3432978.6698	508280354.9763	1.3123e+05
968	196560.3901	-99212.2030	874523.3901	3432950.7970	508280354.9763	1.3076e+05
969	196656.4272	-99240.0757	874619.4272	3432922.9243	508280354.9763	1.3030e+05
970	196752.4642	-99267.9484	874715.4642	3432895.0516	508280354.9763	1.2983e+05
971	196848.5012	-99295.8212	874811.5012	3432867.1788	508280354.9763	1.2937e+05
972	196944.5382	-99323.6939	874907.5382	3432839.3061	508280354.9763	1.2891e+05
973	197040.5753	-99351.5666	875003.5753	3432811.4334	508280354.9763	1.2845e+05
974	197136.6123	-99379.4393	875099.6123	3432783.5607	508280354.9763	1.2799e+05
975	197232.6493	-99407.3121	875195.6493	3432755.6879	508280354.9763	1.2753e+05
976	197328.6864	-99435.1848	875291.6864	3432727.8152	508280354.9763	1.2708e+05
977	197424.7234	-99463.0575	875387.7234	3432699.9425	508280354.9763	1.2662e+05
978	197520.7604	-99490.9303	875483.7604	3432672.0697	508280354.9763	1.2617e+05
979	197616.7974	-99518.8030	875579.7974	3432644.1970	508280354.9763	1.2572e+05
980	197712.8345	-99546.6757	875675.8345	3432616.3243	508280354.9763	1.2527e+05
981	197808.8715	-99574.5485	875771.8715	3432588.4515	508280354.9763	1.2483e+05
982	197904.9085	-99602.4212	875867.9085	3432560.5788	508280354.9763	1.2438e+05
983	198000.9456	-99630.2939	875963.9456	3432532.7061	508280354.9763	1.2394e+05
984	198096.9826	-99658.1666	876059.9826	3432504.8334	508280354.9763	1.2350e+05
985	198193.0196	-99686.0394	876156.0196	3432476.9606	508280354.9763	1.2306e+05
986	198289.0567	-99713.9121	876252.0567	3432449.0879	508280354.9763	1.2262e+05
987	198385.0937	-99741.7848	876348.0937	3432421.2152	508280354.9763	1.2218e+05
988	198481.1307	-99769.6576	876444.1307	3432393.3424	508280354.9763	1.2175e+05
989	198577.1677	-99797.5303	876540.1677	3432365.4697	508280354.9763	1.2131e+05
990	198673.2048	-99825.4030	876636.2048	3432337.5970	508280354.9763	1.2088e+05
991	198769.2418	-99853.2757	876732.2418	3432309.7243	508280354.9763	1.2045e+05
992	198865.2788	-99881.1485	876828.2788	3432281.8515	508280354.9763	1.2002e+05
993	198961.3159	-99909.0212	876924.3159	3432253.9788	508280354.9763	1.1960e+05
994	199057.3529	-99936.8939	877020.3529	3432226.1061	508280354.9763	1.1917e+05
995	199153.3899	-99964.7667	877116.3899	3432198.2333	508280354.9763	1.1875e+05
996	199249.4269	-99992.6394	877212.4269	3432170.3606	508280354.9763	1.1832e+05
997	199345.4640	-100020.5121	877308.4640	3432142.4879	508280354.9763	1.1790e+05
998	199441.5010	-100048.3849	877404.5010	3432114.6151	508280354.9763	1.1748e+05
999	199537.5380	-100076.2576	877500.5380	3432086.7424	508280354.9763	1.1707e+05
