i	x_from_vent	y_from_vent	x_coord	y_coord	sigma_square	mass_released
0	545.2667	-792.3563	678508.2667	3531370.6437	338588.5123	8.4199e+06
1	634.4701	-938.7035	678597.4701	3531224.2965	376411.6670	8.0855e+06
2	732.7122	-1102.5859	678695.7122	3531060.4141	428819.9298	7.7645e+06
3	840.3980	-1279.2026	678803.3980	3530883.7974	485411.6606	7.4564e+06
4	959.9555	-1462.6995	678922.9555	3530700.3005	545346.1520	7.1606e+06
5	1092.2058	-1650.2225	679055.2058	3530512.7775	611062.7683	6.8766e+06
6	1236.0017	-1839.8772	679199.0017	3530323.1228	684320.4442	6.6039e+06
7	1390.6457	-2030.2663	679353.6457	3530132.7337	766158.8968	6.3422e+06
8	1554.2489	-2219.1691	679517.2489	3529943.8309	856797.9276	6.0909e+06
9	1724.7402	-2404.6581	679687.7402	3529758.3419	955425.2222	5.8496e+06
10	1900.6474	-2585.5735	679863.6474	3529577.4265	1061739.9210	5.6180e+06
11	2081.9375	-2761.2731	680044.9375	3529401.7269	1175753.9598	5.3956e+06
12	2268.6332	-2931.2633	680231.6332	3529231.7367	1297377.0531	5.1821e+06
13	2459.0609	-3096.0058	680422.0609	3529066.9942	1426464.9812	4.9771e+06
14	2652.7044	-3255.5305	680615.7044	3528907.4695	1562794.4609	4.7803e+06
15	2850.0665	-3409.2586	680813.0665	3528753.7414	1706077.5405	4.5913e+06
16	3051.0783	-3556.8357	681014.0783	3528606.1643	1855995.4084	4.4098e+06
17	3253.9225	-3699.2424	681216.9225	3528463.7576	2012225.7927	4.2356e+06
18	3458.8293	-3836.1544	681421.8293	3528326.8456	2174389.9067	4.0683e+06
19	3666.7006	-3966.5282	681629.7006	3528196.4718	2342077.3849	3.9077e+06
20	3875.1436	-4092.0994	681838.1436	3528070.9006	2514916.0410	3.7534e+06
21	4085.2215	-4211.8155	682048.2215	3527951.1845	2692465.3936	3.6053e+06
22	4296.5165	-4326.2819	682259.5165	3527836.7181	2874302.4869	3.4631e+06
23	4507.2916	-4436.8917	682470.2916	3527726.1083	3056862.6057	3.3265e+06
24	4719.5728	-4543.8957	682682.5728	3527619.1043	3245389.5019	3.1954e+06
25	4930.1956	-4648.7612	682893.1956	3527514.2388	3436454.3072	3.0694e+06
26	5141.2390	-4751.1713	683104.2390	3527411.8287	3629532.9943	2.9485e+06
27	5350.8392	-4851.4134	683313.8392	3527311.5866	3824194.0383	2.8324e+06
28	5560.1697	-4949.2712	683523.1697	3527213.7288	4019975.9417	2.7208e+06
29	5768.0188	-5044.9674	683731.0188	3527118.0326	4216482.4326	2.6137e+06
30	5975.3158	-5138.3122	683938.3158	3527024.6878	4413302.0794	2.5109e+06
31	6180.7515	-5229.6036	684143.7515	3526933.3964	4610084.8198	2.4121e+06
32	6385.7330	-5318.5037	684348.7330	3526844.4963	4806453.0672	2.3172e+06
33	6588.1491	-5405.5839	684551.1491	3526757.4161	5002111.5695	2.2261e+06
34	6790.5621	-5490.1296	684753.5621	3526672.8704	5196699.8913	2.1386e+06
35	6990.2666	-5572.9573	684953.2666	3526590.0427	5389969.4301	2.0546e+06
36	7189.0145	-5653.5338	685152.0145	3526509.4662	5581607.5456	1.9739e+06
37	7385.8994	-5732.1824	685348.8994	3526430.8176	5771541.8937	1.8964e+06
38	7580.3430	-5809.1030	685543.3430	3526353.8970	5960279.1068	1.8219e+06
39	7774.1493	-5883.6742	685737.1493	3526279.3258	6147577.3919	1.7504e+06
40	7965.1912	-5956.6709	685928.1912	3526206.3291	6333189.6807	1.6818e+06
41	8154.2065	-6027.8297	686117.2065	3526135.1703	6516831.3940	1.6158e+06
42	8341.8594	-6096.9169	686304.8594	3526066.0831	6698233.4033	1.5524e+06
43	8526.7242	-6164.5102	686489.7242	3525998.4898	6877178.3957	1.4916e+06
44	8709.3555	-6230.4026	686672.3555	3525932.5974	7053425.3772	1.4331e+06
45	8890.5656	-6294.2790	686853.5656	3525868.7210	7226740.7076	1.3770e+06
46	9068.9764	-6356.7470	687031.9764	3525806.2530	7396942.8601	1.3230e+06
47	9244.6078	-6417.8262	687207.6078	3525745.1738	7563835.3450	1.2712e+06
48	9418.8842	-6476.8964	687381.8842	3525686.1036	7727205.7662	1.2215e+06
49	9590.6006	-6534.5346	687553.6006	3525628.4654	7886900.8350	1.1737e+06
50	9759.5329	-6590.8712	687722.5329	3525572.1288	8042758.3177	1.1278e+06
51	9925.7002	-6645.9254	687888.7002	3525517.0746	8194620.4003	1.0837e+06
52	10090.4552	-6699.1539	688053.4552	3525463.8461	8342314.3431	1.0413e+06
53	10252.5536	-6751.1079	688215.5536	3525411.8921	8476731.7891	1.0006e+06
54	10411.8120	-6801.8612	688374.8120	3525361.1388	8616151.2253	9.6148e+05
55	10568.1257	-6851.3985	688531.1257	3525311.6015	8751292.7949	9.2391e+05
56	10721.5710	-6899.6362	688684.5710	3525263.3638	8881680.2888	8.8783e+05
57	10872.9171	-6946.2365	688835.9171	3525216.7635	9006850.2740	8.5316e+05
58	11020.9789	-6991.6042	688983.9789	3525171.3958	9126400.3080	8.1986e+05
59	11165.6829	-7035.7309	689128.6829	3525127.2691	9239934.9306	7.8786e+05
60	11306.9633	-7078.6110	689269.9633	3525084.3890	9347086.0912	7.5713e+05
61	11444.7608	-7120.2413	689407.7608	3525042.7587	9447513.7466	7.2760e+05
62	11579.0227	-7160.6207	689542.0227	3525002.3793	9540906.3624	6.9923e+05
63	11703.8540	-7197.9081	689666.8540	3524965.0919	9626592.2938	6.7197e+05
64	11815.1716	-7230.8327	689778.1716	3524932.1673	9704049.2760	6.4578e+05
65	11924.7196	-7263.1113	689887.7196	3524899.8887	9773837.0835	6.2062e+05
66	12032.4740	-7294.7525	689995.4740	3524868.2475	9835761.9505	5.9645e+05
67	12138.4128	-7325.7659	690101.4128	3524837.2341	9889659.7251	5.7322e+05
68	12242.5167	-7356.1619	690205.5167	3524806.8381	9935395.9252	5.5091e+05
69	12344.7685	-7385.9515	690307.7685	3524777.0485	9972865.7350	5.2946e+05
70	12445.1531	-7415.1466	690408.1531	3524747.8534	10001993.9474	5.0886e+05
71	12543.6580	-7443.7596	690506.6580	3524719.2404	10022734.8556	4.8907e+05
72	12640.3089	-7471.8142	690603.3089	3524691.1858	10034214.4053	4.7005e+05
73	12736.3459	-7499.6869	690699.3459	3524663.3131	10034214.4053	4.5177e+05
74	12832.3829	-7527.5597	690795.3829	3524635.4403	10034214.4053	4.3422e+05
75	12928.4199	-7555.4324	690891.4199	3524607.5676	10034214.4053	4.1734e+05
76	13024.4570	-7583.3051	690987.4570	3524579.6949	10034214.4053	4.0113e+05
77	13120.4940	-7611.1778	691083.4940	3524551.8222	10034214.4053	3.8555e+05
78	13216.5310	-7639.0506	691179.5310	3524523.9494	10034214.4053	3.7058e+05
79	13312.5681	-7666.9233	691275.5681	3524496.0767	10034214.4053	3.5619e+05
80	13408.6051	-7694.7960	691371.6051	3524468.2040	10034214.4053	3.4237e+05
81	13504.6421	-7722.6688	691467.6421	3524440.3312	10034214.4053	3.2909e+05
82	13600.6792	-7750.5415	691563.6792	3524412.4585	10034214.4053	3.1632e+05
83	13696.7162	-7778.4142	691659.7162	3524384.5858	10034214.4053	3.0406e+05
84	13792.7532	-7806.2869	691755.7532	3524356.7131	10034214.4053	2.9227e+05
85	13888.7902	-7834.1597	691851.7902	3524328.8403	10034214.4053	2.8094e+05
86	13984.8273	-7862.0324	691947.8273	3524300.9676	10034214.4053	2.7005e+05
87	14080.8643	-7889.9051	692043.8643	3524273.0949	10034214.4053	2.5959e+05
88	14176.9013	-7917.7779	692139.9013	3524245.2221	10034214.4053	2.4954e+05
89	14272.9384	-7945.6506	692235.9384	3524217.3494	10034214.4053	2.3987e+05
90	14368.9754	-7973.5233	692331.9754	3524189.4767	10034214.4053	2.3059e+05
91	14465.0124	-8001.3961	692428.0124	3524161.6039	10034214.4053	2.2166e+05
92	14561.0494	-8029.2688	692524.0494	3524133.7312	10034214.4053	2.1309e+05
93	14657.0865	-8057.1415	692620.0865	3524105.8585	10034214.4053	2.0484e+05
94	14753.1235	-8085.0142	692716.1235	3524077.9858	10034214.4053	1.9692e+05
95	14849.1605	-8112.8870	692812.1605	3524050.1130	10034214.4053	1.8931e+05
96	14945.1976	-8140.7597	692908.1976	3524022.2403	10034214.4053	1.8199e+05
97	15041.2346	-8168.6324	693004.2346	3523994.3676	10034214.4053	1.7496e+05
98	15137.2716	-8196.5052	693100.2716	3523966.4948	10034214.4053	1.6820e+05
99	15233.3086	-8224.3779	693196.3086	3523938.6221	10034214.4053	1.6170e+05
100	15329.3457	-8252.2506	693292.3457	3523910.7494	10034214.4053	1.5546e+05
101	15425.3827	-8280.1233	693388.3827	3523882.8767	10034214.4053	1.4945e+05
102	15521.4197	-8307.9961	693484.4197	3523855.0039	10034214.4053	1.4368e+05
103	15617.4568	-8335.8688	693580.4568	3523827.1312	10034214.4053	1.3814e+05
104	15713.4938	-8363.7415	693676.4938	3523799.2585	10034214.4053	1.3281e+05
105	15809.5308	-8391.6143	693772.5308	3523771.3857	10034214.4053	1.2769e+05
106	15905.5679	-8419.4870	693868.5679	3523743.5130	10034214.4053	1.2276e+05
107	16001.6049	-8447.3597	693964.6049	3523715.6403	10034214.4053	1.1803e+05
108	16097.6419	-8475.2325	694060.6419	3523687.7675	10034214.4053	1.1348e+05
109	16193.6789	-8503.1052	694156.6789	3523659.8948	10034214.4053	1.0911e+05
110	16289.7160	-8530.9779	694252.7160	3523632.0221	10034214.4053	1.0490e+05
111	16385.7530	-8558.8506	694348.7530	3523604.1494	10034214.4053	1.0086e+05
112	16481.7900	-8586.7234	694444.7900	3523576.2766	10034214.4053	9.6978e+04
113	16577.8271	-8614.5961	694540.8271	3523548.4039	10034214.4053	9.3244e+04
114	16673.8641	-8642.4688	694636.8641	3523520.5312	10034214.4053	8.9654e+04
115	16769.9011	-8670.3416	694732.9011	3523492.6584	10034214.4053	8.6204e+04
116	16865.9381	-8698.2143	694828.9381	3523464.7857	10034214.4053	8.2887e+04
117	16961.9752	-8726.0870	694924.9752	3523436.9130	10034214.4053	7.9699e+04
118	17058.0122	-8753.9597	695021.0122	3523409.0403	10034214.4053	7.6633e+04
119	17154.0492	-8781.8325	695117.0492	3523381.1675	10034214.4053	7.3687e+04
120	17250.0863	-8809.7052	695213.0863	3523353.2948	10034214.4053	7.0854e+04
121	17346.1233	-8837.5779	695309.1233	3523325.4221	10034214.4053	6.8131e+04
122	17442.1603	-8865.4507	695405.1603	3523297.5493	10034214.4053	6.5513e+04
123	17538.1973	-8893.3234	695501.1973	3523269.6766	10034214.4053	6.2996e+04
124	17634.2344	-8921.1961	695597.2344	3523241.8039	10034214.4053	6.0576e+04
125	17730.2714	-8949.0689	695693.2714	3523213.9311	10034214.4053	5.8250e+04
126	17826.3084	-8976.9416	695789.3084	3523186.0584	10034214.4053	5.6014e+04
127	17922.3455	-9004.8143	695885.3455	3523158.1857	10034214.4053	5.3864e+04
128	18018.3825	-9032.6870	695981.3825	3523130.3130	10034214.4053	5.1796e+04
129	18114.4195	-9060.5598	696077.4195	3523102.4402	10034214.4053	4.9809e+04
130	18210.4565	-9088.4325	696173.4565	3523074.5675	10034214.4053	4.7898e+04
131	18306.4936	-9116.3052	696269.4936	3523046.6948	10034214.4053	4.6061e+04
132	18402.5306	-9144.1780	696365.5306	3523018.8220	10034214.4053	4.4295e+04
133	18498.5676	-9172.0507	696461.5676	3522990.9493	10034214.4053	4.2597e+04
134	18594.6047	-9199.9234	696557.6047	3522963.0766	10034214.4053	4.0964e+04
135	18690.6417	-9227.7961	696653.6417	3522935.2039	10034214.4053	3.9395e+04
136	18786.6787	-9255.6689	696749.6787	3522907.3311	10034214.4053	3.7885e+04
137	18882.7158	-9283.5416	696845.7158	3522879.4584	10034214.4053	3.6434e+04
138	18978.7528	-9311.4143	696941.7528	3522851.5857	10034214.4053	3.5039e+04
139	19074.7898	-9339.2871	697037.7898	3522823.7129	10034214.4053	3.3697e+04
140	19170.8268	-9367.1598	697133.8268	3522795.8402	10034214.4053	3.2407e+04
141	19266.8639	-9395.0325	697229.8639	3522767.9675	10034214.4053	3.1167e+04
142	19362.9009	-9422.9053	697325.9009	3522740.0947	10034214.4053	2.9974e+04
143	19458.9379	-9450.7780	697421.9379	3522712.2220	10034214.4053	2.8828e+04
144	19554.9750	-9478.6507	697517.9750	3522684.3493	10034214.4053	2.7725e+04
145	19651.0120	-9506.5234	697614.0120	3522656.4766	10034214.4053	2.6665e+04
146	19747.0490	-9534.3962	697710.0490	3522628.6038	10034214.4053	2.5645e+04
147	19843.0860	-9562.2689	697806.0860	3522600.7311	10034214.4053	2.4665e+04
148	19939.1231	-9590.1416	697902.1231	3522572.8584	10034214.4053	2.3722e+04
149	20035.1601	-9618.0144	697998.1601	3522544.9856	10034214.4053	2.2816e+04
150	20131.1971	-9645.8871	698094.1971	3522517.1129	10034214.4053	2.1944e+04
151	20227.2342	-9673.7598	698190.2342	3522489.2402	10034214.4053	2.1106e+04
152	20323.2712	-9701.6325	698286.2712	3522461.3675	10034214.4053	2.0300e+04
153	20419.3082	-9729.5053	698382.3082	3522433.4947	10034214.4053	1.9525e+04
154	20515.3452	-9757.3780	698478.3452	3522405.6220	10034214.4053	1.8779e+04
155	20611.3823	-9785.2507	698574.3823	3522377.7493	10034214.4053	1.8063e+04
156	20707.4193	-9813.1235	698670.4193	3522349.8765	10034214.4053	1.7373e+04
157	20803.4563	-9840.9962	698766.4563	3522322.0038	10034214.4053	1.6710e+04
158	20899.4934	-9868.8689	698862.4934	3522294.1311	10034214.4053	1.6073e+04
159	20995.5304	-9896.7417	698958.5304	3522266.2583	10034214.4053	1.5460e+04
160	21091.5674	-9924.6144	699054.5674	3522238.3856	10034214.4053	1.4870e+04
161	21187.6044	-9952.4871	699150.6044	3522210.5129	10034214.4053	1.4304e+04
162	21283.6415	-9980.3598	699246.6415	3522182.6402	10034214.4053	1.3758e+04
163	21379.6785	-10008.2326	699342.6785	3522154.7674	10034214.4053	1.3234e+04
164	21475.7155	-10036.1053	699438.7155	3522126.8947	10034214.4053	1.2730e+04
165	21571.7526	-10063.9780	699534.7526	3522099.0220	10034214.4053	1.2245e+04
166	21667.7896	-10091.8508	699630.7896	3522071.1492	10034214.4053	1.1778e+04
167	21763.8266	-10119.7235	699726.8266	3522043.2765	10034214.4053	1.1330e+04
168	21859.8637	-10147.5962	699822.8637	3522015.4038	10034214.4053	1.0898e+04
169	21955.9007	-10175.4689	699918.9007	3521987.5311	10034214.4053	1.0484e+04
170	22051.9377	-10203.3417	700014.9377	3521959.6583	10034214.4053	1.0085e+04
171	22147.9747	-10231.2144	700110.9747	3521931.7856	10034214.4053	9.7008e+03
172	22244.0118	-10259.0871	700207.0118	3521903.9129	10034214.4053	9.3317e+03
173	22340.0488	-10286.9599	700303.0488	3521876.0401	10034214.4053	8.9767e+03
174	22436.0858	-10314.8326	700399.0858	3521848.1674	10034214.4053	8.6353e+03
175	22532.1229	-10342.7053	700495.1229	3521820.2947	10034214.4053	8.3069e+03
176	22628.1599	-10370.5781	700591.1599	3521792.4219	10034214.4053	7.9910e+03
177	22724.1969	-10398.4508	700687.1969	3521764.5492	10034214.4053	7.6873e+03
178	22820.2339	-10426.3235	700783.2339	3521736.6765	10034214.4053	7.3951e+03
179	22916.2710	-10454.1962	700879.2710	3521708.8038	10034214.4053	7.1141e+03
180	23012.3080	-10482.0690	700975.3080	3521680.9310	10034214.4053	6.8438e+03
181	23108.3450	-10509.9417	701071.3450	3521653.0583	10034214.4053	6.5838e+03
182	23204.3821	-10537.8144	701167.3821	3521625.1856	10034214.4053	6.3337e+03
183	23300.4191	-10565.6872	701263.4191	3521597.3128	10034214.4053	6.0932e+03
184	23396.4561	-10593.5599	701359.4561	3521569.4401	10034214.4053	5.8619e+03
185	23492.4931	-10621.4326	701455.4931	3521541.5674	10034214.4053	5.6394e+03
186	23588.5302	-10649.3053	701551.5302	3521513.6947	10034214.4053	5.4253e+03
187	23684.5672	-10677.1781	701647.5672	3521485.8219	10034214.4053	5.2194e+03
188	23780.6042	-10705.0508	701743.6042	3521457.9492	10034214.4053	5.0214e+03
189	23876.6413	-10732.9235	701839.6413	3521430.0765	10034214.4053	4.8309e+03
190	23972.6783	-10760.7963	701935.6783	3521402.2037	10034214.4053	4.6477e+03
191	24068.7153	-10788.6690	702031.7153	3521374.3310	10034214.4053	4.4714e+03
192	24164.7524	-10816.5417	702127.7524	3521346.4583	10034214.4053	4.3019e+03
193	24260.7894	-10844.4145	702223.7894	3521318.5855	10034214.4053	4.1388e+03
194	24356.8264	-10872.2872	702319.8264	3521290.7128	10034214.4053	3.9819e+03
195	24452.8634	-10900.1599	702415.8634	3521262.8401	10034214.4053	3.8310e+03
196	24548.9005	-10928.0326	702511.9005	3521234.9674	10034214.4053	3.6858e+03
197	24644.9375	-10955.9054	702607.9375	3521207.0946	10034214.4053	3.5462e+03
198	24740.9745	-10983.7781	702703.9745	3521179.2219	10034214.4053	3.4119e+03
199	24837.0116	-11011.6508	702800.0116	3521151.3492	10034214.4053	3.2826e+03
200	24933.0486	-11039.5236	702896.0486	3521123.4764	10034214.4053	3.1583e+03
201	25029.0856	-11067.3963	702992.0856	3521095.6037	10034214.4053	3.0388e+03
202	25125.1226	-11095.2690	703088.1226	3521067.7310	10034214.4053	2.9237e+03
203	25221.1597	-11123.1418	703184.1597	3521039.8582	10034214.4053	2.8131e+03
204	25317.1967	-11151.0145	703280.1967	3521011.9855	10034214.4053	2.7066e+03
205	25413.2337	-11178.8872	703376.2337	3520984.1128	10034214.4053	2.6042e+03
206	25509.2708	-11206.7599	703472.2708	3520956.2401	10034214.4053	2.5057e+03
207	25605.3078	-11234.6327	703568.3078	3520928.3673	10034214.4053	2.4109e+03
208	25701.3448	-11262.5054	703664.3448	3520900.4946	10034214.4053	2.3197e+03
209	25797.3818	-11290.3781	703760.3818	3520872.6219	10034214.4053	2.2320e+03
210	25893.4189	-11318.2509	703856.4189	3520844.7491	10034214.4053	2.1476e+03
211	25989.4559	-11346.1236	703952.4559	3520816.8764	10034214.4053	2.0664e+03
212	26085.4929	-11373.9963	704048.4929	3520789.0037	10034214.4053	1.9883e+03
213	26181.5300	-11401.8690	704144.5300	3520761.1310	10034214.4053	1.9132e+03
214	26277.5670	-11429.7418	704240.5670	3520733.2582	10034214.4053	1.8409e+03
215	26373.6040	-11457.6145	704336.6040	3520705.3855	10034214.4053	1.7714e+03
216	26469.6410	-11485.4872	704432.6410	3520677.5128	10034214.4053	1.7044e+03
217	26565.6781	-11513.3600	704528.6781	3520649.6400	10034214.4053	1.6401e+03
218	26661.7151	-11541.2327	704624.7151	3520621.7673	10034214.4053	1.5781e+03
219	26757.7521	-11569.1054	704720.7521	3520593.8946	10034214.4053	1.5186e+03
220	26853.7892	-11596.9782	704816.7892	3520566.0218	10034214.4053	1.4612e+03
221	26949.8262	-11624.8509	704912.8262	3520538.1491	10034214.4053	1.4061e+03
222	27045.8632	-11652.7236	705008.8632	3520510.2764	10034214.4053	1.3530e+03
223	27141.9003	-11680.5963	705104.9003	3520482.4037	10034214.4053	1.3020e+03
224	27237.9373	-11708.4691	705200.9373	3520454.5309	10034214.4053	1.2528e+03
225	27333.9743	-11736.3418	705296.9743	3520426.6582	10034214.4053	1.2056e+03
226	27430.0113	-11764.2145	705393.0113	3520398.7855	10034214.4053	1.1601e+03
227	27526.0484	-11792.0873	705489.0484	3520370.9127	10034214.4053	1.1163e+03
228	27622.0854	-11819.9600	705585.0854	3520343.0400	10034214.4053	1.0743e+03
229	27718.1224	-11847.8327	705681.1224	3520315.1673	10034214.4053	1.0338e+03
230	27814.1595	-11875.7054	705777.1595	3520287.2946	10034214.4053	9.9479e+02
231	27910.1965	-11903.5782	705873.1965	3520259.4218	10034214.4053	9.5729e+02
232	28006.2335	-11931.4509	705969.2335	3520231.5491	10034214.4053	9.2122e+02
233	28102.2705	-11959.3236	706065.2705	3520203.6764	10034214.4053	8.8651e+02
234	28198.3076	-11987.1964	706161.3076	3520175.8036	10034214.4053	8.5311e+02
235	28294.3446	-12015.0691	706257.3446	3520147.9309	10034214.4053	8.2097e+02
236	28390.3816	-12042.9418	706353.3816	3520120.0582	10034214.4053	7.9005e+02
237	28486.4187	-12070.8146	706449.4187	3520092.1854	10034214.4053	7.6030e+02
238	28582.4557	-12098.6873	706545.4557	3520064.3127	10034214.4053	7.3167e+02
239	28678.4927	-12126.5600	706641.4927	3520036.4400	10034214.4053	7.0412e+02
240	28774.5297	-12154.4327	706737.5297	3520008.5673	10034214.4053	6.7762e+02
241	28870.5668	-12182.3055	706833.5668	3519980.6945	10034214.4053	6.5211e+02
242	28966.6038	-12210.1782	706929.6038	3519952.8218	10034214.4053	6.2757e+02
243	29062.6408	-12238.0509	707025.6408	3519924.9491	10034214.4053	6.0396e+02
244	29158.6779	-12265.9237	707121.6779	3519897.0763	10034214.4053	5.8124e+02
245	29254.7149	-12293.7964	707217.7149	3519869.2036	10034214.4053	5.5937e+02
246	29350.7519	-12321.6691	707313.7519	3519841.3309	10034214.4053	5.3833e+02
247	29446.7889	-12349.5418	707409.7889	3519813.4582	10034214.4053	5.1809e+02
248	29542.8260	-12377.4146	707505.8260	3519785.5854	10034214.4053	4.9861e+02
249	29638.8630	-12405.2873	707601.8630	3519757.7127	10034214.4053	4.7986e+02
250	29734.9000	-12433.1600	707697.9000	3519729.8400	10034214.4053	4.6182e+02
251	29830.9371	-12461.0328	707793.9371	3519701.9672	10034214.4053	4.4446e+02
252	29926.9741	-12488.9055	707889.9741	3519674.0945	10034214.4053	4.2776e+02
253	30023.0111	-12516.7782	707986.0111	3519646.2218	10034214.4053	4.1168e+02
254	30119.0482	-12544.6510	708082.0482	3519618.3490	10034214.4053	3.9622e+02
255	30215.0852	-12572.5237	708178.0852	3519590.4763	10034214.4053	3.8133e+02
256	30311.1222	-12600.3964	708274.1222	3519562.6036	10034214.4053	3.6701e+02
257	30407.1592	-12628.2691	708370.1592	3519534.7309	10034214.4053	3.5322e+02
258	30503.1963	-12656.1419	708466.1963	3519506.8581	10034214.4053	3.3996e+02
259	30599.2333	-12684.0146	708562.2333	3519478.9854	10034214.4053	3.2719e+02
260	30695.2703	-12711.8873	708658.2703	3519451.1127	10034214.4053	3.1491e+02
261	30791.3074	-12739.7601	708754.3074	3519423.2399	10034214.4053	3.0309e+02
262	30887.3444	-12767.6328	708850.3444	3519395.3672	10034214.4053	2.9171e+02
263	30983.3814	-12795.5055	708946.3814	3519367.4945	10034214.4053	2.8076e+02
264	31079.4184	-12823.3782	709042.4184	3519339.6218	10034214.4053	2.7023e+02
265	31175.4555	-12851.2510	709138.4555	3519311.7490	10034214.4053	2.6009e+02
266	31271.4925	-12879.1237	709234.4925	3519283.8763	10034214.4053	2.5033e+02
267	31367.5295	-12906.9964	709330.5295	3519256.0036	10034214.4053	2.4094e+02
268	31463.5666	-12934.8692	709426.5666	3519228.1308	10034214.4053	2.3190e+02
269	31559.6036	-12962.7419	709522.6036	3519200.2581	10034214.4053	2.2321e+02
270	31655.6406	-12990.6146	709618.6406	3519172.3854	10034214.4053	2.1484e+02
271	31751.6776	-13018.4874	709714.6776	3519144.5126	10034214.4053	2.0678e+02
272	31847.7147	-13046.3601	709810.7147	3519116.6399	10034214.4053	1.9903e+02
273	31943.7517	-13074.2328	709906.7517	3519088.7672	10034214.4053	1.9157e+02
274	32039.7887	-13102.1055	710002.7887	3519060.8945	10034214.4053	1.8439e+02
275	32135.8258	-13129.9783	710098.8258	3519033.0217	10034214.4053	1.7748e+02
276	32231.8628	-13157.8510	710194.8628	3519005.1490	10034214.4053	1.7083e+02
277	32327.8998	-13185.7237	710290.8998	3518977.2763	10034214.4053	1.6443e+02
278	32423.9369	-13213.5965	710386.9369	3518949.4035	10034214.4053	1.5827e+02
279	32519.9739	-13241.4692	710482.9739	3518921.5308	10034214.4053	1.5234e+02
280	32616.0109	-13269.3419	710579.0109	3518893.6581	10034214.4053	1.4664e+02
281	32712.0479	-13297.2146	710675.0479	3518865.7854	10034214.4053	1.4115e+02
282	32808.0850	-13325.0874	710771.0850	3518837.9126	10034214.4053	1.3586e+02
283	32904.1220	-13352.9601	710867.1220	3518810.0399	10034214.4053	1.3077e+02
284	33000.1590	-13380.8328	710963.1590	3518782.1672	10034214.4053	1.2588e+02
285	33096.1961	-13408.7056	711059.1961	3518754.2944	10034214.4053	1.2117e+02
286	33192.2331	-13436.5783	711155.2331	3518726.4217	10034214.4053	1.1663e+02
287	33288.2701	-13464.4510	711251.2701	3518698.5490	10034214.4053	1.1227e+02
288	33384.3071	-13492.3238	711347.3071	3518670.6762	10034214.4053	1.0807e+02
289	33480.3442	-13520.1965	711443.3442	3518642.8035	10034214.4053	1.0402e+02
290	33576.3812	-13548.0692	711539.3812	3518614.9308	10034214.4053	1.0013e+02
291	33672.4182	-13575.9419	711635.4182	3518587.0581	10034214.4053	9.6387e+01
292	33768.4553	-13603.8147	711731.4553	3518559.1853	10034214.4053	9.2782e+01
293	33864.4923	-13631.6874	711827.4923	3518531.3126	10034214.4053	8.9312e+01
294	33960.5293	-13659.5601	711923.5293	3518503.4399	10034214.4053	8.5973e+01
295	34056.5663	-13687.4329	712019.5663	3518475.5671	10034214.4053	8.2758e+01
296	34152.6034	-13715.3056	712115.6034	3518447.6944	10034214.4053	7.9664e+01
297	34248.6404	-13743.1783	712211.6404	3518419.8217	10034214.4053	7.6687e+01
298	34344.6774	-13771.0510	712307.6774	3518391.9490	10034214.4053	7.3820e+01
299	34440.7145	-13798.9238	712403.7145	3518364.0762	10034214.4053	7.1062e+01
300	34536.7515	-13826.7965	712499.7515	3518336.2035	10034214.4053	6.8406e+01
301	34632.7885	-13854.6692	712595.7885	3518308.3308	10034214.4053	6.5850e+01
302	34728.8255	-13882.5420	712691.8255	3518280.4580	10034214.4053	6.3390e+01
303	34824.8626	-13910.4147	712787.8626	3518252.5853	10034214.4053	6.1022e+01
304	34920.8996	-13938.2874	712883.8996	3518224.7126	10034214.4053	5.8743e+01
305	35016.9366	-13966.1602	712979.9366	3518196.8398	10034214.4053	5.6549e+01
306	35112.9737	-13994.0329	713075.9737	3518168.9671	10034214.4053	5.4437e+01
307	35209.0107	-14021.9056	713172.0107	3518141.0944	10034214.4053	5.2405e+01
308	35305.0477	-14049.7783	713268.0477	3518113.2217	10034214.4053	5.0448e+01
309	35401.0848	-14077.6511	713364.0848	3518085.3489	10034214.4053	4.8565e+01
310	35497.1218	-14105.5238	713460.1218	3518057.4762	10034214.4053	4.6752e+01
311	35593.1588	-14133.3965	713556.1588	3518029.6035	10034214.4053	4.5007e+01
312	35689.1958	-14161.2693	713652.1958	3518001.7307	10034214.4053	4.3327e+01
313	35785.2329	-14189.1420	713748.2329	3517973.8580	10034214.4053	4.1711e+01
314	35881.2699	-14217.0147	713844.2699	3517945.9853	10034214.4053	4.0154e+01
315	35977.3069	-14244.8874	713940.3069	3517918.1126	10034214.4053	3.8656e+01
316	36073.3440	-14272.7602	714036.3440	3517890.2398	10034214.4053	3.7214e+01
317	36169.3810	-14300.6329	714132.3810	3517862.3671	10034214.4053	3.5826e+01
318	36265.4180	-14328.5056	714228.4180	3517834.4944	10034214.4053	3.4490e+01
319	36361.4550	-14356.3784	714324.4550	3517806.6216	10034214.4053	3.3204e+01
320	36457.4921	-14384.2511	714420.4921	3517778.7489	10034214.4053	3.1966e+01
321	36553.5291	-14412.1238	714516.5291	3517750.8762	10034214.4053	3.0774e+01
322	36649.5661	-14439.9966	714612.5661	3517723.0034	10034214.4053	2.9626e+01
323	36745.6032	-14467.8693	714708.6032	3517695.1307	10034214.4053	2.8522e+01
324	36841.6402	-14495.7420	714804.6402	3517667.2580	10034214.4053	2.7459e+01
325	36937.6772	-14523.6147	714900.6772	3517639.3853	10034214.4053	2.6436e+01
326	37033.7142	-14551.4875	714996.7142	3517611.5125	10034214.4053	2.5450e+01
327	37129.7513	-14579.3602	715092.7513	3517583.6398	10034214.4053	2.4502e+01
328	37225.7883	-14607.2329	715188.7883	3517555.7671	10034214.4053	2.3589e+01
329	37321.8253	-14635.1057	715284.8253	3517527.8943	10034214.4053	2.2710e+01
330	37417.8624	-14662.9784	715380.8624	3517500.0216	10034214.4053	2.1864e+01
331	37513.8994	-14690.8511	715476.8994	3517472.1489	10034214.4053	2.1050e+01
332	37609.9364	-14718.7238	715572.9364	3517444.2762	10034214.4053	2.0266e+01
333	37705.9735	-14746.5966	715668.9735	3517416.4034	10034214.4053	1.9511e+01
334	37802.0105	-14774.4693	715765.0105	3517388.5307	10034214.4053	1.8785e+01
335	37898.0475	-14802.3420	715861.0475	3517360.6580	10034214.4053	1.8085e+01
336	37994.0845	-14830.2148	715957.0845	3517332.7852	10034214.4053	1.7412e+01
337	38090.1216	-14858.0875	716053.1216	3517304.9125	10034214.4053	1.6764e+01
338	38186.1586	-14885.9602	716149.1586	3517277.0398	10034214.4053	1.6140e+01
339	38282.1956	-14913.8330	716245.1956	3517249.1670	10034214.4053	1.5539e+01
340	38378.2327	-14941.7057	716341.2327	3517221.2943	10034214.4053	1.4961e+01
341	38474.2697	-14969.5784	716437.2697	3517193.4216	10034214.4053	1.4404e+01
342	38570.3067	-14997.4511	716533.3067	3517165.5489	10034214.4053	1.3868e+01
343	38666.3437	-15025.3239	716629.3437	3517137.6761	10034214.4053	1.3352e+01
344	38762.3808	-15053.1966	716725.3808	3517109.8034	10034214.4053	1.2855e+01
345	38858.4178	-15081.0693	716821.4178	3517081.9307	10034214.4053	1.2377e+01
346	38954.4548	-15108.9421	716917.4548	3517054.0579	10034214.4053	1.1917e+01
347	39050.4919	-15136.8148	717013.4919	3517026.1852	10034214.4053	1.1474e+01
348	39146.5289	-15164.6875	717109.5289	3516998.3125	10034214.4053	1.1047e+01
349	39242.5659	-15192.5602	717205.5659	3516970.4398	10034214.4053	1.0636e+01
350	39338.6029	-15220.4330	717301.6029	3516942.5670	10034214.4053	1.0241e+01
351	39434.6400	-15248.3057	717397.6400	3516914.6943	10034214.4053	9.8598e+00
352	39530.6770	-15276.1784	717493.6770	3516886.8216	10034214.4053	9.4933e+00
353	39626.7140	-15304.0512	717589.7140	3516858.9488	10034214.4053	9.1404e+00
354	39722.7511	-15331.9239	717685.7511	3516831.0761	10034214.4053	8.8007e+00
355	39818.7881	-15359.7966	717781.7881	3516803.2034	10034214.4053	8.4736e+00
356	39914.8251	-15387.6694	717877.8251	3516775.3306	10034214.4053	8.1587e+00
357	40010.8621	-15415.5421	717973.8621	3516747.4579	10034214.4053	7.8556e+00
358	40106.8992	-15443.4148	718069.8992	3516719.5852	10034214.4053	7.5637e+00
359	40202.9362	-15471.2875	718165.9362	3516691.7125	10034214.4053	7.2827e+00
360	40298.9732	-15499.1603	718261.9732	3516663.8397	10034214.4053	7.0121e+00
361	40395.0103	-15527.0330	718358.0103	3516635.9670	10034214.4053	6.7517e+00
362	40491.0473	-15554.9057	718454.0473	3516608.0943	10034214.4053	6.5009e+00
363	40587.0843	-15582.7785	718550.0843	3516580.2215	10034214.4053	6.2595e+00
364	40683.1214	-15610.6512	718646.1214	3516552.3488	10034214.4053	6.0270e+00
365	40779.1584	-15638.5239	718742.1584	3516524.4761	10034214.4053	5.8032e+00
366	40875.1954	-15666.3966	718838.1954	3516496.6034	10034214.4053	5.5877e+00
367	40971.2324	-15694.2694	718934.2324	3516468.7306	10034214.4053	5.3803e+00
368	41067.2695	-15722.1421	719030.2695	3516440.8579	10034214.4053	5.1806e+00
369	41163.3065	-15750.0148	719126.3065	3516412.9852	10034214.4053	4.9883e+00
370	41259.3435	-15777.8876	719222.3435	3516385.1124	10034214.4053	4.8031e+00
371	41355.3806	-15805.7603	719318.3806	3516357.2397	10034214.4053	4.6249e+00
372	41451.4176	-15833.6330	719414.4176	3516329.3670	10034214.4053	4.4532e+00
373	41547.4546	-15861.5058	719510.4546	3516301.4942	10034214.4053	4.2880e+00
374	41643.4916	-15889.3785	719606.4916	3516273.6215	10034214.4053	4.1289e+00
375	41739.5287	-15917.2512	719702.5287	3516245.7488	10034214.4053	3.9757e+00
376	41835.5657	-15945.1239	719798.5657	3516217.8761	10034214.4053	3.8282e+00
377	41931.6027	-15972.9967	719894.6027	3516190.0033	10034214.4053	3.6862e+00
378	42027.6398	-16000.8694	719990.6398	3516162.1306	10034214.4053	3.5495e+00
379	42123.6768	-16028.7421	720086.6768	3516134.2579	10034214.4053	3.4178e+00
380	42219.7138	-16056.6149	720182.7138	3516106.3851	10034214.4053	3.2911e+00
381	42315.7508	-16084.4876	720278.7508	3516078.5124	10034214.4053	3.1690e+00
382	42411.7879	-16112.3603	720374.7879	3516050.6397	10034214.4053	3.0515e+00
383	42507.8249	-16140.2330	720470.8249	3516022.7670	10034214.4053	2.9384e+00
384	42603.8619	-16168.1058	720566.8619	3515994.8942	10034214.4053	2.8294e+00
385	42699.8990	-16195.9785	720662.8990	3515967.0215	10034214.4053	2.7246e+00
386	42795.9360	-16223.8512	720758.9360	3515939.1488	10034214.4053	2.6236e+00
387	42891.9730	-16251.7240	720854.9730	3515911.2760	10034214.4053	2.5263e+00
388	42988.0100	-16279.5967	720951.0100	3515883.4033	10034214.4053	2.4327e+00
389	43084.0471	-16307.4694	721047.0471	3515855.5306	10034214.4053	2.3425e+00
390	43180.0841	-16335.3422	721143.0841	3515827.6578	10034214.4053	2.2557e+00
391	43276.1211	-16363.2149	721239.1211	3515799.7851	10034214.4053	2.1722e+00
392	43372.1582	-16391.0876	721335.1582	3515771.9124	10034214.4053	2.0917e+00
393	43468.1952	-16418.9603	721431.1952	3515744.0397	10034214.4053	2.0142e+00
394	43564.2322	-16446.8331	721527.2322	3515716.1669	10034214.4053	1.9396e+00
395	43660.2693	-16474.7058	721623.2693	3515688.2942	10034214.4053	1.8677e+00
396	43756.3063	-16502.5785	721719.3063	3515660.4215	10034214.4053	1.7985e+00
397	43852.3433	-16530.4513	721815.3433	3515632.5487	10034214.4053	1.7319e+00
398	43948.3803	-16558.3240	721911.3803	3515604.6760	10034214.4053	1.6678e+00
399	44044.4174	-16586.1967	722007.4174	3515576.8033	10034214.4053	1.6060e+00
400	44140.4544	-16614.0694	722103.4544	3515548.9306	10034214.4053	1.5466e+00
401	44236.4914	-16641.9422	722199.4914	3515521.0578	10034214.4053	1.4893e+00
402	44332.5285	-16669.8149	722295.5285	3515493.1851	10034214.4053	1.4342e+00
403	44428.5655	-16697.6876	722391.5655	3515465.3124	10034214.4053	1.3811e+00
404	44524.6025	-16725.5604	722487.6025	3515437.4396	10034214.4053	1.3300e+00
405	44620.6395	-16753.4331	722583.6395	3515409.5669	10034214.4053	1.2807e+00
406	44716.6766	-16781.3058	722679.6766	3515381.6942	10034214.4053	1.2333e+00
407	44812.7136	-16809.1786	722775.7136	3515353.8214	10034214.4053	1.1877e+00
408	44908.7506	-16837.0513	722871.7506	3515325.9487	10034214.4053	1.1437e+00
409	45004.7877	-16864.9240	722967.7877	3515298.0760	10034214.4053	1.1014e+00
410	45100.8247	-16892.7967	723063.8247	3515270.2033	10034214.4053	1.0607e+00
411	45196.8617	-16920.6695	723159.8617	3515242.3305	10034214.4053	1.0214e+00
412	45292.8987	-16948.5422	723255.8987	3515214.4578	10034214.4053	9.8364e-01
413	45388.9358	-16976.4149	723351.9358	3515186.5851	10034214.4053	9.4725e-01
414	45484.9728	-17004.2877	723447.9728	3515158.7123	10034214.4053	9.1222e-01
415	45581.0098	-17032.1604	723544.0098	3515130.8396	10034214.4053	8.7848e-01
416	45677.0469	-17060.0331	723640.0469	3515102.9669	10034214.4053	8.4599e-01
417	45773.0839	-17087.9058	723736.0839	3515075.0942	10034214.4053	8.1470e-01
418	45869.1209	-17115.7786	723832.1209	3515047.2214	10034214.4053	7.8458e-01
419	45965.1580	-17143.6513	723928.1580	3515019.3487	10034214.4053	7.5557e-01
420	46061.1950	-17171.5240	724024.1950	3514991.4760	10034214.4053	7.2763e-01
421	46157.2320	-17199.3968	724120.2320	3514963.6032	10034214.4053	7.0073e-01
422	46253.2690	-17227.2695	724216.2690	3514935.7305	10034214.4053	6.7483e-01
423	46349.3061	-17255.1422	724312.3061	3514907.8578	10034214.4053	6.4988e-01
424	46445.3431	-17283.0150	724408.3431	3514879.9850	10034214.4053	6.2586e-01
425	46541.3801	-17310.8877	724504.3801	3514852.1123	10034214.4053	6.0273e-01
426	46637.4172	-17338.7604	724600.4172	3514824.2396	10034214.4053	5.8046e-01
427	46733.4542	-17366.6331	724696.4542	3514796.3669	10034214.4053	5.5900e-01
428	46829.4912	-17394.5059	724792.4912	3514768.4941	10034214.4053	5.3835e-01
429	46925.5282	-17422.3786	724888.5282	3514740.6214	10034214.4053	5.1846e-01
430	47021.5653	-17450.2513	724984.5653	3514712.7487	10034214.4053	4.9930e-01
431	47117.6023	-17478.1241	725080.6023	3514684.8759	10034214.4053	4.8086e-01
432	47213.6393	-17505.9968	725176.6393	3514657.0032	10034214.4053	4.6309e-01
433	47309.6764	-17533.8695	725272.6764	3514629.1305	10034214.4053	4.4599e-01
434	47405.7134	-17561.7423	725368.7134	3514601.2577	10034214.4053	4.2951e-01
435	47501.7504	-17589.6150	725464.7504	3514573.3850	10034214.4053	4.1365e-01
436	47597.7874	-17617.4877	725560.7874	3514545.5123	10034214.4053	3.9837e-01
437	47693.8245	-17645.3604	725656.8245	3514517.6396	10034214.4053	3.8366e-01
438	47789.8615	-17673.2332	725752.8615	3514489.7668	10034214.4053	3.6949e-01
439	47885.8985	-17701.1059	725848.8985	3514461.8941	10034214.4053	3.5585e-01
440	47981.9356	-17728.9786	725944.9356	3514434.0214	10034214.4053	3.4271e-01
441	48077.9726	-17756.8514	726040.9726	3514406.1486	10034214.4053	3.3006e-01
442	48174.0096	-17784.7241	726137.0096	3514378.2759	10034214.4053	3.1787e-01
443	48270.0466	-17812.5968	726233.0466	3514350.4032	10034214.4053	3.0614e-01
444	48366.0837	-17840.4695	726329.0837	3514322.5305	10034214.4053	2.9484e-01
445	48462.1207	-17868.3423	726425.1207	3514294.6577	10034214.4053	2.8396e-01
446	48558.1577	-17896.2150	726521.1577	3514266.7850	10034214.4053	2.7348e-01
447	48654.1948	-17924.0877	726617.1948	3514238.9123	10034214.4053	2.6339e-01
448	48750.2318	-17951.9605	726713.2318	3514211.0395	10034214.4053	2.5367e-01
449	48846.2688	-17979.8332	726809.2688	3514183.1668	10034214.4053	2.4431e-01
450	48942.3059	-18007.7059	726905.3059	3514155.2941	10034214.4053	2.3529e-01
451	49038.3429	-18035.5787	727001.3429	3514127.4213	10034214.4053	2.2661e-01
452	49134.3799	-18063.4514	727097.3799	3514099.5486	10034214.4053	2.1825e-01
453	49230.4169	-18091.3241	727193.4169	3514071.6759	10034214.4053	2.1020e-01
454	49326.4540	-18119.1968	727289.4540	3514043.8032	10034214.4053	2.0245e-01
455	49422.4910	-18147.0696	727385.4910	3514015.9304	10034214.4053	1.9498e-01
456	49518.5280	-18174.9423	727481.5280	3513988.0577	10034214.4053	1.8779e-01
457	49614.5651	-18202.8150	727577.5651	3513960.1850	10034214.4053	1.8086e-01
458	49710.6021	-18230.6878	727673.6021	3513932.3122	10034214.4053	1.7419e-01
459	49806.6391	-18258.5605	727769.6391	3513904.4395	10034214.4053	1.6777e-01
460	49902.6761	-18286.4332	727865.6761	3513876.5668	10034214.4053	1.6158e-01
461	49998.7132	-18314.3059	727961.7132	3513848.6941	10034214.4053	1.5562e-01
462	50094.7502	-18342.1787	728057.7502	3513820.8213	10034214.4053	1.4989e-01
463	50190.7872	-18370.0514	728153.7872	3513792.9486	10034214.4053	1.4436e-01
464	50286.8243	-18397.9241	728249.8243	3513765.0759	10034214.4053	1.3904e-01
465	50382.8613	-18425.7969	728345.8613	3513737.2031	10034214.4053	1.3391e-01
466	50478.8983	-18453.6696	728441.8983	3513709.3304	10034214.4053	1.2898e-01
467	50574.9353	-18481.5423	728537.9353	3513681.4577	10034214.4053	1.2422e-01
468	50670.9724	-18509.4151	728633.9724	3513653.5849	10034214.4053	1.1964e-01
469	50767.0094	-18537.2878	728730.0094	3513625.7122	10034214.4053	1.1524e-01
470	50863.0464	-18565.1605	728826.0464	3513597.8395	10034214.4053	1.1099e-01
471	50959.0835	-18593.0332	728922.0835	3513569.9668	10034214.4053	1.0690e-01
472	51055.1205	-18620.9060	729018.1205	3513542.0940	10034214.4053	1.0296e-01
473	51151.1575	-18648.7787	729114.1575	3513514.2213	10034214.4053	9.9167e-02
474	51247.1945	-18676.6514	729210.1945	3513486.3486	10034214.4053	9.5513e-02
475	51343.2316	-18704.5242	729306.2316	3513458.4758	10034214.4053	9.1995e-02
476	51439.2686	-18732.3969	729402.2686	3513430.6031	10034214.4053	8.8606e-02
477	51535.3056	-18760.2696	729498.3056	3513402.7304	10034214.4053	8.5342e-02
478	51631.3427	-18788.1423	729594.3427	3513374.8577	10034214.4053	8.2199e-02
479	51727.3797	-18816.0151	729690.3797	3513346.9849	10034214.4053	7.9171e-02
480	51823.4167	-18843.8878	729786.4167	3513319.1122	10034214.4053	7.6255e-02
481	51919.4538	-18871.7605	729882.4538	3513291.2395	10034214.4053	7.3447e-02
482	52015.4908	-18899.6333	729978.4908	3513263.3667	10034214.4053	7.0742e-02
483	52111.5278	-18927.5060	730074.5278	3513235.4940	10034214.4053	6.8137e-02
484	52207.5648	-18955.3787	730170.5648	3513207.6213	10034214.4053	6.5629e-02
485	52303.6019	-18983.2515	730266.6019	3513179.7485	10034214.4053	6.3212e-02
486	52399.6389	-19011.1242	730362.6389	3513151.8758	10034214.4053	6.0885e-02
487	52495.6759	-19038.9969	730458.6759	3513124.0031	10034214.4053	5.8644e-02
488	52591.7130	-19066.8696	730554.7130	3513096.1304	10034214.4053	5.6485e-02
489	52687.7500	-19094.7424	730650.7500	3513068.2576	10034214.4053	5.4406e-02
490	52783.7870	-19122.6151	730746.7870	3513040.3849	10034214.4053	5.2403e-02
491	52879.8240	-19150.4878	730842.8240	3513012.5122	10034214.4053	5.0474e-02
492	52975.8611	-19178.3606	730938.8611	3512984.6394	10034214.4053	4.8617e-02
493	53071.8981	-19206.2333	731034.8981	3512956.7667	10034214.4053	4.6828e-02
494	53167.9351	-19234.1060	731130.9351	3512928.8940	10034214.4053	4.5104e-02
495	53263.9722	-19261.9787	731226.9722	3512901.0213	10034214.4053	4.3445e-02
496	53360.0092	-19289.8515	731323.0092	3512873.1485	10034214.4053	4.1846e-02
497	53456.0462	-19317.7242	731419.0462	3512845.2758	10034214.4053	4.0306e-02
498	53552.0832	-19345.5969	731515.0832	3512817.4031	10034214.4053	3.8824e-02
499	53648.1203	-19373.4697	731611.1203	3512789.5303	10034214.4053	3.7395e-02
500	53744.1573	-19401.3424	731707.1573	3512761.6576	10034214.4053	3.6020e-02
501	53840.1943	-19429.2151	731803.1943	3512733.7849	10034214.4053	3.4695e-02
502	53936.2314	-19457.0879	731899.2314	3512705.9121	10034214.4053	3.3418e-02
503	54032.2684	-19484.9606	731995.2684	3512678.0394	10034214.4053	3.2189e-02
504	54128.3054	-19512.8333	732091.3054	3512650.1667	10034214.4053	3.1005e-02
505	54224.3425	-19540.7060	732187.3425	3512622.2940	10034214.4053	2.9865e-02
506	54320.3795	-19568.5788	732283.3795	3512594.4212	10034214.4053	2.8767e-02
507	54416.4165	-19596.4515	732379.4165	3512566.5485	10034214.4053	2.7709e-02
508	54512.4535	-19624.3242	732475.4535	3512538.6758	10034214.4053	2.6690e-02
509	54608.4906	-19652.1970	732571.4906	3512510.8030	10034214.4053	2.5709e-02
510	54704.5276	-19680.0697	732667.5276	3512482.9303	10034214.4053	2.4764e-02
511	54800.5646	-19707.9424	732763.5646	3512455.0576	10034214.4053	2.3853e-02
512	54896.6017	-19735.8151	732859.6017	3512427.1849	10034214.4053	2.2976e-02
513	54992.6387	-19763.6879	732955.6387	3512399.3121	10034214.4053	2.2132e-02
514	55088.6757	-19791.5606	733051.6757	3512371.4394	10034214.4053	2.1318e-02
515	55184.7127	-19819.4333	733147.7127	3512343.5667	10034214.4053	2.0534e-02
516	55280.7498	-19847.3061	733243.7498	3512315.6939	10034214.4053	1.9780e-02
517	55376.7868	-19875.1788	733339.7868	3512287.8212	10034214.4053	1.9053e-02
518	55472.8238	-19903.0515	733435.8238	3512259.9485	10034214.4053	1.8353e-02
519	55568.8609	-19930.9243	733531.8609	3512232.0757	10034214.4053	1.7678e-02
520	55664.8979	-19958.7970	733627.8979	3512204.2030	10034214.4053	1.7028e-02
521	55760.9349	-19986.6697	733723.9349	3512176.3303	10034214.4053	1.6403e-02
522	55856.9719	-20014.5424	733819.9719	3512148.4576	10034214.4053	1.5800e-02
523	55953.0090	-20042.4152	733916.0090	3512120.5848	10034214.4053	1.5219e-02
524	56049.0460	-20070.2879	734012.0460	3512092.7121	10034214.4053	1.4660e-02
525	56145.0830	-20098.1606	734108.0830	3512064.8394	10034214.4053	1.4122e-02
526	56241.1201	-20126.0334	734204.1201	3512036.9666	10034214.4053	1.3603e-02
527	56337.1571	-20153.9061	734300.1571	3512009.0939	10034214.4053	1.3103e-02
528	56433.1941	-20181.7788	734396.1941	3511981.2212	10034214.4053	1.2622e-02
529	56529.2311	-20209.6515	734492.2311	3511953.3485	10034214.4053	1.2158e-02
530	56625.2682	-20237.5243	734588.2682	3511925.4757	10034214.4053	1.1712e-02
531	56721.3052	-20265.3970	734684.3052	3511897.6030	10034214.4053	1.1282e-02
532	56817.3422	-20293.2697	734780.3422	3511869.7303	10034214.4053	1.0867e-02
533	56913.3793	-20321.1425	734876.3793	3511841.8575	10034214.4053	1.0468e-02
534	57009.4163	-20349.0152	734972.4163	3511813.9848	10034214.4053	1.0084e-02
535	57105.4533	-20376.8879	735068.4533	3511786.1121	10034214.4053	9.7136e-03
536	57201.4904	-20404.7607	735164.4904	3511758.2393	10034214.4053	9.3569e-03
537	57297.5274	-20432.6334	735260.5274	3511730.3666	10034214.4053	9.0134e-03
538	57393.5644	-20460.5061	735356.5644	3511702.4939	10034214.4053	8.6825e-03
539	57489.6014	-20488.3788	735452.6014	3511674.6212	10034214.4053	8.3637e-03
540	57585.6385	-20516.2516	735548.6385	3511646.7484	10034214.4053	8.0567e-03
541	57681.6755	-20544.1243	735644.6755	3511618.8757	10034214.4053	7.7609e-03
542	57777.7125	-20571.9970	735740.7125	3511591.0030	10034214.4053	7.4760e-03
543	57873.7496	-20599.8698	735836.7496	3511563.1302	10034214.4053	7.2016e-03
544	57969.7866	-20627.7425	735932.7866	3511535.2575	10034214.4053	6.9373e-03
545	58065.8236	-20655.6152	736028.8236	3511507.3848	10034214.4053	6.6827e-03
546	58161.8606	-20683.4879	736124.8606	3511479.5121	10034214.4053	6.4375e-03
547	58257.8977	-20711.3607	736220.8977	3511451.6393	10034214.4053	6.2012e-03
548	58353.9347	-20739.2334	736316.9347	3511423.7666	10034214.4053	5.9736e-03
549	58449.9717	-20767.1061	736412.9717	3511395.8939	10034214.4053	5.7545e-03
550	58546.0088	-20794.9789	736509.0088	3511368.0211	10034214.4053	5.5433e-03
551	58642.0458	-20822.8516	736605.0458	3511340.1484	10034214.4053	5.3399e-03
552	58738.0828	-20850.7243	736701.0828	3511312.2757	10034214.4053	5.1440e-03
553	58834.1198	-20878.5971	736797.1198	3511284.4029	10034214.4053	4.9553e-03
554	58930.1569	-20906.4698	736893.1569	3511256.5302	10034214.4053	4.7735e-03
555	59026.1939	-20934.3425	736989.1939	3511228.6575	10034214.4053	4.5984e-03
556	59122.2309	-20962.2152	737085.2309	3511200.7848	10034214.4053	4.4297e-03
557	59218.2680	-20990.0880	737181.2680	3511172.9120	10034214.4053	4.2672e-03
558	59314.3050	-21017.9607	737277.3050	3511145.0393	10034214.4053	4.1107e-03
559	59410.3420	-21045.8334	737373.3420	3511117.1666	10034214.4053	3.9599e-03
560	59506.3791	-21073.7062	737469.3791	3511089.2938	10034214.4053	3.8147e-03
561	59602.4161	-21101.5789	737565.4161	3511061.4211	10034214.4053	3.6748e-03
562	59698.4531	-21129.4516	737661.4531	3511033.5484	10034214.4053	3.5400e-03
563	59794.4901	-21157.3243	737757.4901	3511005.6757	10034214.4053	3.4102e-03
564	59890.5272	-21185.1971	737853.5272	3510977.8029	10034214.4053	3.2852e-03
565	59986.5642	-21213.0698	737949.5642	3510949.9302	10034214.4053	3.1647e-03
566	60082.6012	-21240.9425	738045.6012	3510922.0575	10034214.4053	3.0487e-03
567	60178.6383	-21268.8153	738141.6383	3510894.1847	10034214.4053	2.9369e-03
568	60274.6753	-21296.6880	738237.6753	3510866.3120	10034214.4053	2.8292e-03
569	60370.7123	-21324.5607	738333.7123	3510838.4393	10034214.4053	2.7255e-03
570	60466.7493	-21352.4335	738429.7493	3510810.5665	10034214.4053	2.6256e-03
571	60562.7864	-21380.3062	738525.7864	3510782.6938	10034214.4053	2.5294e-03
572	60658.8234	-21408.1789	738621.8234	3510754.8211	10034214.4053	2.4366e-03
573	60754.8604	-21436.0516	738717.8604	3510726.9484	10034214.4053	2.3473e-03
574	60850.8975	-21463.9244	738813.8975	3510699.0756	10034214.4053	2.2613e-03
575	60946.9345	-21491.7971	738909.9345	3510671.2029	10034214.4053	2.1784e-03
576	61042.9715	-21519.6698	739005.9715	3510643.3302	10034214.4053	2.0986e-03
577	61139.0085	-21547.5426	739102.0085	3510615.4574	10034214.4053	2.0217e-03
578	61235.0456	-21575.4153	739198.0456	3510587.5847	10034214.4053	1.9476e-03
579	61331.0826	-21603.2880	739294.0826	3510559.7120	10034214.4053	1.8762e-03
580	61427.1196	-21631.1607	739390.1196	3510531.8393	10034214.4053	1.8075e-03
581	61523.1567	-21659.0335	739486.1567	3510503.9665	10034214.4053	1.7413e-03
582	61619.1937	-21686.9062	739582.1937	3510476.0938	10034214.4053	1.6775e-03
583	61715.2307	-21714.7789	739678.2307	3510448.2211	10034214.4053	1.6160e-03
584	61811.2677	-21742.6517	739774.2677	3510420.3483	10034214.4053	1.5568e-03
585	61907.3048	-21770.5244	739870.3048	3510392.4756	10034214.4053	1.4998e-03
586	62003.3418	-21798.3971	739966.3418	3510364.6029	10034214.4053	1.4448e-03
587	62099.3788	-21826.2699	740062.3788	3510336.7301	10034214.4053	1.3919e-03
588	62195.4159	-21854.1426	740158.4159	3510308.8574	10034214.4053	1.3409e-03
589	62291.4529	-21882.0153	740254.4529	3510280.9847	10034214.4053	1.2918e-03
590	62387.4899	-21909.8880	740350.4899	3510253.1120	10034214.4053	1.2445e-03
591	62483.5270	-21937.7608	740446.5270	3510225.2392	10034214.4053	1.1989e-03
592	62579.5640	-21965.6335	740542.5640	3510197.3665	10034214.4053	1.1550e-03
593	62675.6010	-21993.5062	740638.6010	3510169.4938	10034214.4053	1.1127e-03
594	62771.6380	-22021.3790	740734.6380	3510141.6210	10034214.4053	1.0720e-03
595	62867.6751	-22049.2517	740830.6751	3510113.7483	10034214.4053	1.0327e-03
596	62963.7121	-22077.1244	740926.7121	3510085.8756	10034214.4053	9.9488e-04
597	63059.7491	-22104.9971	741022.7491	3510058.0029	10034214.4053	9.5845e-04
598	63155.7862	-22132.8699	741118.7862	3510030.1301	10034214.4053	9.2336e-04
599	63251.8232	-22160.7426	741214.8232	3510002.2574	10034214.4053	8.8956e-04
600	63347.8602	-22188.6153	741310.8602	3509974.3847	10034214.4053	8.5699e-04
601	63443.8972	-22216.4881	741406.8972	3509946.5119	10034214.4053	8.2561e-04
602	63539.9343	-22244.3608	741502.9343	3509918.6392	10034214.4053	7.9539e-04
603	63635.9713	-22272.2335	741598.9713	3509890.7665	10034214.4053	7.6627e-04
604	63732.0083	-22300.1063	741695.0083	3509862.8937	10034214.4053	7.3822e-04
605	63828.0454	-22327.9790	741791.0454	3509835.0210	10034214.4053	7.1120e-04
606	63924.0824	-22355.8517	741887.0824	3509807.1483	10034214.4053	6.8517e-04
607	64020.1194	-22383.7244	741983.1194	3509779.2756	10034214.4053	6.6009e-04
608	64116.1564	-22411.5972	742079.1564	3509751.4028	10034214.4053	6.3593e-04
609	64212.1935	-22439.4699	742175.1935	3509723.5301	10034214.4053	6.1266e-04
610	64308.2305	-22467.3426	742271.2305	3509695.6574	10034214.4053	5.9024e-04
611	64404.2675	-22495.2154	742367.2675	3509667.7846	10034214.4053	5.6864e-04
612	64500.3046	-22523.0881	742463.3046	3509639.9119	10034214.4053	5.4783e-04
613	64596.3416	-22550.9608	742559.3416	3509612.0392	10034214.4053	5.2779e-04
614	64692.3786	-22578.8335	742655.3786	3509584.1665	10034214.4053	5.0847e-04
615	64788.4156	-22606.7063	742751.4156	3509556.2937	10034214.4053	4.8987e-04
616	64884.4527	-22634.5790	742847.4527	3509528.4210	10034214.4053	4.7195e-04
617	64980.4897	-22662.4517	742943.4897	3509500.5483	10034214.4053	4.5468e-04
618	65076.5267	-22690.3245	743039.5267	3509472.6755	10034214.4053	4.3805e-04
619	65172.5638	-22718.1972	743135.5638	3509444.8028	10034214.4053	4.2202e-04
620	65268.6008	-22746.0699	743231.6008	3509416.9301	10034214.4053	4.0658e-04
621	65364.6378	-22773.9427	743327.6378	3509389.0573	10034214.4053	3.9171e-04
622	65460.6749	-22801.8154	743423.6749	3509361.1846	10034214.4053	3.7738e-04
623	65556.7119	-22829.6881	743519.7119	3509333.3119	10034214.4053	3.6358e-04
624	65652.7489	-22857.5608	743615.7489	3509305.4392	10034214.4053	3.5028e-04
625	65748.7859	-22885.4336	743711.7859	3509277.5664	10034214.4053	3.3747e-04
626	65844.8230	-22913.3063	743807.8230	3509249.6937	10034214.4053	3.2513e-04
627	65940.8600	-22941.1790	743903.8600	3509221.8210	10034214.4053	3.1324e-04
628	66036.8970	-22969.0518	743999.8970	3509193.9482	10034214.4053	3.0178e-04
629	66132.9341	-22996.9245	744095.9341	3509166.0755	10034214.4053	2.9075e-04
630	66228.9711	-23024.7972	744191.9711	3509138.2028	10034214.4053	2.8011e-04
631	66325.0081	-23052.6699	744288.0081	3509110.3301	10034214.4053	2.6987e-04
632	66421.0451	-23080.5427	744384.0451	3509082.4573	10034214.4053	2.6000e-04
633	66517.0822	-23108.4154	744480.0822	3509054.5846	10034214.4053	2.5050e-04
634	66613.1192	-23136.2881	744576.1192	3509026.7119	10034214.4053	2.4134e-04
635	66709.1562	-23164.1609	744672.1562	3508998.8391	10034214.4053	2.3252e-04
636	66805.1933	-23192.0336	744768.1933	3508970.9664	10034214.4053	2.2401e-04
637	66901.2303	-23219.9063	744864.2303	3508943.0937	10034214.4053	2.1583e-04
638	66997.2673	-23247.7791	744960.2673	3508915.2209	10034214.4053	2.0794e-04
639	67093.3043	-23275.6518	745056.3043	3508887.3482	10034214.4053	2.0033e-04
640	67189.3414	-23303.5245	745152.3414	3508859.4755	10034214.4053	1.9301e-04
641	67285.3784	-23331.3972	745248.3784	3508831.6028	10034214.4053	1.8596e-04
642	67381.4154	-23359.2700	745344.4154	3508803.7300	10034214.4053	1.7916e-04
643	67477.4525	-23387.1427	745440.4525	3508775.8573	10034214.4053	1.7261e-04
644	67573.4895	-23415.0154	745536.4895	3508747.9846	10034214.4053	1.6630e-04
645	67669.5265	-23442.8882	745632.5265	3508720.1118	10034214.4053	1.6023e-04
646	67765.5636	-23470.7609	745728.5636	3508692.2391	10034214.4053	1.5437e-04
647	67861.6006	-23498.6336	745824.6006	3508664.3664	10034214.4053	1.4873e-04
648	67957.6376	-23526.5064	745920.6376	3508636.4936	10034214.4053	1.4329e-04
649	68053.6746	-23554.3791	746016.6746	3508608.6209	10034214.4053	1.3806e-04
650	68149.7117	-23582.2518	746112.7117	3508580.7482	10034214.4053	1.3301e-04
651	68245.7487	-23610.1245	746208.7487	3508552.8755	10034214.4053	1.2815e-04
652	68341.7857	-23637.9973	746304.7857	3508525.0027	10034214.4053	1.2347e-04
653	68437.8228	-23665.8700	746400.8228	3508497.1300	10034214.4053	1.1896e-04
654	68533.8598	-23693.7427	746496.8598	3508469.2573	10034214.4053	1.1461e-04
655	68629.8968	-23721.6155	746592.8968	3508441.3845	10034214.4053	1.1043e-04
656	68725.9338	-23749.4882	746688.9338	3508413.5118	10034214.4053	1.0639e-04
657	68821.9709	-23777.3609	746784.9709	3508385.6391	10034214.4053	1.0251e-04
658	68918.0079	-23805.2336	746881.0079	3508357.7664	10034214.4053	9.8761e-05
659	69014.0449	-23833.1064	746977.0449	3508329.8936	10034214.4053	9.5153e-05
660	69110.0820	-23860.9791	747073.0820	3508302.0209	10034214.4053	9.1677e-05
661	69206.1190	-23888.8518	747169.1190	3508274.1482	10034214.4053	8.8329e-05
662	69302.1560	-23916.7246	747265.1560	3508246.2754	10034214.4053	8.5103e-05
663	69398.1930	-23944.5973	747361.1930	3508218.4027	10034214.4053	8.1995e-05
664	69494.2301	-23972.4700	747457.2301	3508190.5300	10034214.4053	7.9000e-05
665	69590.2671	-24000.3428	747553.2671	3508162.6572	10034214.4053	7.6115e-05
666	69686.3041	-24028.2155	747649.3041	3508134.7845	10034214.4053	7.3335e-05
667	69782.3412	-24056.0882	747745.3412	3508106.9118	10034214.4053	7.0657e-05
668	69878.3782	-24083.9609	747841.3782	3508079.0391	10034214.4053	6.8077e-05
669	69974.4152	-24111.8337	747937.4152	3508051.1663	10034214.4053	6.5591e-05
670	70070.4522	-24139.7064	748033.4522	3508023.2936	10034214.4053	6.3196e-05
671	70166.4893	-24167.5791	748129.4893	3507995.4209	10034214.4053	6.0889e-05
672	70262.5263	-24195.4519	748225.5263	3507967.5481	10034214.4053	5.8665e-05
673	70358.5633	-24223.3246	748321.5633	3507939.6754	10034214.4053	5.6524e-05
674	70454.6004	-24251.1973	748417.6004	3507911.8027	10034214.4053	5.4460e-05
675	70550.6374	-24279.0700	748513.6374	3507883.9300	10034214.4053	5.2472e-05
676	70646.6744	-24306.9428	748609.6744	3507856.0572	10034214.4053	5.0556e-05
677	70742.7115	-24334.8155	748705.7115	3507828.1845	10034214.4053	4.8711e-05
678	70838.7485	-24362.6882	748801.7485	3507800.3118	10034214.4053	4.6932e-05
679	70934.7855	-24390.5610	748897.7855	3507772.4390	10034214.4053	4.5219e-05
680	71030.8225	-24418.4337	748993.8225	3507744.5663	10034214.4053	4.3569e-05
681	71126.8596	-24446.3064	749089.8596	3507716.6936	10034214.4053	4.1978e-05
682	71222.8966	-24474.1792	749185.8966	3507688.8208	10034214.4053	4.0446e-05
683	71318.9336	-24502.0519	749281.9336	3507660.9481	10034214.4053	3.8970e-05
684	71414.9707	-24529.9246	749377.9707	3507633.0754	10034214.4053	3.7548e-05
685	71511.0077	-24557.7973	749474.0077	3507605.2027	10034214.4053	3.6177e-05
686	71607.0447	-24585.6701	749570.0447	3507577.3299	10034214.4053	3.4857e-05
687	71703.0817	-24613.5428	749666.0817	3507549.4572	10034214.4053	3.3585e-05
688	71799.1188	-24641.4155	749762.1188	3507521.5845	10034214.4053	3.2360e-05
689	71895.1558	-24669.2883	749858.1558	3507493.7117	10034214.4053	3.1179e-05
690	71991.1928	-24697.1610	749954.1928	3507465.8390	10034214.4053	3.0041e-05
691	72087.2299	-24725.0337	750050.2299	3507437.9663	10034214.4053	2.8945e-05
692	72183.2669	-24752.9064	750146.2669	3507410.0936	10034214.4053	2.7889e-05
693	72279.3039	-24780.7792	750242.3039	3507382.2208	10034214.4053	2.6871e-05
694	72375.3409	-24808.6519	750338.3409	3507354.3481	10034214.4053	2.5891e-05
695	72471.3780	-24836.5246	750434.3780	3507326.4754	10034214.4053	2.4946e-05
696	72567.4150	-24864.3974	750530.4150	3507298.6026	10034214.4053	2.4036e-05
697	72663.4520	-24892.2701	750626.4520	3507270.7299	10034214.4053	2.3159e-05
698	72759.4891	-24920.1428	750722.4891	3507242.8572	10034214.4053	2.2314e-05
699	72855.5261	-24948.0156	750818.5261	3507214.9844	10034214.4053	2.1500e-05
700	72951.5631	-24975.8883	750914.5631	3507187.1117	10034214.4053	2.0716e-05
701	73047.6002	-25003.7610	751010.6002	3507159.2390	10034214.4053	1.9960e-05
702	73143.6372	-25031.6337	751106.6372	3507131.3663	10034214.4053	1.9232e-05
703	73239.6742	-25059.5065	751202.6742	3507103.4935	10034214.4053	1.8531e-05
704	73335.7112	-25087.3792	751298.7112	3507075.6208	10034214.4053	1.7855e-05
705	73431.7483	-25115.2519	751394.7483	3507047.7481	10034214.4053	1.7204e-05
706	73527.7853	-25143.1247	751490.7853	3507019.8753	10034214.4053	1.6576e-05
707	73623.8223	-25170.9974	751586.8223	3506992.0026	10034214.4053	1.5972e-05
708	73719.8594	-25198.8701	751682.8594	3506964.1299	10034214.4053	1.5389e-05
709	73815.8964	-25226.7428	751778.8964	3506936.2572	10034214.4053	1.4828e-05
710	73911.9334	-25254.6156	751874.9334	3506908.3844	10034214.4053	1.4287e-05
711	74007.9704	-25282.4883	751970.9704	3506880.5117	10034214.4053	1.3766e-05
712	74104.0075	-25310.3610	752067.0075	3506852.6390	10034214.4053	1.3264e-05
713	74200.0445	-25338.2338	752163.0445	3506824.7662	10034214.4053	1.2781e-05
714	74296.0815	-25366.1065	752259.0815	3506796.8935	10034214.4053	1.2315e-05
715	74392.1186	-25393.9792	752355.1186	3506769.0208	10034214.4053	1.1866e-05
716	74488.1556	-25421.8520	752451.1556	3506741.1480	10034214.4053	1.1433e-05
717	74584.1926	-25449.7247	752547.1926	3506713.2753	10034214.4053	1.1016e-05
718	74680.2296	-25477.5974	752643.2296	3506685.4026	10034214.4053	1.0615e-05
719	74776.2667	-25505.4701	752739.2667	3506657.5299	10034214.4053	1.0228e-05
720	74872.3037	-25533.3429	752835.3037	3506629.6571	10034214.4053	9.8549e-06
721	74968.3407	-25561.2156	752931.3407	3506601.7844	10034214.4053	9.4956e-06
722	75064.3778	-25589.0883	753027.3778	3506573.9117	10034214.4053	9.1495e-06
723	75160.4148	-25616.9611	753123.4148	3506546.0389	10034214.4053	8.8160e-06
724	75256.4518	-25644.8338	753219.4518	3506518.1662	10034214.4053	8.4946e-06
725	75352.4888	-25672.7065	753315.4888	3506490.2935	10034214.4053	8.1850e-06
726	75448.5259	-25700.5792	753411.5259	3506462.4208	10034214.4053	7.8867e-06
727	75544.5629	-25728.4520	753507.5629	3506434.5480	10034214.4053	7.5992e-06
728	75640.5999	-25756.3247	753603.5999	3506406.6753	10034214.4053	7.3222e-06
729	75736.6370	-25784.1974	753699.6370	3506378.8026	10034214.4053	7.0554e-06
730	75832.6740	-25812.0702	753795.6740	3506350.9298	10034214.4053	6.7983e-06
731	75928.7110	-25839.9429	753891.7110	3506323.0571	10034214.4053	6.5505e-06
732	76024.7481	-25867.8156	753987.7481	3506295.1844	10034214.4053	6.3118e-06
733	76120.7851	-25895.6884	754083.7851	3506267.3116	10034214.4053	6.0818e-06
734	76216.8221	-25923.5611	754179.8221	3506239.4389	10034214.4053	5.8602e-06
735	76312.8591	-25951.4338	754275.8591	3506211.5662	10034214.4053	5.6466e-06
736	76408.8962	-25979.3065	754371.8962	3506183.6935	10034214.4053	5.4409e-06
737	76504.9332	-26007.1793	754467.9332	3506155.8207	10034214.4053	5.2426e-06
738	76600.9702	-26035.0520	754563.9702	3506127.9480	10034214.4053	5.0516e-06
739	76697.0073	-26062.9247	754660.0073	3506100.0753	10034214.4053	4.8676e-06
740	76793.0443	-26090.7975	754756.0443	3506072.2025	10034214.4053	4.6902e-06
741	76889.0813	-26118.6702	754852.0813	3506044.3298	10034214.4053	4.5193e-06
742	76985.1183	-26146.5429	754948.1183	3506016.4571	10034214.4053	4.3547e-06
743	77081.1554	-26174.4156	755044.1554	3505988.5844	10034214.4053	4.1961e-06
744	77177.1924	-26202.2884	755140.1924	3505960.7116	10034214.4053	4.0432e-06
745	77273.2294	-26230.1611	755236.2294	3505932.8389	10034214.4053	3.8959e-06
746	77369.2665	-26258.0338	755332.2665	3505904.9662	10034214.4053	3.7540e-06
747	77465.3035	-26285.9066	755428.3035	3505877.0934	10034214.4053	3.6172e-06
748	77561.3405	-26313.7793	755524.3405	3505849.2207	10034214.4053	3.4855e-06
749	77657.3775	-26341.6520	755620.3775	3505821.3480	10034214.4053	3.3585e-06
750	77753.4146	-26369.5248	755716.4146	3505793.4752	10034214.4053	3.2362e-06
751	77849.4516	-26397.3975	755812.4516	3505765.6025	10034214.4053	3.1183e-06
752	77945.4886	-26425.2702	755908.4886	3505737.7298	10034214.4053	3.0048e-06
753	78041.5257	-26453.1429	756004.5257	3505709.8571	10034214.4053	2.8953e-06
754	78137.5627	-26481.0157	756100.5627	3505681.9843	10034214.4053	2.7899e-06
755	78233.5997	-26508.8884	756196.5997	3505654.1116	10034214.4053	2.6883e-06
756	78329.6367	-26536.7611	756292.6367	3505626.2389	10034214.4053	2.5904e-06
757	78425.6738	-26564.6339	756388.6738	3505598.3661	10034214.4053	2.4961e-06
758	78521.7108	-26592.5066	756484.7108	3505570.4934	10034214.4053	2.4052e-06
759	78617.7478	-26620.3793	756580.7478	3505542.6207	10034214.4053	2.3176e-06
760	78713.7849	-26648.2520	756676.7849	3505514.7480	10034214.4053	2.2332e-06
761	78809.8219	-26676.1248	756772.8219	3505486.8752	10034214.4053	2.1519e-06
762	78905.8589	-26703.9975	756868.8589	3505459.0025	10034214.4053	2.0735e-06
763	79001.8960	-26731.8702	756964.8960	3505431.1298	10034214.4053	1.9980e-06
764	79097.9330	-26759.7430	757060.9330	3505403.2570	10034214.4053	1.9253e-06
765	79193.9700	-26787.6157	757156.9700	3505375.3843	10034214.4053	1.8552e-06
766	79290.0070	-26815.4884	757253.0070	3505347.5116	10034214.4053	1.7876e-06
767	79386.0441	-26843.3612	757349.0441	3505319.6388	10034214.4053	1.7226e-06
768	79482.0811	-26871.2339	757445.0811	3505291.7661	10034214.4053	1.6599e-06
769	79578.1181	-26899.1066	757541.1181	3505263.8934	10034214.4053	1.5994e-06
770	79674.1552	-26926.9793	757637.1552	3505236.0207	10034214.4053	1.5412e-06
771	79770.1922	-26954.8521	757733.1922	3505208.1479	10034214.4053	1.4851e-06
772	79866.2292	-26982.7248	757829.2292	3505180.2752	10034214.4053	1.4310e-06
773	79962.2662	-27010.5975	757925.2662	3505152.4025	10034214.4053	1.3790e-06
774	80058.3033	-27038.4703	758021.3033	3505124.5297	10034214.4053	1.3288e-06
775	80154.3403	-27066.3430	758117.3403	3505096.6570	10034214.4053	1.2804e-06
776	80250.3773	-27094.2157	758213.3773	3505068.7843	10034214.4053	1.2338e-06
777	80346.4144	-27122.0884	758309.4144	3505040.9116	10034214.4053	1.1889e-06
778	80442.4514	-27149.9612	758405.4514	3505013.0388	10034214.4053	1.1456e-06
779	80538.4884	-27177.8339	758501.4884	3504985.1661	10034214.4053	1.1039e-06
780	80634.5254	-27205.7066	758597.5254	3504957.2934	10034214.4053	1.0638e-06
781	80730.5625	-27233.5794	758693.5625	3504929.4206	10034214.4053	1.0250e-06
782	80826.5995	-27261.4521	758789.5995	3504901.5479	10034214.4053	9.8774e-07
783	80922.6365	-27289.3248	758885.6365	3504873.6752	10034214.4053	9.5179e-07
784	81018.6736	-27317.1976	758981.6736	3504845.8024	10034214.4053	9.1716e-07
785	81114.7106	-27345.0703	759077.7106	3504817.9297	10034214.4053	8.8378e-07
786	81210.7476	-27372.9430	759173.7476	3504790.0570	10034214.4053	8.5163e-07
787	81306.7847	-27400.8157	759269.7847	3504762.1843	10034214.4053	8.2064e-07
788	81402.8217	-27428.6885	759365.8217	3504734.3115	10034214.4053	7.9078e-07
789	81498.8587	-27456.5612	759461.8587	3504706.4388	10034214.4053	7.6201e-07
790	81594.8957	-27484.4339	759557.8957	3504678.5661	10034214.4053	7.3428e-07
791	81690.9328	-27512.3067	759653.9328	3504650.6933	10034214.4053	7.0757e-07
792	81786.9698	-27540.1794	759749.9698	3504622.8206	10034214.4053	6.8182e-07
793	81883.0068	-27568.0521	759846.0068	3504594.9479	10034214.4053	6.5702e-07
794	81979.0439	-27595.9248	759942.0439	3504567.0752	10034214.4053	6.3312e-07
795	82075.0809	-27623.7976	760038.0809	3504539.2024	10034214.4053	6.1008e-07
796	82171.1179	-27651.6703	760134.1179	3504511.3297	10034214.4053	5.8789e-07
797	82267.1549	-27679.5430	760230.1549	3504483.4570	10034214.4053	5.6650e-07
798	82363.1920	-27707.4158	760326.1920	3504455.5842	10034214.4053	5.4590e-07
799	82459.2290	-27735.2885	760422.2290	3504427.7115	10034214.4053	5.2604e-07
800	82555.2660	-27763.1612	760518.2660	3504399.8388	10034214.4053	5.0691e-07
801	82651.3031	-27791.0340	760614.3031	3504371.9660	10034214.4053	4.8847e-07
802	82747.3401	-27818.9067	760710.3401	3504344.0933	10034214.4053	4.7070e-07
803	82843.3771	-27846.7794	760806.3771	3504316.2206	10034214.4053	4.5358e-07
804	82939.4141	-27874.6521	760902.4141	3504288.3479	10034214.4053	4.3708e-07
805	83035.4512	-27902.5249	760998.4512	3504260.4751	10034214.4053	4.2119e-07
806	83131.4882	-27930.3976	761094.4882	3504232.6024	10034214.4053	4.0587e-07
807	83227.5252	-27958.2703	761190.5252	3504204.7297	10034214.4053	3.9111e-07
808	83323.5623	-27986.1431	761286.5623	3504176.8569	10034214.4053	3.7689e-07
809	83419.5993	-28014.0158	761382.5993	3504148.9842	10034214.4053	3.6318e-07
810	83515.6363	-28041.8885	761478.6363	3504121.1115	10034214.4053	3.4997e-07
811	83611.6733	-28069.7612	761574.6733	3504093.2388	10034214.4053	3.3725e-07
812	83707.7104	-28097.6340	761670.7104	3504065.3660	10034214.4053	3.2498e-07
813	83803.7474	-28125.5067	761766.7474	3504037.4933	10034214.4053	3.1316e-07
814	83899.7844	-28153.3794	761862.7844	3504009.6206	10034214.4053	3.0178e-07
815	83995.8215	-28181.2522	761958.8215	3503981.7478	10034214.4053	2.9080e-07
816	84091.8585	-28209.1249	762054.8585	3503953.8751	10034214.4053	2.8023e-07
817	84187.8955	-28236.9976	762150.8955	3503926.0024	10034214.4053	2.7004e-07
818	84283.9326	-28264.8704	762246.9326	3503898.1296	10034214.4053	2.6022e-07
819	84379.9696	-28292.7431	762342.9696	3503870.2569	10034214.4053	2.5076e-07
820	84476.0066	-28320.6158	762439.0066	3503842.3842	10034214.4053	2.4165e-07
821	84572.0436	-28348.4885	762535.0436	3503814.5115	10034214.4053	2.3286e-07
822	84668.0807	-28376.3613	762631.0807	3503786.6387	10034214.4053	2.2440e-07
823	84764.1177	-28404.2340	762727.1177	3503758.7660	10034214.4053	2.1624e-07
824	84860.1547	-28432.1067	762823.1547	3503730.8933	10034214.4053	2.0838e-07
825	84956.1918	-28459.9795	762919.1918	3503703.0205	10034214.4053	2.0080e-07
826	85052.2288	-28487.8522	763015.2288	3503675.1478	10034214.4053	1.9350e-07
827	85148.2658	-28515.7249	763111.2658	3503647.2751	10034214.4053	1.8647e-07
828	85244.3028	-28543.5976	763207.3028	3503619.4024	10034214.4053	1.7969e-07
829	85340.3399	-28571.4704	763303.3399	3503591.5296	10034214.4053	1.7316e-07
830	85436.3769	-28599.3431	763399.3769	3503563.6569	10034214.4053	1.6687e-07
831	85532.4139	-28627.2158	763495.4139	3503535.7842	10034214.4053	1.6080e-07
832	85628.4510	-28655.0886	763591.4510	3503507.9114	10034214.4053	1.5496e-07
833	85724.4880	-28682.9613	763687.4880	3503480.0387	10034214.4053	1.4932e-07
834	85820.5250	-28710.8340	763783.5250	3503452.1660	10034214.4053	1.4390e-07
835	85916.5620	-28738.7068	763879.5620	3503424.2932	10034214.4053	1.3867e-07
836	86012.5991	-28766.5795	763975.5991	3503396.4205	10034214.4053	1.3363e-07
837	86108.6361	-28794.4522	764071.6361	3503368.5478	10034214.4053	1.2877e-07
838	86204.6731	-28822.3249	764167.6731	3503340.6751	10034214.4053	1.2409e-07
839	86300.7102	-28850.1977	764263.7102	3503312.8023	10034214.4053	1.1958e-07
840	86396.7472	-28878.0704	764359.7472	3503284.9296	10034214.4053	1.1524e-07
841	86492.7842	-28905.9431	764455.7842	3503257.0569	10034214.4053	1.1105e-07
842	86588.8212	-28933.8159	764551.8212	3503229.1841	10034214.4053	1.0701e-07
843	86684.8583	-28961.6886	764647.8583	3503201.3114	10034214.4053	1.0313e-07
844	86780.8953	-28989.5613	764743.8953	3503173.4387	10034214.4053	9.9378e-08
845	86876.9323	-29017.4340	764839.9323	3503145.5660	10034214.4053	9.5767e-08
846	86972.9694	-29045.3068	764935.9694	3503117.6932	10034214.4053	9.2287e-08
847	87069.0064	-29073.1795	765032.0064	3503089.8205	10034214.4053	8.8934e-08
848	87165.0434	-29101.0522	765128.0434	3503061.9478	10034214.4053	8.5703e-08
849	87261.0805	-29128.9250	765224.0805	3503034.0750	10034214.4053	8.2589e-08
850	87357.1175	-29156.7977	765320.1175	3503006.2023	10034214.4053	7.9589e-08
851	87453.1545	-29184.6704	765416.1545	3502978.3296	10034214.4053	7.6697e-08
852	87549.1915	-29212.5432	765512.1915	3502950.4568	10034214.4053	7.3911e-08
853	87645.2286	-29240.4159	765608.2286	3502922.5841	10034214.4053	7.1226e-08
854	87741.2656	-29268.2886	765704.2656	3502894.7114	10034214.4053	6.8638e-08
855	87837.3026	-29296.1613	765800.3026	3502866.8387	10034214.4053	6.6145e-08
856	87933.3397	-29324.0341	765896.3397	3502838.9659	10034214.4053	6.3742e-08
857	88029.3767	-29351.9068	765992.3767	3502811.0932	10034214.4053	6.1427e-08
858	88125.4137	-29379.7795	766088.4137	3502783.2205	10034214.4053	5.9195e-08
859	88221.4507	-29407.6523	766184.4507	3502755.3477	10034214.4053	5.7045e-08
860	88317.4878	-29435.5250	766280.4878	3502727.4750	10034214.4053	5.4973e-08
861	88413.5248	-29463.3977	766376.5248	3502699.6023	10034214.4053	5.2976e-08
862	88509.5618	-29491.2704	766472.5618	3502671.7296	10034214.4053	5.1052e-08
863	88605.5989	-29519.1432	766568.5989	3502643.8568	10034214.4053	4.9198e-08
864	88701.6359	-29547.0159	766664.6359	3502615.9841	10034214.4053	4.7411e-08
865	88797.6729	-29574.8886	766760.6729	3502588.1114	10034214.4053	4.5689e-08
866	88893.7099	-29602.7614	766856.7099	3502560.2386	10034214.4053	4.4030e-08
867	88989.7470	-29630.6341	766952.7470	3502532.3659	10034214.4053	4.2431e-08
868	89085.7840	-29658.5068	767048.7840	3502504.4932	10034214.4053	4.0890e-08
869	89181.8210	-29686.3796	767144.8210	3502476.6204	10034214.4053	3.9405e-08
870	89277.8581	-29714.2523	767240.8581	3502448.7477	10034214.4053	3.7974e-08
871	89373.8951	-29742.1250	767336.8951	3502420.8750	10034214.4053	3.6595e-08
872	89469.9321	-29769.9977	767432.9321	3502393.0023	10034214.4053	3.5266e-08
873	89565.9692	-29797.8705	767528.9692	3502365.1295	10034214.4053	3.3985e-08
874	89662.0062	-29825.7432	767625.0062	3502337.2568	10034214.4053	3.2751e-08
875	89758.0432	-29853.6159	767721.0432	3502309.3841	10034214.4053	3.1562e-08
876	89854.0802	-29881.4887	767817.0802	3502281.5113	10034214.4053	3.0416e-08
877	89950.1173	-29909.3614	767913.1173	3502253.6386	10034214.4053	2.9312e-08
878	90046.1543	-29937.2341	768009.1543	3502225.7659	10034214.4053	2.8247e-08
879	90142.1913	-29965.1069	768105.1913	3502197.8931	10034214.4053	2.7222e-08
880	90238.2284	-29992.9796	768201.2284	3502170.0204	10034214.4053	2.6233e-08
881	90334.2654	-30020.8523	768297.2654	3502142.1477	10034214.4053	2.5281e-08
882	90430.3024	-30048.7250	768393.3024	3502114.2750	10034214.4053	2.4363e-08
883	90526.3394	-30076.5978	768489.3394	3502086.4022	10034214.4053	2.3479e-08
884	90622.3765	-30104.4705	768585.3765	3502058.5295	10034214.4053	2.2626e-08
885	90718.4135	-30132.3432	768681.4135	3502030.6568	10034214.4053	2.1805e-08
886	90814.4505	-30160.2160	768777.4505	3502002.7840	10034214.4053	2.1013e-08
887	90910.4876	-30188.0887	768873.4876	3501974.9113	10034214.4053	2.0250e-08
888	91006.5246	-30215.9614	768969.5246	3501947.0386	10034214.4053	1.9515e-08
889	91102.5616	-30243.8341	769065.5616	3501919.1659	10034214.4053	1.8807e-08
890	91198.5986	-30271.7069	769161.5986	3501891.2931	10034214.4053	1.8124e-08
891	91294.6357	-30299.5796	769257.6357	3501863.4204	10034214.4053	1.7466e-08
892	91390.6727	-30327.4523	769353.6727	3501835.5477	10034214.4053	1.6832e-08
893	91486.7097	-30355.3251	769449.7097	3501807.6749	10034214.4053	1.6221e-08
894	91582.7468	-30383.1978	769545.7468	3501779.8022	10034214.4053	1.5633e-08
895	91678.7838	-30411.0705	769641.7838	3501751.9295	10034214.4053	1.5065e-08
896	91774.8208	-30438.9433	769737.8208	3501724.0567	10034214.4053	1.4518e-08
897	91870.8578	-30466.8160	769833.8578	3501696.1840	10034214.4053	1.3991e-08
898	91966.8949	-30494.6887	769929.8949	3501668.3113	10034214.4053	1.3484e-08
899	92062.9319	-30522.5614	770025.9319	3501640.4386	10034214.4053	1.2994e-08
900	92158.9689	-30550.4342	770121.9689	3501612.5658	10034214.4053	1.2523e-08
901	92255.0060	-30578.3069	770218.0060	3501584.6931	10034214.4053	1.2068e-08
902	92351.0430	-30606.1796	770314.0430	3501556.8204	10034214.4053	1.1630e-08
903	92447.0800	-30634.0524	770410.0800	3501528.9476	10034214.4053	1.1208e-08
904	92543.1171	-30661.9251	770506.1171	3501501.0749	10034214.4053	1.0801e-08
905	92639.1541	-30689.7978	770602.1541	3501473.2022	10034214.4053	1.0409e-08
906	92735.1911	-30717.6705	770698.1911	3501445.3295	10034214.4053	1.0032e-08
907	92831.2281	-30745.5433	770794.2281	3501417.4567	10034214.4053	9.6677e-09
908	92927.2652	-30773.4160	770890.2652	3501389.5840	10034214.4053	9.3169e-09
909	93023.3022	-30801.2887	770986.3022	3501361.7113	10034214.4053	8.9788e-09
910	93119.3392	-30829.1615	771082.3392	3501333.8385	10034214.4053	8.6530e-09
911	93215.3763	-30857.0342	771178.3763	3501305.9658	10034214.4053	8.3391e-09
912	93311.4133	-30884.9069	771274.4133	3501278.0931	10034214.4053	8.0365e-09
913	93407.4503	-30912.7797	771370.4503	3501250.2203	10034214.4053	7.7449e-09
914	93503.4873	-30940.6524	771466.4873	3501222.3476	10034214.4053	7.4639e-09
915	93599.5244	-30968.5251	771562.5244	3501194.4749	10034214.4053	7.1931e-09
916	93695.5614	-30996.3978	771658.5614	3501166.6022	10034214.4053	6.9321e-09
917	93791.5984	-31024.2706	771754.5984	3501138.7294	10034214.4053	6.6806e-09
918	93887.6355	-31052.1433	771850.6355	3501110.8567	10034214.4053	6.4383e-09
919	93983.6725	-31080.0160	771946.6725	3501082.9840	10034214.4053	6.2047e-09
920	94079.7095	-31107.8888	772042.7095	3501055.1112	10034214.4053	5.9796e-09
921	94175.7465	-31135.7615	772138.7465	3501027.2385	10034214.4053	5.7627e-09
922	94271.7836	-31163.6342	772234.7836	3500999.3658	10034214.4053	5.5536e-09
923	94367.8206	-31191.5069	772330.8206	3500971.4931	10034214.4053	5.3522e-09
924	94463.8576	-31219.3797	772426.8576	3500943.6203	10034214.4053	5.1580e-09
925	94559.8947	-31247.2524	772522.8947	3500915.7476	10034214.4053	4.9709e-09
926	94655.9317	-31275.1251	772618.9317	3500887.8749	10034214.4053	4.7906e-09
927	94751.9687	-31302.9979	772714.9687	3500860.0021	10034214.4053	4.6168e-09
928	94848.0058	-31330.8706	772811.0058	3500832.1294	10034214.4053	4.4494e-09
929	94944.0428	-31358.7433	772907.0428	3500804.2567	10034214.4053	4.2880e-09
930	95040.0798	-31386.6161	773003.0798	3500776.3839	10034214.4053	4.1324e-09
931	95136.1168	-31414.4888	773099.1168	3500748.5112	10034214.4053	3.9826e-09
932	95232.1539	-31442.3615	773195.1539	3500720.6385	10034214.4053	3.8381e-09
933	95328.1909	-31470.2342	773291.1909	3500692.7658	10034214.4053	3.6989e-09
934	95424.2279	-31498.1070	773387.2279	3500664.8930	10034214.4053	3.5648e-09
935	95520.2650	-31525.9797	773483.2650	3500637.0203	10034214.4053	3.4355e-09
936	95616.3020	-31553.8524	773579.3020	3500609.1476	10034214.4053	3.3109e-09
937	95712.3390	-31581.7252	773675.3390	3500581.2748	10034214.4053	3.1908e-09
938	95808.3760	-31609.5979	773771.3760	3500553.4021	10034214.4053	3.0751e-09
939	95904.4131	-31637.4706	773867.4131	3500525.5294	10034214.4053	2.9636e-09
940	96000.4501	-31665.3433	773963.4501	3500497.6567	10034214.4053	2.8561e-09
941	96096.4871	-31693.2161	774059.4871	3500469.7839	10034214.4053	2.7525e-09
942	96192.5242	-31721.0888	774155.5242	3500441.9112	10034214.4053	2.6527e-09
943	96288.5612	-31748.9615	774251.5612	3500414.0385	10034214.4053	2.5565e-09
944	96384.5982	-31776.8343	774347.5982	3500386.1657	10034214.4053	2.4638e-09
945	96480.6352	-31804.7070	774443.6352	3500358.2930	10034214.4053	2.3745e-09
946	96576.6723	-31832.5797	774539.6723	3500330.4203	10034214.4053	2.2884e-09
947	96672.7093	-31860.4525	774635.7093	3500302.5475	10034214.4053	2.2054e-09
948	96768.7463	-31888.3252	774731.7463	3500274.6748	10034214.4053	2.1254e-09
949	96864.7834	-31916.1979	774827.7834	3500246.8021	10034214.4053	2.0484e-09
950	96960.8204	-31944.0706	774923.8204	3500218.9294	10034214.4053	1.9741e-09
951	97056.8574	-31971.9434	775019.8574	3500191.0566	10034214.4053	1.9025e-09
952	97152.8944	-31999.8161	775115.8944	3500163.1839	10034214.4053	1.8335e-09
953	97248.9315	-32027.6888	775211.9315	3500135.3112	10034214.4053	1.7671e-09
954	97344.9685	-32055.5616	775307.9685	3500107.4384	10034214.4053	1.7030e-09
955	97441.0055	-32083.4343	775404.0055	3500079.5657	10034214.4053	1.6413e-09
956	97537.0426	-32111.3070	775500.0426	3500051.6930	10034214.4053	1.5818e-09
957	97633.0796	-32139.1797	775596.0796	3500023.8203	10034214.4053	1.5244e-09
958	97729.1166	-32167.0525	775692.1166	3499995.9475	10034214.4053	1.4692e-09
959	97825.1537	-32194.9252	775788.1537	3499968.0748	10034214.4053	1.4159e-09
960	97921.1907	-32222.7979	775884.1907	3499940.2021	10034214.4053	1.3646e-09
961	98017.2277	-32250.6707	775980.2277	3499912.3293	10034214.4053	1.3151e-09
962	98113.2647	-32278.5434	776076.2647	3499884.4566	10034214.4053	1.2674e-09
963	98209.3018	-32306.4161	776172.3018	3499856.5839	10034214.4053	1.2215e-09
964	98305.3388	-32334.2889	776268.3388	3499828.7111	10034214.4053	1.1772e-09
965	98401.3758	-32362.1616	776364.3758	3499800.8384	10034214.4053	1.1345e-09
966	98497.4129	-32390.0343	776460.4129	3499772.9657	10034214.4053	1.0934e-09
967	98593.4499	-32417.9070	776556.4499	3499745.0930	10034214.4053	1.0538e-09
968	98689.4869	-32445.7798	776652.4869	3499717.2202	10034214.4053	1.0156e-09
969	98785.5239	-32473.6525	776748.5239	3499689.3475	10034214.4053	9.7878e-10
970	98881.5610	-32501.5252	776844.5610	3499661.4748	10034214.4053	9.4330e-10
971	98977.5980	-32529.3980	776940.5980	3499633.6020	10034214.4053	9.0911e-10
972	99073.6350	-32557.2707	777036.6350	3499605.7293	10034214.4053	8.7616e-10
973	99169.6721	-32585.1434	777132.6721	3499577.8566	10034214.4053	8.4441e-10
974	99265.7091	-32613.0161	777228.7091	3499549.9839	10034214.4053	8.1381e-10
975	99361.7461	-32640.8889	777324.7461	3499522.1111	10034214.4053	7.8431e-10
976	99457.7831	-32668.7616	777420.7831	3499494.2384	10034214.4053	7.5589e-10
977	99553.8202	-32696.6343	777516.8202	3499466.3657	10034214.4053	7.2850e-10
978	99649.8572	-32724.5071	777612.8572	3499438.4929	10034214.4053	7.0209e-10
979	99745.8942	-32752.3798	777708.8942	3499410.6202	10034214.4053	6.7665e-10
980	99841.9313	-32780.2525	777804.9313	3499382.7475	10034214.4053	6.5213e-10
981	99937.9683	-32808.1253	777900.9683	3499354.8747	10034214.4053	6.2850e-10
982	100034.0053	-32835.9980	777997.0053	3499327.0020	10034214.4053	6.0572e-10
983	100130.0423	-32863.8707	778093.0423	3499299.1293	10034214.4053	5.8377e-10
984	100226.0794	-32891.7434	778189.0794	3499271.2566	10034214.4053	5.6262e-10
985	100322.1164	-32919.6162	778285.1164	3499243.3838	10034214.4053	5.4223e-10
986	100418.1534	-32947.4889	778381.1534	3499215.5111	10034214.4053	5.2259e-10
987	100514.1905	-32975.3616	778477.1905	3499187.6384	10034214.4053	5.0365e-10
988	100610.2275	-33003.2344	778573.2275	3499159.7656	10034214.4053	4.8540e-10
989	100706.2645	-33031.1071	778669.2645	3499131.8929	10034214.4053	4.6782e-10
990	100802.3016	-33058.9798	778765.3016	3499104.0202	10034214.4053	4.5087e-10
991	100898.3386	-33086.8525	778861.3386	3499076.1475	10034214.4053	4.3453e-10
992	100994.3756	-33114.7253	778957.3756	3499048.2747	10034214.4053	4.1879e-10
993	101090.4126	-33142.5980	779053.4126	3499020.4020	10034214.4053	4.0361e-10
994	101186.4497	-33170.4707	779149.4497	3498992.5293	10034214.4053	3.8899e-10
995	101282.4867	-33198.3435	779245.4867	3498964.6565	10034214.4053	3.7490e-10
996	101378.5237	-33226.2162	779341.5237	3498936.7838	10034214.4053	3.6132e-10
997	101474.5608	-33254.0889	779437.5608	3498908.9111	10034214.4053	3.4823e-10
998	101570.5978	-33281.9617	779533.5978	3498881.0383	10034214.4053	3.3561e-10
999	101666.6348	-33309.8344	779629.6348	3498853.1656	10034214.4053	3.2345e-10
