s	phi-1.0	phi-1.1	phi-1.2	phi-1.3	phi-1.4	phi-1.5	phi-1.6	phi-1.7	phi-1.8	phi-1.9
0	1749850.0531	1467481.2113	1218404.7426	1001515.3037	815023.6787	656642.7109	523761.9187	413603.5067	323355.0193	250276.2780
1	1687094.3955	1413031.1774	1171633.2744	961741.1679	781538.1855	628733.4636	500732.9616	394791.5328	308141.5728	238096.1129
2	1626589.3723	1360601.4803	1126657.2442	923546.6204	749428.4538	602010.4414	478716.5501	376835.1859	293643.8998	226508.7184
3	1568254.2679	1310117.1564	1083407.7298	886868.9295	718637.9601	576423.2263	457668.1644	359695.5496	279828.3240	215485.2463
4	1512011.2615	1261506.0239	1041818.4546	851647.8549	689112.5031	551923.5432	437545.2418	343335.4772	266662.7537	204998.2521
5	1457785.3232	1214698.5791	1001825.6861	817825.5486	660800.1084	528465.1686	418307.0913	327719.5118	254116.6069	195021.6272
6	1405504.1141	1169627.8972	963368.1387	785346.4598	633650.9370	506003.8440	399914.8109	312813.8091	242160.7405	185530.5335
7	1355097.8895	1126229.5367	926386.8789	754157.2442	607617.1974	484497.1918	382331.2090	298586.0641	230767.3826	176501.3417
8	1306499.4059	1084441.4470	890825.2359	724206.6758	582653.0619	463904.6356	365520.7295	285005.4412	219910.0678	167911.5724
9	1259643.8316	1044203.8800	856628.7142	695445.5629	558714.5854	444187.3236	349449.3793	272042.5073	209563.5760	159739.8404
10	1214468.6597	1005459.3045	823744.9103	667826.6677	535759.6284	425308.0554	334084.6601	259669.1679	199703.8736	151965.8011
11	1170913.6253	968152.3238	792123.4322	641304.6280	513747.7827	407231.2116	319395.5026	247858.6065	190308.0578	144570.1000
12	1128920.6246	932229.5968	761715.8225	615835.8836	492640.3004	389922.6869	305352.2034	236585.2261	181354.3033	137534.3246
13	1088433.6377	897639.7617	732475.4837	591378.6037	472400.0253	373349.8254	291926.3651	225824.5942	172821.8116	130840.9584
14	1049398.6538	864333.3622	704357.6075	567892.6192	452991.3280	357481.3593	279090.8391	215553.3892	164690.7630	124473.3375
15	1011763.5991	832262.7773	677319.1052	545339.3561	434380.0429	342287.3497	266819.6702	205749.3506	156942.2700	118415.6088
16	975478.2672	801382.1526	651318.5424	523681.7723	416533.4080	327739.1302	255088.0446	196391.2302	149558.3338	112652.6908
17	940494.2525	771647.3355	626316.0753	502884.2969	399420.0075	313809.2528	243872.2394	187458.7462	142521.8025	107170.2360
18	906764.8851	743015.8115	602273.3895	482912.7715	383009.7162	300471.4362	233149.5748	178932.5394	135816.3311	101954.5952
19	874245.1692	715446.6434	579153.6414	463734.3944	367273.6467	287700.5161	222898.3684	170794.1310	129426.3437	96992.7834
20	842891.7225	688900.4133	556921.4019	445317.6666	352184.0983	275472.3976	213097.8907	163025.8827	123336.9972	92272.4475
21	812662.7185	663339.1655	535542.6016	427632.3399	337714.5086	263764.0102	203728.3241	155610.9584	117534.1468	87781.8355
22	783517.8308	638726.3529	514984.4792	410649.3675	323839.4063	252553.2637	194770.7220	148533.2881	112004.3132	83509.7676
23	755418.1793	615026.7843	495215.5311	394340.8561	310534.3668	241819.0069	186206.9711	141777.5321	106734.6513	79445.6080
24	728326.2782	592206.5744	476205.4627	378680.0203	297775.9688	231540.9875	178019.7544	135329.0490	101712.9203	75579.2383
25	702205.9861	570233.0951	457925.1426	363641.1382	285541.7535	221699.8143	170192.5162	129173.8629	96927.4555	71901.0327
26	677022.4578	549074.9289	440346.5577	349199.5096	273810.1846	212276.9199	162709.4289	123298.6339	92367.1407	68401.8339
27	652742.0977	528701.8241	423442.7701	335331.4153	262560.6107	203254.5262	155555.3607	117690.6285	88021.3831	65072.9302
28	629332.5150	509084.6515	407187.8760	322014.0778	251773.2289	194615.6108	148715.8453	112337.6926	83880.0878	61906.0339
29	606762.4806	490195.3626	391556.9660	309225.6246	241429.0500	186343.8747	142177.0522	107228.2250	79933.6353	58893.2605
30	585001.8855	472006.9498	376526.0871	296945.0514	231509.8648	178423.7117	135925.7591	102351.1518	76172.8584	56027.1094
31	564021.7005	454493.4074	362072.2055	285152.1884	221998.2123	170840.1790	129949.3252	97695.9031	72589.0213	53300.4449
32	543793.9372	437629.6947	348173.1717	273827.6666	212877.3489	163578.9687	124235.6654	93252.3895	69173.7993	50706.4786
33	524291.6112	421391.7003	334807.6866	262952.8864	204131.2189	156626.3812	118773.2258	89010.9808	65919.2591	48238.7526
34	505488.7059	405756.2072	321955.2686	252509.9867	195744.4263	149969.2992	113550.9609	84962.4845	62817.8410	45891.1231
35	487360.1377	390700.8599	309596.2223	242481.8160	187702.2076	143595.1627	108558.3104	81098.1265	59862.3406	43657.7455
36	469881.7224	376204.1325	297711.6085	232851.9035	179990.4059	137491.9458	103785.1785	77409.5314	57045.8929	41533.0593
37	453030.1434	362245.2978	286283.2148	223604.4330	172595.4458	131648.1335	99221.9135	73888.7052	54361.9555	39511.7750
38	436782.9201	348804.3974	275293.5282	214724.2162	165504.3100	126052.7005	94859.2879	70528.0170	51804.2939	37588.8602
39	421118.3783	335862.2138	264725.7078	206196.6679	158704.5156	120695.0898	90688.4797	67320.1835	49366.9671	35759.5278
40	406015.6209	323400.2424	254563.5592	198007.7822	152184.0928	115565.1934	86701.0552	64258.2521	47044.3135	34019.2232
41	391454.5006	311400.6651	244791.5098	190144.1097	145931.5635	110653.3326	82888.9513	61335.5870	44830.9377	32363.6138
42	377415.5922	299846.3252	235394.5845	182592.7347	139935.9212	105950.2404	79244.4593	58545.8537	42721.6986	30788.5778
43	363880.1675	288720.7023	226358.3833	175341.2546	134186.6118	101447.0434	75760.2097	55883.0062	40711.6964	29290.1938
44	350830.1698	278007.8891	217669.0590	168377.7596	128673.5144	97135.2456	72429.1569	53341.2732	38796.2624	27864.7315
45	338248.1900	267692.5686	209313.2959	161690.8124	123386.9243	93006.7118	69244.5650	50915.1462	36970.9471	26508.6420
46	326117.4434	257759.9921	201278.2893	155269.4305	118317.5354	89053.6529	66199.9944	48599.3670	35231.5106	25218.5492
47	314421.7472	248195.9580	193551.7262	149103.0670	113456.4238	85268.6107	63289.2887	46388.9166	33573.9124	23991.2411
48	303145.4990	238986.7919	186121.7663	143181.5942	108795.0325	81644.4438	60506.5619	44279.0044	31994.3021	22823.6623
49	292273.6560	230119.3264	178977.0237	137495.2865	104325.1558	78174.3147	57846.1871	42265.0576	30489.0104	21712.9059
50	281791.7147	221580.8831	172106.5496	132034.8046	100038.9254	74851.6763	55302.7846	40342.7113	29054.5409	20656.2066
51	271685.6920	213359.2538	165499.8156	126791.1800	95928.7960	71670.2598	52871.2114	38507.7993	27687.5613	19650.9335
52	261942.1062	205442.6832	159146.6974	121755.8005	91987.5325	68624.0629	50546.5504	36756.3448	26384.8964	18694.5839
53	252547.9589	197819.8523	153037.4593	116920.3959	88208.1971	65707.3383	48324.1011	35084.5519	25143.5203	17784.7769
54	243490.7181	190479.8621	147162.7393	112277.0243	84584.1367	62914.5831	46199.3692	33488.7974	23960.5493	16919.2473
55	234758.3013	183412.2180	141513.5350	107818.0594	81108.9720	60240.5282	44168.0583	31965.6227	22833.2356	16095.8404
56	226339.0590	176606.8147	136081.1892	103536.1776	77776.5855	57680.1285	42226.0608	30511.7268	21758.9606	15312.5061
57	218221.7598	170053.9219	130857.3775	99424.3463	74581.1110	55228.5533	40369.4498	29123.9585	20735.2289	14567.2942
58	210395.5749	163744.1704	125834.0946	95475.8120	71516.9236	52881.1773	38594.4710	27799.3103	19759.6625	13858.3495
59	202850.0640	157668.5385	121003.6428	91684.0897	68578.6293	50633.5717	36897.5350	26534.9112	18829.9953	13183.9069
60	195575.1611	151818.3394	116358.6198	88042.9517	65761.0556	48481.4959	35275.2106	25328.0209	17944.0677	12542.2873
61	188561.1614	146185.2085	111891.9075	84546.4177	63059.2429	46420.8897	33724.2171	24176.0238	17099.8219	11931.8933
62	181798.7079	140761.0917	107596.6609	81188.7449	60468.4349	44447.8653	32241.4183	23076.4230	16295.2968	11351.2053
63	175278.7792	135538.2335	103466.2980	77964.4186	57984.0710	42558.7002	30823.8158	22026.8355	15528.6236	10798.7776
64	168992.6777	130509.1665	99494.4892	74868.1430	55601.7780	40749.8302	29468.5429	21024.9865	14798.0214	10273.2348
65	162932.0175	125666.7000	95675.1481	71894.8328	53317.3622	39017.8426	28172.8591	20068.7047	14101.7932	9773.2686
66	157088.7135	121003.9105	92002.4218	69039.6045	51126.8023	37359.4694	26934.1445	19155.9176	13438.3215	9297.6341
67	151454.9705	116514.1310	88470.6821	66297.7686	49026.2423	35771.5821	25749.8941	18284.6469	12806.0654	8845.1473
68	146023.2729	112190.9421	85074.5170	63664.8219	47011.9843	34251.1846	24617.7132	17453.0043	12203.5562	8414.6816
69	140786.3748	108028.1627	81808.7220	61136.4399	45080.4828	32795.4084	23535.3125	16659.1874	11629.3942	8005.1653
70	135737.2898	104019.8408	78668.2927	58708.4699	43228.3376	31401.5071	22500.5032	15901.4757	11082.2459	7615.5789
71	130869.2825	100160.2453	75648.4164	56376.9243	41452.2883	30066.8506	21511.1928	15178.2271	10560.8402	7244.9524
72	126175.8587	96443.8578	72744.4655	54137.9735	39749.2086	28788.9210	20565.3808	14487.8742	10063.9659	6892.3632
73	121650.7573	92865.3648	69951.9900	51987.9403	38116.1004	27565.3072	19661.1545	13828.9206	9590.4690	6556.9334
74	117287.9416	89419.6496	67266.7105	49923.2935	36550.0889	26393.7005	18796.6856	13199.9383	9139.2495	6237.8279
75	113081.5915	86101.7857	64684.5121	47940.6420	35048.4175	25271.8906	17970.2260	12599.5640	8709.2593	5934.2523
76	109026.0957	82907.0292	62201.4377	46036.7294	33608.4427	24197.7609	17180.1045	12026.4967	8299.4996	5645.4508
77	105116.0439	79830.8123	59813.6822	44208.4287	32227.6297	23169.2848	16424.7233	11479.4942	7909.0186	5370.7043
78	101346.2200	76868.7366	57517.5867	42452.7370	30903.5479	22184.5221	15702.5550	10957.3711	7536.9093	5109.3289
79	97711.5951	74016.5670	55309.6324	40766.7709	29633.8663	21241.6146	15012.1393	10458.9958	7182.3072	4860.6738
80	94207.3203	71270.2254	53186.4359	39147.7611	28416.3500	20338.7835	14352.0800	9983.2881	6844.3887	4624.1200
81	90828.7209	68625.7853	51144.7435	37593.0486	27248.8557	19474.3253	13721.0425	9529.2171	6522.3688	4399.0785
82	87571.2897	66079.4656	49181.4265	36100.0799	26129.3282	18646.6092	13117.7506	9095.7987	6215.4996	4184.9891
83	84430.6813	63627.6256	47293.4762	34666.4028	25055.7969	17854.0735	12540.9845	8682.0935	5923.0681	3981.3188
84	81402.7059	61266.7597	45477.9996	33289.6628	24026.3720	17095.2228	11989.5779	8287.2048	5644.3952	3787.5604
85	78483.3241	58993.4923	43732.2145	31967.5986	23039.2412	16368.6255	11462.4157	7910.2770	5378.8335	3603.2317
86	75668.6415	56804.5732	42053.4457	30698.0387	22092.6671	15672.9108	10958.4320	7550.4930	5125.7662	3427.8736
87	72954.9030	54696.8727	40439.1206	29478.8981	21184.9832	15006.7660	10476.6076	7207.0731	4884.6053	3261.0497
88	70338.4886	52667.3771	38886.7653	28308.1744	20314.5918	14368.9342	10015.9683	6879.2730	4654.7908	3102.3446
89	67815.9078	50713.1849	37394.0010	27183.9448	19479.9606	13758.2123	9575.5825	6566.3823	4435.7888	2951.3632
90	65383.7955	48831.5017	35958.5401	26104.3628	18679.6206	13173.4478	9154.5598	6267.7228	4227.0905	2807.7296
91	63038.9071	47019.6374	34578.1830	25067.6552	17912.1628	12613.5375	8752.0487	5982.6472	4028.2112	2671.0861
92	60778.1145	45275.0011	33250.8142	24072.1195	17176.2362	12077.4250	8367.2354	5710.5378	3838.6889	2541.0927
93	58598.4017	43595.0987	31974.3998	23116.1203	16470.5453	11564.0989	7999.3417	5450.8048	3658.0835	2417.4257
94	56496.8609	41977.5280	30746.9837	22198.0877	15793.8480	11072.5907	7647.6237	5202.8853	3485.9752	2299.7771
95	54470.6887	40419.9763	29566.6849	21316.5138	15144.9530	10601.9730	7311.3702	4966.2418	3321.9645	2187.8541
96	52517.1819	38920.2167	28431.6949	20469.9507	14522.7181	10151.3580	6989.9011	4740.3617	3165.6702	2081.3781
97	50633.7347	37476.1047	27340.2742	19657.0080	13926.0478	9719.8954	6682.5666	4524.7553	3016.7294	1980.0839
98	48817.8343	36085.5757	26290.7504	18876.3504	13353.8919	9306.7712	6388.7450	4318.9554	2874.7961	1883.7194
99	47067.0584	34746.6415	25281.5152	18126.6958	12805.2433	8911.2061	6107.8423	4122.5159	2739.5406	1792.0447
100	45379.0714	33457.3877	24311.0219	17406.8130	12279.1360	8532.4536	5839.2905	3935.0110	2610.6487	1704.8315
101	43751.6214	32215.9708	23377.7834	16715.5196	11774.6440	8169.7992	5582.5464	3756.0345	2487.8209	1621.8626
102	42182.5374	31020.6160	22480.3696	16051.6802	11290.8792	7822.5587	5337.0909	3585.1983	2370.7721	1542.9316
103	40669.7261	29869.6142	21617.4052	15414.2044	10826.9900	7490.0769	5102.4278	3422.1324	2259.2302	1467.8420
104	39211.1695	28761.3196	20787.5679	14802.0454	10382.1599	7171.7266	4878.0823	3266.4831	2152.9363	1396.4067
105	37804.9217	27694.1476	19989.5859	14214.1976	9955.6057	6866.9071	4663.6010	3117.9133	2051.6434	1328.4479
106	36449.1068	26666.5724	19222.2364	13649.6955	9546.5767	6575.0434	4458.5501	2976.1009	1955.1161	1263.7965
107	35141.9162	25677.1248	18484.3435	13107.6121	9154.3527	6295.5847	4262.5149	2840.7386	1863.1304	1202.2915
108	33881.6059	24724.3901	17774.7764	12587.0570	8778.2433	6028.0038	4075.0991	2711.5330	1775.4724	1143.7797
109	32666.4946	23807.0060	17092.4478	12087.1751	8417.5866	5771.7959	3895.9236	2588.2040	1691.9387	1088.1155
110	31494.9615	22923.6609	16436.3121	11607.1456	8071.7475	5526.4776	3724.6262	2470.4845	1612.3351	1035.1603
111	30365.4435	22073.0919	15805.3637	11146.1799	7740.1173	5291.5861	3560.8605	2358.1191	1536.4768	984.7823
112	29276.4340	21254.0827	15198.6359	10703.5210	7422.1123	5066.6781	3404.2953	2250.8645	1464.1875	936.8560
113	28226.4801	20465.4624	14615.1988	10278.4418	7117.1726	4851.3293	3254.6139	2148.4882	1395.2993	891.2622
114	27214.1812	19706.1033	14054.1584	9870.2442	6824.7614	4645.1336	3111.5139	2050.7683	1329.6522	847.8872
115	26238.1868	18974.9199	13514.6549	9478.2578	6544.3640	4447.7017	2974.7057	1957.4930	1267.0938	806.6232
116	25297.1950	18270.8665	12995.8616	9101.8386	6275.4868	4258.6613	2843.9127	1868.4601	1207.4786	767.3674
117	24389.9503	17592.9367	12496.9834	8740.3686	6017.6566	4077.6557	2718.8705	1783.4767	1150.6682	730.0220
118	23515.2426	16940.1610	12017.2559	8393.2540	5770.4193	3904.3433	2599.3262	1702.3587	1096.5308	694.4941
119	22671.9049	16311.6062	11555.9439	8059.9247	5533.3399	3738.3972	2485.0381	1624.9301	1044.9404	660.6953
120	21858.8122	15706.3736	11112.3405	7739.8332	5306.0010	3579.5044	2375.7750	1551.0232	995.7772	628.5413
121	21074.8798	15123.5978	10685.7660	7432.4538	5088.0023	3427.3649	2271.3161	1480.4779	948.9272	597.9521
122	20319.0619	14562.4455	10275.5665	7137.2816	4878.9602	3281.6918	2171.4500	1413.1411	904.2813	568.8517
123	19590.3503	14022.1145	9881.1136	6853.8319	4678.5067	3142.2102	2075.9749	1348.8671	861.7360	541.1674
124	18887.7728	13501.8321	9501.8027	6581.6391	4486.2888	3008.6571	1984.6977	1287.5164	821.1924	514.8305
125	18210.3921	13000.8545	9137.0526	6320.2562	4301.9683	2880.7803	1897.4337	1228.9562	782.5564	489.7753
126	17557.3046	12518.4654	8786.3043	6069.2538	4125.2206	2758.3386	1814.0067	1173.0594	745.7381	465.9395
127	16927.6391	12053.9750	8449.0204	5828.2197	3955.7347	2641.1011	1734.2478	1119.7050	710.6520	443.2637
128	16320.5556	11606.7193	8124.6839	5596.7581	3793.2121	2528.8466	1657.9957	1068.7773	677.2168	421.6914
129	15735.2442	11176.0588	7812.7979	5374.4886	3637.3669	2421.3631	1585.0964	1020.1660	645.3546	401.1690
130	15170.9241	10761.3776	7512.8844	5161.0464	3487.9246	2318.4481	1515.4023	973.7657	614.9914	381.6454
131	14626.8424	10362.0830	7224.4838	4956.0809	3344.6221	2219.9072	1448.7725	929.4758	586.0569	363.0719
132	14102.2734	9977.6040	6947.1542	4759.2553	3207.2073	2125.5546	1385.0723	887.2004	558.4836	345.4023
133	13596.5173	9607.3908	6680.4706	4570.2464	3075.4383	2035.2123	1324.1730	846.8477	532.2077	328.5926
134	13108.8993	9250.9142	6424.0242	4388.7438	2949.0829	1948.7098	1265.9512	808.3305	507.1680	312.6011
135	12638.7689	8907.6644	6177.4222	4214.4495	2827.9190	1865.8839	1210.2894	771.5651	483.3064	297.3877
136	12185.4991	8577.1507	5940.2867	4047.0770	2711.7331	1786.5783	1157.0750	736.4719	460.5674	282.9148
137	11748.4851	8258.9005	5712.2541	3886.3516	2600.3207	1710.6435	1106.2003	702.9749	438.8983	269.1462
138	11327.1439	7952.4588	5492.9752	3732.0092	2493.4858	1637.9361	1057.5624	671.0014	418.2487	256.0477
139	10920.9134	7657.3875	5282.1138	3583.7963	2391.0401	1568.3190	1011.0632	640.4822	398.5706	243.5867
140	10529.2518	7373.2646	5079.3468	3441.4696	2292.8035	1501.6608	966.6084	611.3510	379.8184	231.7321
141	10151.6365	7099.6839	4884.3636	3304.7952	2198.6030	1437.8358	924.1082	583.5449	361.9484	220.4544
142	9787.5638	6836.2543	4696.8653	3173.5487	2108.2727	1376.7236	883.4766	557.0034	344.9192	209.7256
143	9436.5480	6582.5991	4516.5645	3047.5145	2021.6537	1318.2088	844.6316	531.6692	328.6912	199.5189
144	9098.1209	6338.3556	4343.1851	2926.4857	1938.5935	1262.1810	807.4945	507.4872	313.2267	189.8089
145	8771.8309	6103.1746	4176.4612	2810.2633	1858.9458	1208.5346	771.9903	484.4051	298.4897	180.5715
146	8457.2428	5876.7199	4016.1374	2698.6567	1782.5704	1157.1683	738.0472	462.3729	284.4462	171.7837
147	8153.9369	5658.6676	3861.9681	2591.4823	1709.3330	1107.9853	705.5964	441.3427	271.0633	163.4235
148	7861.5086	5448.7060	3713.7169	2488.5643	1639.1045	1060.8927	674.5725	421.2691	258.3101	155.4702
149	7579.5678	5246.5350	3571.1568	2389.7336	1571.7614	1015.8016	644.9127	402.1085	246.1570	147.9039
150	7307.7384	5051.8654	3434.0691	2294.8278	1507.1851	972.6270	616.5569	383.8193	234.5756	140.7059
151	7045.6577	4864.4188	3302.2439	2203.6911	1445.2620	931.2875	589.4479	366.3620	223.5391	133.8582
152	6792.9761	4683.9274	3175.4791	2116.1738	1385.8830	891.7051	563.5308	349.6987	213.0219	127.3437
153	6549.3565	4510.1330	3053.5806	2032.1322	1328.9435	853.8050	538.7533	333.7933	202.9995	121.1463
154	6314.4740	4342.7872	2936.3613	1951.4282	1274.3435	817.5158	515.0652	318.6114	193.4486	115.2505
155	6088.0152	4181.6506	2823.6419	1873.9292	1221.9867	782.7689	492.4186	304.1199	184.3471	109.6416
156	5869.6780	4026.4929	2715.2494	1799.5081	1171.7810	749.4989	470.7678	290.2876	175.6738	104.3057
157	5659.1711	3877.0922	2611.0179	1728.0425	1123.6380	717.6430	450.0689	277.0844	167.4086	99.2295
158	5456.2137	3733.2350	2510.7875	1659.4151	1077.4730	687.1411	430.2801	264.4818	159.5322	94.4003
159	5260.5351	3594.7155	2414.4048	1593.5131	1033.2047	657.9356	411.3614	252.4523	152.0264	89.8061
160	5071.8741	3461.3357	2321.7219	1530.2284	990.7552	629.9714	393.2745	240.9700	144.8738	85.4355
161	4889.9792	3332.9048	2232.5969	1469.4570	950.0497	603.1957	375.9829	230.0099	138.0576	81.2776
162	4714.6077	3209.2393	2146.8931	1411.0991	911.0166	577.5581	359.4515	219.5484	131.5622	77.3221
163	4545.5256	3090.1624	2064.4794	1355.0587	873.5872	553.0102	343.6470	209.5626	125.3724	73.5591
164	4382.5074	2975.5037	1985.2292	1301.2440	837.6957	529.5057	328.5374	200.0311	119.4737	69.9792
165	4225.3356	2865.0994	1909.0213	1249.5664	803.2787	507.0001	314.0922	190.9330	113.8527	66.5735
166	4073.8005	2758.7915	1835.7388	1199.9412	770.2757	485.4511	300.2820	182.2488	108.4960	63.3336
167	3927.6999	2656.4282	1765.2695	1152.2868	738.6287	464.8180	287.0791	173.9596	103.3914	60.2514
168	3786.8391	2557.8630	1697.5053	1106.5249	708.2819	445.0619	274.4567	166.0473	98.5270	57.3191
169	3651.0299	2462.9550	1632.3423	1062.5804	679.1820	426.1454	262.3893	158.4950	93.8914	54.5296
170	3520.0914	2371.5684	1569.6808	1020.3812	651.2776	408.0330	250.8525	151.2861	89.4739	51.8758
171	3393.8488	2283.5728	1509.4248	979.8578	624.5196	390.6904	239.8229	144.4052	85.2643	49.3512
172	3272.1337	2198.8421	1451.4818	940.9438	598.8611	374.0849	229.2783	137.8372	81.2527	46.9494
173	3154.7837	2117.2554	1395.7631	903.5752	574.2567	358.1852	219.1973	131.5679	77.4299	44.6645
174	3041.6423	2038.6959	1342.1833	867.6906	550.6632	342.9613	209.5595	125.5838	73.7869	42.4908
175	2932.5585	1963.0512	1290.6603	833.2312	528.0390	328.3844	200.3455	119.8719	70.3153	40.4229
176	2827.3868	1890.2134	1241.1151	800.1403	506.3444	314.4271	191.5367	114.4197	67.0071	38.4557
177	2725.9870	1820.0781	1193.4718	768.3635	485.5410	301.0630	183.1151	109.2156	63.8545	36.5842
178	2628.2237	1752.5452	1147.6575	737.8488	465.5924	288.2670	175.0639	104.2481	60.8502	34.8037
179	2533.9665	1687.5180	1103.6018	708.5459	446.4634	276.0148	167.3666	99.5066	57.9873	33.1099
180	2443.0897	1624.9036	1061.2373	680.4067	428.1204	264.2833	160.0077	94.9807	55.2591	31.4986
181	2355.4721	1564.6125	1020.4991	653.3851	410.5309	253.0505	152.9725	90.6607	52.6592	29.9656
182	2270.9968	1506.5585	981.3248	627.4366	393.6641	242.2951	146.2465	86.5371	50.1816	28.5073
183	2189.5510	1450.6585	943.6542	602.5186	377.4903	231.9969	139.8163	82.6012	47.8207	27.1199
184	2111.0261	1396.8327	907.4297	578.5902	361.9810	222.1363	133.6688	78.8442	45.5708	25.8001
185	2035.3175	1345.0040	872.5958	555.6121	347.1089	212.6949	127.7916	75.2581	43.4267	24.5445
186	1962.3240	1295.0984	839.0990	533.5465	332.8478	203.6547	122.1728	71.8352	41.3835	23.3500
187	1891.9483	1247.0446	806.8881	512.3573	319.1727	194.9988	116.8011	68.5679	39.4365	22.2136
188	1824.0965	1200.7737	775.9138	492.0096	306.0594	186.7108	111.6655	65.4492	37.5811	21.1325
189	1758.6781	1156.2197	746.1284	472.4699	293.4848	178.7750	106.7558	62.4724	35.8129	20.1041
190	1695.6058	1113.3188	717.4864	453.7063	281.4269	171.1765	102.0619	59.6309	34.1280	19.1257
191	1634.7955	1072.0098	689.9439	435.6878	269.8644	163.9010	97.5744	56.9187	32.5223	18.1949
192	1576.1661	1032.2335	663.4587	418.3849	258.7769	156.9348	93.2842	54.3299	30.9922	17.3094
193	1519.6394	993.9331	637.9902	401.7692	248.1450	150.2646	89.1827	51.8588	29.5340	16.4670
194	1465.1399	957.0538	613.4994	385.8133	237.9499	143.8779	85.2614	49.5001	28.1445	15.6656
195	1412.5949	921.5428	589.9487	370.4912	228.1737	137.7627	81.5126	47.2487	26.8203	14.9032
196	1361.9344	887.3495	567.3021	355.7775	218.7991	131.9073	77.9287	45.0997	25.5584	14.1779
197	1313.0907	854.4250	545.5248	341.6482	209.8097	126.3009	74.5023	43.0484	24.3560	13.4879
198	1265.9988	822.7220	524.5835	328.0800	201.1896	120.9327	71.2265	41.0904	23.2100	12.8315
199	1220.5957	792.1954	504.4461	315.0506	192.9236	115.7927	68.0948	39.2215	22.1180	12.2070
200	1176.8209	762.8014	485.0817	302.5387	184.9973	110.8712	65.1008	37.4376	21.0774	11.6130
201	1134.6160	734.4981	466.4606	290.5237	177.3966	106.1588	62.2384	35.7348	20.0857	11.0478
202	1093.9248	707.2450	448.5544	278.9858	170.1082	101.6468	59.5019	34.1095	19.1407	10.5101
203	1054.6929	681.0031	431.3355	267.9062	163.1193	97.3265	56.8857	32.5581	18.2402	9.9986
204	1016.8680	655.7349	414.7776	257.2666	156.4175	93.1898	54.3845	31.0772	17.3820	9.5120
205	980.3996	631.4042	398.8554	247.0495	149.9910	89.2290	51.9933	29.6637	16.5642	9.0491
206	945.2391	607.9763	383.5443	237.2382	143.8286	85.4365	49.7073	28.3145	15.7849	8.6087
207	911.3395	585.4177	368.8210	227.8165	137.9194	81.8052	47.5217	27.0267	15.0422	8.1898
208	878.6558	563.6961	354.6629	218.7690	132.2529	78.3282	45.4323	25.7974	14.3345	7.7912
209	847.1441	542.7805	341.0483	210.0809	126.8192	74.9991	43.4347	24.6241	13.6601	7.4120
210	816.7626	522.6410	327.9563	201.7377	121.6088	71.8114	41.5249	23.5041	13.0174	7.0513
211	787.4707	503.2487	315.3669	193.7259	116.6125	68.7592	39.6991	22.4351	12.4049	6.7081
212	759.2293	484.5759	303.2608	186.0323	111.8214	65.8367	37.9536	21.4147	11.8213	6.3817
213	732.0007	466.5960	291.6194	178.6442	107.2272	63.0385	36.2849	20.4407	11.2651	6.0711
214	705.7486	449.2833	280.4248	171.5495	102.8218	60.3591	34.6895	19.5109	10.7351	5.7756
215	680.4380	432.6129	269.6600	164.7366	98.5973	57.7937	33.1642	18.6235	10.2300	5.4946
216	656.0352	416.5610	259.3085	158.1943	94.5464	55.3373	31.7061	17.7765	9.7487	5.2272
217	632.5075	401.1048	249.3543	151.9118	90.6619	52.9853	30.3120	16.9679	9.2901	4.9728
218	609.8236	386.2220	239.7822	145.8788	86.9371	50.7333	28.9792	16.1962	8.8530	4.7308
219	587.9532	371.8915	230.5776	140.0853	83.3652	48.5770	27.7051	15.4595	8.4365	4.5005
220	566.8672	358.0926	221.7263	134.5220	79.9401	46.5123	26.4869	14.7564	8.0395	4.2815
221	546.5374	344.8058	213.2148	129.1796	76.6558	44.5354	25.3223	14.0852	7.6613	4.0731
222	526.9367	332.0120	205.0300	124.0494	73.5064	42.6425	24.2090	13.4446	7.3008	3.8749
223	508.0389	319.6929	197.1594	119.1229	70.4863	40.8301	23.1445	12.8331	6.9573	3.6863
224	489.8189	307.8309	189.5910	114.3920	67.5904	39.0947	22.1269	12.2494	6.6300	3.5069
225	472.2523	296.4090	182.3131	109.8491	64.8134	37.4330	21.1540	11.6923	6.3181	3.3363
226	455.3157	285.4109	175.3145	105.4865	62.1505	35.8420	20.2239	11.1605	6.0208	3.1739
227	438.9865	274.8209	168.5846	101.2972	59.5970	34.3186	19.3347	10.6528	5.7375	3.0194
228	423.2429	264.6238	162.1131	97.2743	57.1485	32.8600	18.4846	10.1683	5.4676	2.8725
229	408.0640	254.8051	155.8900	93.4112	54.8005	31.4633	17.6718	9.7058	5.2104	2.7327
230	393.4294	245.3507	149.9058	89.7014	52.5490	30.1260	16.8948	9.2644	4.9652	2.5997
231	379.3197	236.2471	144.1513	86.1390	50.3900	28.8456	16.1520	8.8430	4.7316	2.4732
232	365.7159	227.4813	138.6177	82.7181	48.3197	27.6196	15.4418	8.4408	4.5090	2.3528
233	352.6001	219.0408	133.2965	79.4331	46.3345	26.4457	14.7629	8.0569	4.2968	2.2383
234	339.9547	210.9134	128.1796	76.2785	44.4308	25.3216	14.1138	7.6904	4.0947	2.1294
235	327.7627	203.0876	123.2591	73.2491	42.6054	24.2454	13.4932	7.3406	3.9020	2.0257
236	316.0080	195.5521	118.5275	70.3401	40.8549	23.2149	12.8999	7.0068	3.7185	1.9272
237	304.6749	188.2963	113.9775	67.5466	39.1764	22.2282	12.3327	6.6881	3.5435	1.8334
238	293.7482	181.3096	109.6022	64.8641	37.5668	21.2834	11.7905	6.3839	3.3768	1.7441
239	283.2134	174.5823	105.3948	62.2881	36.0234	20.3788	11.2721	6.0935	3.2179	1.6593
240	273.0564	168.1045	101.3490	59.8144	34.5433	19.5127	10.7765	5.8164	3.0665	1.5785
241	263.2636	161.8671	97.4585	57.4389	33.1241	18.6833	10.3027	5.5518	2.9222	1.5017
242	253.8221	155.8611	93.7173	55.1578	31.7632	17.8892	9.8497	5.2993	2.7847	1.4286
243	244.7191	150.0779	90.1197	52.9673	30.4582	17.1289	9.4166	5.0583	2.6537	1.3591
244	235.9427	144.5094	86.6603	50.8637	29.2068	16.4009	9.0026	4.8282	2.5289	1.2929
245	227.4809	139.1475	83.3336	48.8437	28.0069	15.7038	8.6067	4.6086	2.4099	1.2300
246	219.3227	133.9845	80.1346	46.9039	26.8562	15.0363	8.2283	4.3990	2.2965	1.1702
247	211.4570	129.0131	77.0585	45.0412	25.7528	14.3972	7.8665	4.1989	2.1885	1.1132
248	203.8734	124.2261	74.1004	43.2524	24.6947	13.7853	7.5206	4.0079	2.0855	1.0590
249	196.5618	119.6168	71.2559	41.5347	23.6801	13.1994	7.1900	3.8256	1.9874	1.0075
250	189.5125	115.1785	68.5205	39.8852	22.7072	12.6384	6.8738	3.6516	1.8939	0.9585
251	182.7159	110.9048	65.8902	38.3012	21.7743	12.1012	6.5716	3.4856	1.8048	0.9118
252	176.1631	106.7898	63.3608	36.7801	20.8797	11.5869	6.2827	3.3270	1.7199	0.8674
253	169.8452	102.8274	60.9286	35.3194	20.0218	11.0944	6.0064	3.1757	1.6389	0.8252
254	163.7540	99.0120	58.5897	33.9168	19.1992	10.6228	5.7423	3.0313	1.5618	0.7851
255	157.8812	95.3383	56.3406	32.5698	18.4104	10.1713	5.4899	2.8934	1.4884	0.7469
256	152.2191	91.8008	54.1778	31.2763	17.6540	9.7390	5.2485	2.7618	1.4183	0.7105
257	146.7600	88.3946	52.0981	30.0342	16.9287	9.3251	5.0177	2.6362	1.3516	0.6759
258	141.4966	85.1147	50.0981	28.8414	16.2332	8.9288	4.7971	2.5163	1.2880	0.6430
259	136.4221	81.9566	48.1750	27.6960	15.5662	8.5493	4.5862	2.4018	1.2274	0.6117
260	131.5295	78.9157	46.3257	26.5961	14.9267	8.1859	4.3845	2.2926	1.1697	0.5820
261	126.8124	75.9875	44.5474	25.5399	14.3134	7.8380	4.1917	2.1883	1.1146	0.5536
262	122.2645	73.1681	42.8373	24.5256	13.7254	7.5048	4.0074	2.0888	1.0622	0.5267
263	117.8797	70.4532	41.1929	23.5516	13.1615	7.1858	3.8312	1.9938	1.0122	0.5011
264	113.6521	67.8391	39.6116	22.6162	12.6207	6.8804	3.6628	1.9031	0.9646	0.4767
265	109.5761	65.3220	38.0910	21.7181	12.1022	6.5880	3.5017	1.8165	0.9192	0.4535
266	105.6464	62.8982	36.6288	20.8555	11.6050	6.3080	3.3478	1.7339	0.8760	0.4314
267	101.8575	60.5644	35.2227	20.0273	11.1282	6.0399	3.2006	1.6550	0.8347	0.4104
268	98.2046	58.3172	33.8706	19.2319	10.6710	5.7832	3.0598	1.5798	0.7955	0.3904
269	94.6826	56.1534	32.5704	18.4682	10.2325	5.5374	2.9253	1.5079	0.7580	0.3714
270	91.2870	54.0698	31.3201	17.7347	9.8121	5.3020	2.7967	1.4393	0.7224	0.3534
271	88.0131	52.0636	30.1178	17.0304	9.4090	5.0767	2.6737	1.3739	0.6884	0.3362
272	84.8566	50.1318	28.9616	16.3541	9.0224	4.8609	2.5562	1.3114	0.6560	0.3198
273	81.8134	48.2717	27.8499	15.7046	8.6517	4.6543	2.4438	1.2517	0.6251	0.3042
274	78.8793	46.4806	26.7808	15.0809	8.2963	4.4565	2.3363	1.1948	0.5957	0.2894
275	76.0504	44.7560	25.7527	14.4820	7.9554	4.2670	2.2336	1.1405	0.5677	0.2754
276	73.3230	43.0953	24.7642	13.9068	7.6286	4.0857	2.1354	1.0886	0.5410	0.2620
277	70.6933	41.4963	23.8135	13.3545	7.3152	3.9120	2.0415	1.0391	0.5155	0.2492
278	68.1580	39.9566	22.8994	12.8242	7.0146	3.7458	1.9517	0.9918	0.4913	0.2371
279	65.7137	38.4740	22.0203	12.3149	6.7264	3.5866	1.8659	0.9467	0.4682	0.2255
280	63.3569	37.0465	21.1750	11.8258	6.4501	3.4341	1.7839	0.9036	0.4461	0.2146
281	61.0847	35.6719	20.3622	11.3561	6.1851	3.2882	1.7055	0.8625	0.4252	0.2041
282	58.8940	34.3483	19.5805	10.9051	5.9309	3.1484	1.6305	0.8233	0.4051	0.1942
283	56.7819	33.0738	18.8289	10.4721	5.6873	3.0146	1.5588	0.7859	0.3861	0.1847
284	54.7455	31.8467	18.1061	10.0562	5.4536	2.8865	1.4902	0.7501	0.3679	0.1757
285	52.7821	30.6650	17.4110	9.6568	5.2295	2.7638	1.4247	0.7160	0.3506	0.1672
286	50.8892	29.5272	16.7427	9.2733	5.0147	2.6463	1.3621	0.6834	0.3341	0.1591
287	49.0641	28.4316	16.1000	8.9050	4.8087	2.5338	1.3022	0.6524	0.3184	0.1513
288	47.3045	27.3767	15.4819	8.5514	4.6111	2.4261	1.2449	0.6227	0.3034	0.1440
289	45.6080	26.3609	14.8876	8.2118	4.4216	2.3230	1.1902	0.5944	0.2891	0.1369
290	43.9723	25.3828	14.3161	7.8856	4.2400	2.2243	1.1379	0.5673	0.2755	0.1303
291	42.3953	24.4410	13.7666	7.5725	4.0658	2.1297	1.0878	0.5415	0.2626	0.1239
292	40.8749	23.5341	13.2381	7.2717	3.8987	2.0392	1.0400	0.5169	0.2502	0.1179
293	39.4090	22.6609	12.7299	6.9829	3.7385	1.9525	0.9943	0.4934	0.2384	0.1122
294	37.9956	21.8201	12.2413	6.7056	3.5850	1.8696	0.9506	0.4709	0.2272	0.1067
295	36.6330	21.0104	11.7713	6.4393	3.4377	1.7901	0.9088	0.4495	0.2165	0.1015
296	35.3192	20.2309	11.3195	6.1836	3.2964	1.7140	0.8688	0.4291	0.2063	0.0966
297	34.0525	19.4802	10.8849	5.9380	3.1610	1.6412	0.8306	0.4096	0.1966	0.0919
298	32.8313	18.7574	10.4671	5.7022	3.0311	1.5714	0.7941	0.3909	0.1874	0.0874
299	31.6539	18.0614	10.0653	5.4757	2.9066	1.5046	0.7592	0.3732	0.1786	0.0832
300	30.5186	17.3913	9.6789	5.2583	2.7872	1.4407	0.7258	0.3562	0.1702	0.0791
301	29.4241	16.7460	9.3074	5.0494	2.6727	1.3794	0.6939	0.3400	0.1622	0.0753
302	28.3689	16.1246	8.9501	4.8489	2.5628	1.3208	0.6634	0.3245	0.1545	0.0716
303	27.3515	15.5263	8.6065	4.6563	2.4576	1.2647	0.6342	0.3098	0.1473	0.0681
304	26.3706	14.9502	8.2761	4.4714	2.3566	1.2109	0.6063	0.2957	0.1403	0.0648
305	25.4248	14.3955	7.9584	4.2938	2.2598	1.1594	0.5797	0.2822	0.1337	0.0616
306	24.5130	13.8614	7.6529	4.1233	2.1669	1.1102	0.5542	0.2694	0.1274	0.0586
307	23.6339	13.3471	7.3591	3.9596	2.0779	1.0630	0.5298	0.2571	0.1214	0.0558
308	22.7863	12.8518	7.0766	3.8023	1.9925	1.0178	0.5065	0.2454	0.1157	0.0531
309	21.9691	12.3750	6.8050	3.6513	1.9107	0.9745	0.4842	0.2343	0.1103	0.0505
310	21.1812	11.9158	6.5438	3.5063	1.8322	0.9331	0.4630	0.2236	0.1051	0.0480
311	20.4216	11.4737	6.2926	3.3670	1.7569	0.8935	0.4426	0.2134	0.1002	0.0457
312	19.6892	11.0479	6.0510	3.2333	1.6847	0.8555	0.4231	0.2037	0.0954	0.0435
313	18.9831	10.6380	5.8187	3.1049	1.6155	0.8191	0.4045	0.1945	0.0910	0.0414
314	18.3023	10.2433	5.5954	2.9816	1.5491	0.7843	0.3867	0.1856	0.0867	0.0393
315	17.6459	9.8632	5.3806	2.8632	1.4855	0.7510	0.3697	0.1772	0.0826	0.0374
316	17.0130	9.4973	5.1740	2.7495	1.4244	0.7191	0.3535	0.1691	0.0787	0.0356
317	16.4029	9.1449	4.9754	2.6403	1.3659	0.6885	0.3379	0.1614	0.0750	0.0339
318	15.8146	8.8056	4.7844	2.5354	1.3098	0.6592	0.3231	0.1541	0.0715	0.0322
319	15.2475	8.4788	4.6008	2.4347	1.2560	0.6312	0.3089	0.1471	0.0681	0.0307
320	14.7006	8.1642	4.4241	2.3381	1.2044	0.6044	0.2953	0.1404	0.0649	0.0292
321	14.1734	7.8613	4.2543	2.2452	1.1549	0.5787	0.2823	0.1340	0.0619	0.0277
322	13.6651	7.5696	4.0910	2.1560	1.1074	0.5541	0.2699	0.1279	0.0589	0.0264
323	13.1750	7.2887	3.9340	2.0704	1.0619	0.5305	0.2580	0.1221	0.0562	0.0251
324	12.7025	7.0183	3.7829	1.9882	1.0183	0.5080	0.2467	0.1165	0.0535	0.0239
325	12.2470	6.7579	3.6377	1.9092	0.9765	0.4864	0.2358	0.1112	0.0510	0.0227
326	11.8078	6.5071	3.4981	1.8334	0.9364	0.4657	0.2255	0.1062	0.0486	0.0216
327	11.3843	6.2657	3.3638	1.7606	0.8979	0.4459	0.2156	0.1014	0.0463	0.0206
328	10.9760	6.0332	3.2347	1.6907	0.8610	0.4270	0.2061	0.0967	0.0441	0.0196
329	10.5824	5.8094	3.1105	1.6235	0.8256	0.4088	0.1970	0.0923	0.0421	0.0186
330	10.2029	5.5938	2.9911	1.5591	0.7917	0.3915	0.1884	0.0881	0.0401	0.0177
331	9.8369	5.3862	2.8763	1.4971	0.7592	0.3748	0.1801	0.0841	0.0382	0.0168
332	9.4842	5.1864	2.7659	1.4377	0.7280	0.3589	0.1722	0.0803	0.0364	0.0160
333	9.1440	4.9940	2.6597	1.3806	0.6981	0.3436	0.1646	0.0767	0.0347	0.0152
334	8.8161	4.8087	2.5576	1.3258	0.6694	0.3290	0.1574	0.0732	0.0331	0.0145
335	8.4999	4.6302	2.4594	1.2731	0.6419	0.3150	0.1504	0.0698	0.0315	0.0138
336	8.1951	4.4584	2.3650	1.2225	0.6155	0.3017	0.1438	0.0667	0.0300	0.0131
337	7.9012	4.2930	2.2742	1.1740	0.5902	0.2888	0.1375	0.0636	0.0286	0.0125
338	7.6178	4.1337	2.1869	1.1274	0.5660	0.2766	0.1314	0.0607	0.0273	0.0119
339	7.3446	3.9803	2.1030	1.0826	0.5427	0.2648	0.1257	0.0580	0.0260	0.0113
340	7.0812	3.8326	2.0222	1.0396	0.5204	0.2535	0.1201	0.0553	0.0248	0.0108
341	6.8272	3.6904	1.9446	0.9983	0.4990	0.2428	0.1149	0.0528	0.0236	0.0102
342	6.5824	3.5535	1.8700	0.9587	0.4785	0.2325	0.1098	0.0504	0.0225	0.0097
343	6.3463	3.4217	1.7982	0.9206	0.4589	0.2226	0.1050	0.0481	0.0214	0.0093
344	6.1187	3.2947	1.7291	0.8840	0.4400	0.2131	0.1004	0.0459	0.0204	0.0088
345	5.8993	3.1724	1.6628	0.8489	0.4220	0.2041	0.0960	0.0438	0.0195	0.0084
346	5.6877	3.0547	1.5989	0.8152	0.4046	0.1954	0.0917	0.0419	0.0185	0.0080
347	5.4837	2.9414	1.5376	0.7828	0.3880	0.1871	0.0877	0.0399	0.0177	0.0076
348	5.2871	2.8323	1.4785	0.7517	0.3721	0.1791	0.0838	0.0381	0.0168	0.0072
349	5.0975	2.7272	1.4218	0.7219	0.3568	0.1715	0.0802	0.0364	0.0160	0.0069
350	4.9146	2.6260	1.3672	0.6932	0.3421	0.1642	0.0766	0.0347	0.0153	0.0065
351	4.7384	2.5285	1.3147	0.6657	0.3281	0.1572	0.0733	0.0332	0.0146	0.0062
352	4.5685	2.4347	1.2642	0.6393	0.3146	0.1506	0.0700	0.0317	0.0139	0.0059
353	4.4046	2.3444	1.2157	0.6139	0.3016	0.1442	0.0670	0.0302	0.0132	0.0056
354	4.2467	2.2574	1.1690	0.5895	0.2893	0.1380	0.0640	0.0288	0.0126	0.0053
355	4.0944	2.1736	1.1242	0.5661	0.2774	0.1322	0.0612	0.0275	0.0120	0.0051
356	3.9475	2.0930	1.0810	0.5436	0.2660	0.1265	0.0585	0.0263	0.0115	0.0048
357	3.8059	2.0153	1.0395	0.5220	0.2550	0.1212	0.0559	0.0251	0.0109	0.0046
358	3.6694	1.9405	0.9996	0.5013	0.2446	0.1160	0.0535	0.0239	0.0104	0.0044
359	3.5379	1.8685	0.9612	0.4814	0.2345	0.1111	0.0511	0.0229	0.0099	0.0042
360	3.4110	1.7992	0.9243	0.4623	0.2249	0.1064	0.0489	0.0218	0.0094	0.0040
361	3.2886	1.7325	0.8889	0.4439	0.2156	0.1018	0.0467	0.0208	0.0090	0.0038
362	3.1707	1.6682	0.8547	0.4263	0.2068	0.0975	0.0447	0.0199	0.0086	0.0036
363	3.0570	1.6063	0.8219	0.4093	0.1983	0.0934	0.0427	0.0190	0.0082	0.0034
364	2.9474	1.5467	0.7904	0.3931	0.1901	0.0894	0.0408	0.0181	0.0078	0.0032
365	2.8417	1.4893	0.7600	0.3775	0.1823	0.0856	0.0390	0.0173	0.0074	0.0031
366	2.7397	1.4340	0.7309	0.3625	0.1748	0.0820	0.0373	0.0165	0.0071	0.0029
367	2.6415	1.3808	0.7028	0.3481	0.1677	0.0785	0.0357	0.0157	0.0067	0.0028
368	2.5468	1.3296	0.6758	0.3343	0.1608	0.0751	0.0341	0.0150	0.0064	0.0027
369	2.4554	1.2803	0.6499	0.3210	0.1542	0.0720	0.0326	0.0143	0.0061	0.0025
370	2.3674	1.2327	0.6249	0.3082	0.1478	0.0689	0.0312	0.0137	0.0058	0.0024
371	2.2825	1.1870	0.6009	0.2960	0.1418	0.0660	0.0298	0.0131	0.0056	0.0023
372	2.2006	1.1430	0.5779	0.2842	0.1359	0.0632	0.0285	0.0125	0.0053	0.0022
373	2.1217	1.1006	0.5557	0.2730	0.1303	0.0605	0.0272	0.0119	0.0050	0.0021
374	2.0456	1.0597	0.5344	0.2621	0.1250	0.0579	0.0260	0.0114	0.0048	0.0020
375	1.9722	1.0204	0.5138	0.2517	0.1199	0.0554	0.0249	0.0109	0.0046	0.0019
376	1.9015	0.9825	0.4941	0.2417	0.1149	0.0531	0.0238	0.0104	0.0044	0.0018
377	1.8333	0.9461	0.4752	0.2321	0.1102	0.0508	0.0228	0.0099	0.0042	0.0017
378	1.7676	0.9110	0.4569	0.2229	0.1057	0.0487	0.0218	0.0094	0.0040	0.0016
379	1.7042	0.8772	0.4394	0.2140	0.1013	0.0466	0.0208	0.0090	0.0038	0.0015
380	1.6430	0.8446	0.4225	0.2055	0.0972	0.0446	0.0199	0.0086	0.0036	0.0015
381	1.5841	0.8133	0.4063	0.1974	0.0932	0.0427	0.0190	0.0082	0.0034	0.0014
382	1.5273	0.7831	0.3907	0.1895	0.0894	0.0409	0.0182	0.0078	0.0033	0.0013
383	1.4725	0.7541	0.3757	0.1820	0.0857	0.0392	0.0174	0.0075	0.0031	0.0013
384	1.4197	0.7261	0.3613	0.1748	0.0822	0.0375	0.0166	0.0071	0.0030	0.0012
385	1.3688	0.6991	0.3474	0.1678	0.0788	0.0359	0.0159	0.0068	0.0028	0.0011
386	1.3197	0.6732	0.3341	0.1612	0.0756	0.0344	0.0152	0.0065	0.0027	0.0011
387	1.2724	0.6482	0.3212	0.1548	0.0724	0.0329	0.0145	0.0062	0.0026	0.0010
388	1.2268	0.6242	0.3089	0.1486	0.0695	0.0315	0.0139	0.0059	0.0024	0.0010
389	1.1828	0.6010	0.2971	0.1427	0.0666	0.0302	0.0133	0.0057	0.0023	0.0009
390	1.1403	0.5787	0.2857	0.1371	0.0639	0.0289	0.0127	0.0054	0.0022	0.0009
391	1.0994	0.5572	0.2747	0.1316	0.0613	0.0277	0.0121	0.0052	0.0021	0.0008
392	1.0600	0.5366	0.2641	0.1264	0.0587	0.0265	0.0116	0.0049	0.0020	0.0008
393	1.0220	0.5166	0.2540	0.1214	0.0563	0.0254	0.0111	0.0047	0.0019	0.0008
394	0.9853	0.4975	0.2443	0.1165	0.0540	0.0243	0.0106	0.0045	0.0018	0.0007
395	0.9500	0.4790	0.2349	0.1119	0.0518	0.0233	0.0101	0.0043	0.0017	0.0007
396	0.9159	0.4612	0.2259	0.1075	0.0497	0.0223	0.0097	0.0041	0.0017	0.0007
397	0.8831	0.4441	0.2172	0.1032	0.0476	0.0213	0.0093	0.0039	0.0016	0.0006
398	0.8514	0.4277	0.2089	0.0991	0.0457	0.0204	0.0089	0.0037	0.0015	0.0006
399	0.8209	0.4118	0.2008	0.0952	0.0438	0.0196	0.0085	0.0036	0.0014	0.0006
400	0.7914	0.3965	0.1931	0.0914	0.0420	0.0187	0.0081	0.0034	0.0014	0.0005
401	0.7631	0.3818	0.1857	0.0878	0.0403	0.0179	0.0077	0.0032	0.0013	0.0005
402	0.7357	0.3676	0.1786	0.0843	0.0386	0.0172	0.0074	0.0031	0.0012	0.0005
403	0.7093	0.3540	0.1717	0.0809	0.0370	0.0164	0.0071	0.0029	0.0012	0.0005
404	0.6839	0.3409	0.1651	0.0777	0.0355	0.0157	0.0068	0.0028	0.0011	0.0004
405	0.6593	0.3282	0.1588	0.0746	0.0340	0.0151	0.0065	0.0027	0.0011	0.0004
406	0.6357	0.3160	0.1527	0.0717	0.0326	0.0144	0.0062	0.0026	0.0010	0.0004
407	0.6129	0.3043	0.1468	0.0688	0.0313	0.0138	0.0059	0.0024	0.0010	0.0004
408	0.5909	0.2930	0.1412	0.0661	0.0300	0.0132	0.0056	0.0023	0.0009	0.0004
409	0.5697	0.2821	0.1358	0.0635	0.0288	0.0127	0.0054	0.0022	0.0009	0.0003
410	0.5493	0.2717	0.1306	0.0609	0.0276	0.0121	0.0052	0.0021	0.0008	0.0003
411	0.5296	0.2616	0.1256	0.0585	0.0265	0.0116	0.0049	0.0020	0.0008	0.0003
412	0.5106	0.2519	0.1207	0.0562	0.0254	0.0111	0.0047	0.0019	0.0008	0.0003
413	0.4923	0.2425	0.1161	0.0540	0.0243	0.0106	0.0045	0.0019	0.0007	0.0003
414	0.4746	0.2335	0.1116	0.0518	0.0233	0.0102	0.0043	0.0018	0.0007	0.0003
415	0.4576	0.2249	0.1074	0.0498	0.0224	0.0098	0.0041	0.0017	0.0007	0.0003
416	0.4412	0.2165	0.1032	0.0478	0.0215	0.0093	0.0039	0.0016	0.0006	0.0002
417	0.4254	0.2085	0.0993	0.0459	0.0206	0.0089	0.0038	0.0015	0.0006	0.0002
418	0.4101	0.2008	0.0955	0.0441	0.0197	0.0086	0.0036	0.0015	0.0006	0.0002
419	0.3954	0.1933	0.0918	0.0423	0.0189	0.0082	0.0034	0.0014	0.0005	0.0002
420	0.3812	0.1861	0.0883	0.0406	0.0181	0.0079	0.0033	0.0013	0.0005	0.0002
421	0.3676	0.1792	0.0849	0.0390	0.0174	0.0075	0.0031	0.0013	0.0005	0.0002
422	0.3544	0.1726	0.0816	0.0375	0.0167	0.0072	0.0030	0.0012	0.0005	0.0002
423	0.3417	0.1662	0.0785	0.0360	0.0160	0.0069	0.0029	0.0012	0.0005	0.0002
424	0.3294	0.1600	0.0755	0.0346	0.0153	0.0066	0.0028	0.0011	0.0004	0.0002
425	0.3176	0.1541	0.0726	0.0332	0.0147	0.0063	0.0026	0.0011	0.0004	0.0002
426	0.3062	0.1484	0.0698	0.0319	0.0141	0.0061	0.0025	0.0010	0.0004	0.0001
427	0.2952	0.1429	0.0671	0.0306	0.0135	0.0058	0.0024	0.0010	0.0004	0.0001
428	0.2846	0.1376	0.0645	0.0294	0.0130	0.0055	0.0023	0.0009	0.0004	0.0001
429	0.2744	0.1324	0.0621	0.0282	0.0124	0.0053	0.0022	0.0009	0.0003	0.0001
430	0.2646	0.1275	0.0597	0.0271	0.0119	0.0051	0.0021	0.0008	0.0003	0.0001
431	0.2551	0.1228	0.0574	0.0260	0.0114	0.0049	0.0020	0.0008	0.0003	0.0001
432	0.2460	0.1182	0.0552	0.0250	0.0110	0.0047	0.0019	0.0008	0.0003	0.0001
433	0.2371	0.1139	0.0531	0.0240	0.0105	0.0045	0.0018	0.0007	0.0003	0.0001
434	0.2286	0.1096	0.0510	0.0230	0.0101	0.0043	0.0018	0.0007	0.0003	0.0001
435	0.2204	0.1056	0.0491	0.0221	0.0097	0.0041	0.0017	0.0007	0.0003	0.0001
436	0.2125	0.1016	0.0472	0.0212	0.0093	0.0039	0.0016	0.0006	0.0002	0.0001
437	0.2049	0.0979	0.0454	0.0204	0.0089	0.0038	0.0015	0.0006	0.0002	0.0001
438	0.1976	0.0942	0.0436	0.0196	0.0085	0.0036	0.0015	0.0006	0.0002	0.0001
439	0.1905	0.0907	0.0420	0.0188	0.0082	0.0034	0.0014	0.0006	0.0002	0.0001
440	0.1836	0.0874	0.0403	0.0181	0.0078	0.0033	0.0013	0.0005	0.0002	0.0001
441	0.1771	0.0841	0.0388	0.0174	0.0075	0.0032	0.0013	0.0005	0.0002	0.0001
442	0.1707	0.0810	0.0373	0.0167	0.0072	0.0030	0.0012	0.0005	0.0002	0.0001
443	0.1646	0.0780	0.0359	0.0160	0.0069	0.0029	0.0012	0.0005	0.0002	0.0001
444	0.1587	0.0751	0.0345	0.0154	0.0066	0.0028	0.0011	0.0004	0.0002	0.0001
445	0.1530	0.0723	0.0332	0.0148	0.0064	0.0027	0.0011	0.0004	0.0002	0.0001
446	0.1475	0.0696	0.0319	0.0142	0.0061	0.0025	0.0010	0.0004	0.0001	0.0001
447	0.1422	0.0671	0.0307	0.0136	0.0058	0.0024	0.0010	0.0004	0.0001	0.0001
448	0.1371	0.0646	0.0295	0.0131	0.0056	0.0023	0.0009	0.0004	0.0001	0.0000
449	0.1322	0.0622	0.0284	0.0125	0.0054	0.0022	0.0009	0.0003	0.0001	0.0000
450	0.1275	0.0599	0.0273	0.0120	0.0052	0.0021	0.0009	0.0003	0.0001	0.0000
451	0.1229	0.0576	0.0262	0.0116	0.0049	0.0020	0.0008	0.0003	0.0001	0.0000
452	0.1185	0.0555	0.0252	0.0111	0.0047	0.0020	0.0008	0.0003	0.0001	0.0000
453	0.1142	0.0535	0.0243	0.0107	0.0045	0.0019	0.0007	0.0003	0.0001	0.0000
454	0.1101	0.0515	0.0233	0.0102	0.0044	0.0018	0.0007	0.0003	0.0001	0.0000
455	0.1062	0.0496	0.0224	0.0098	0.0042	0.0017	0.0007	0.0003	0.0001	0.0000
456	0.1024	0.0477	0.0216	0.0094	0.0040	0.0016	0.0007	0.0002	0.0001	0.0000
457	0.0987	0.0459	0.0207	0.0091	0.0038	0.0016	0.0006	0.0002	0.0001	0.0000
458	0.0952	0.0442	0.0199	0.0087	0.0037	0.0015	0.0006	0.0002	0.0001	0.0000
459	0.0917	0.0426	0.0192	0.0084	0.0035	0.0014	0.0006	0.0002	0.0001	0.0000
460	0.0885	0.0410	0.0184	0.0080	0.0034	0.0014	0.0005	0.0002	0.0001	0.0000
461	0.0853	0.0395	0.0177	0.0077	0.0032	0.0013	0.0005	0.0002	0.0001	0.0000
462	0.0822	0.0380	0.0171	0.0074	0.0031	0.0013	0.0005	0.0002	0.0001	0.0000
463	0.0793	0.0366	0.0164	0.0071	0.0030	0.0012	0.0005	0.0002	0.0001	0.0000
464	0.0764	0.0353	0.0158	0.0068	0.0029	0.0012	0.0005	0.0002	0.0001	0.0000
465	0.0737	0.0340	0.0152	0.0066	0.0027	0.0011	0.0004	0.0002	0.0001	0.0000
466	0.0710	0.0327	0.0146	0.0063	0.0026	0.0011	0.0004	0.0002	0.0001	0.0000
467	0.0685	0.0315	0.0140	0.0060	0.0025	0.0010	0.0004	0.0001	0.0001	0.0000
468	0.0660	0.0303	0.0135	0.0058	0.0024	0.0010	0.0004	0.0001	0.0001	0.0000
469	0.0637	0.0292	0.0130	0.0056	0.0023	0.0009	0.0004	0.0001	0.0000	0.0000
470	0.0614	0.0281	0.0125	0.0054	0.0022	0.0009	0.0003	0.0001	0.0000	0.0000
471	0.0592	0.0271	0.0120	0.0051	0.0021	0.0009	0.0003	0.0001	0.0000	0.0000
472	0.0571	0.0261	0.0115	0.0049	0.0020	0.0008	0.0003	0.0001	0.0000	0.0000
473	0.0550	0.0251	0.0111	0.0047	0.0020	0.0008	0.0003	0.0001	0.0000	0.0000
474	0.0530	0.0242	0.0107	0.0046	0.0019	0.0008	0.0003	0.0001	0.0000	0.0000
475	0.0511	0.0233	0.0103	0.0044	0.0018	0.0007	0.0003	0.0001	0.0000	0.0000
476	0.0493	0.0224	0.0099	0.0042	0.0017	0.0007	0.0003	0.0001	0.0000	0.0000
477	0.0475	0.0216	0.0095	0.0040	0.0017	0.0007	0.0003	0.0001	0.0000	0.0000
478	0.0458	0.0208	0.0091	0.0039	0.0016	0.0006	0.0002	0.0001	0.0000	0.0000
479	0.0442	0.0200	0.0088	0.0037	0.0015	0.0006	0.0002	0.0001	0.0000	0.0000
480	0.0426	0.0193	0.0084	0.0036	0.0015	0.0006	0.0002	0.0001	0.0000	0.0000
481	0.0411	0.0185	0.0081	0.0034	0.0014	0.0006	0.0002	0.0001	0.0000	0.0000
482	0.0396	0.0179	0.0078	0.0033	0.0013	0.0005	0.0002	0.0001	0.0000	0.0000
483	0.0382	0.0172	0.0075	0.0032	0.0013	0.0005	0.0002	0.0001	0.0000	0.0000
484	0.0368	0.0166	0.0072	0.0030	0.0012	0.0005	0.0002	0.0001	0.0000	0.0000
485	0.0355	0.0159	0.0069	0.0029	0.0012	0.0005	0.0002	0.0001	0.0000	0.0000
486	0.0342	0.0153	0.0067	0.0028	0.0011	0.0004	0.0002	0.0001	0.0000	0.0000
487	0.0330	0.0148	0.0064	0.0027	0.0011	0.0004	0.0002	0.0001	0.0000	0.0000
488	0.0318	0.0142	0.0062	0.0026	0.0010	0.0004	0.0002	0.0001	0.0000	0.0000
489	0.0307	0.0137	0.0059	0.0025	0.0010	0.0004	0.0001	0.0001	0.0000	0.0000
490	0.0296	0.0132	0.0057	0.0024	0.0010	0.0004	0.0001	0.0001	0.0000	0.0000
491	0.0285	0.0127	0.0055	0.0023	0.0009	0.0004	0.0001	0.0000	0.0000	0.0000
492	0.0275	0.0122	0.0053	0.0022	0.0009	0.0003	0.0001	0.0000	0.0000	0.0000
493	0.0265	0.0118	0.0051	0.0021	0.0008	0.0003	0.0001	0.0000	0.0000	0.0000
494	0.0256	0.0113	0.0049	0.0020	0.0008	0.0003	0.0001	0.0000	0.0000	0.0000
495	0.0246	0.0109	0.0047	0.0019	0.0008	0.0003	0.0001	0.0000	0.0000	0.0000
496	0.0238	0.0105	0.0045	0.0019	0.0007	0.0003	0.0001	0.0000	0.0000	0.0000
497	0.0229	0.0101	0.0043	0.0018	0.0007	0.0003	0.0001	0.0000	0.0000	0.0000
498	0.0221	0.0098	0.0042	0.0017	0.0007	0.0003	0.0001	0.0000	0.0000	0.0000
499	0.0213	0.0094	0.0040	0.0017	0.0007	0.0003	0.0001	0.0000	0.0000	0.0000
500	0.0205	0.0090	0.0039	0.0016	0.0006	0.0002	0.0001	0.0000	0.0000	0.0000
501	0.0198	0.0087	0.0037	0.0015	0.0006	0.0002	0.0001	0.0000	0.0000	0.0000
502	0.0191	0.0084	0.0036	0.0015	0.0006	0.0002	0.0001	0.0000	0.0000	0.0000
503	0.0184	0.0081	0.0034	0.0014	0.0006	0.0002	0.0001	0.0000	0.0000	0.0000
504	0.0177	0.0078	0.0033	0.0014	0.0005	0.0002	0.0001	0.0000	0.0000	0.0000
505	0.0171	0.0075	0.0032	0.0013	0.0005	0.0002	0.0001	0.0000	0.0000	0.0000
506	0.0165	0.0072	0.0030	0.0012	0.0005	0.0002	0.0001	0.0000	0.0000	0.0000
507	0.0159	0.0069	0.0029	0.0012	0.0005	0.0002	0.0001	0.0000	0.0000	0.0000
508	0.0153	0.0067	0.0028	0.0011	0.0005	0.0002	0.0001	0.0000	0.0000	0.0000
509	0.0148	0.0064	0.0027	0.0011	0.0004	0.0002	0.0001	0.0000	0.0000	0.0000
510	0.0142	0.0062	0.0026	0.0011	0.0004	0.0002	0.0001	0.0000	0.0000	0.0000
511	0.0137	0.0060	0.0025	0.0010	0.0004	0.0002	0.0001	0.0000	0.0000	0.0000
512	0.0132	0.0057	0.0024	0.0010	0.0004	0.0001	0.0001	0.0000	0.0000	0.0000
513	0.0128	0.0055	0.0023	0.0009	0.0004	0.0001	0.0001	0.0000	0.0000	0.0000
514	0.0123	0.0053	0.0022	0.0009	0.0004	0.0001	0.0000	0.0000	0.0000	0.0000
515	0.0119	0.0051	0.0021	0.0009	0.0003	0.0001	0.0000	0.0000	0.0000	0.0000
516	0.0114	0.0049	0.0021	0.0008	0.0003	0.0001	0.0000	0.0000	0.0000	0.0000
517	0.0110	0.0048	0.0020	0.0008	0.0003	0.0001	0.0000	0.0000	0.0000	0.0000
518	0.0106	0.0046	0.0019	0.0008	0.0003	0.0001	0.0000	0.0000	0.0000	0.0000
519	0.0103	0.0044	0.0018	0.0007	0.0003	0.0001	0.0000	0.0000	0.0000	0.0000
520	0.0099	0.0042	0.0018	0.0007	0.0003	0.0001	0.0000	0.0000	0.0000	0.0000
521	0.0095	0.0041	0.0017	0.0007	0.0003	0.0001	0.0000	0.0000	0.0000	0.0000
522	0.0092	0.0039	0.0016	0.0007	0.0003	0.0001	0.0000	0.0000	0.0000	0.0000
523	0.0089	0.0038	0.0016	0.0006	0.0002	0.0001	0.0000	0.0000	0.0000	0.0000
524	0.0085	0.0036	0.0015	0.0006	0.0002	0.0001	0.0000	0.0000	0.0000	0.0000
525	0.0082	0.0035	0.0014	0.0006	0.0002	0.0001	0.0000	0.0000	0.0000	0.0000
526	0.0079	0.0034	0.0014	0.0006	0.0002	0.0001	0.0000	0.0000	0.0000	0.0000
527	0.0077	0.0033	0.0013	0.0005	0.0002	0.0001	0.0000	0.0000	0.0000	0.0000
528	0.0074	0.0031	0.0013	0.0005	0.0002	0.0001	0.0000	0.0000	0.0000	0.0000
529	0.0071	0.0030	0.0012	0.0005	0.0002	0.0001	0.0000	0.0000	0.0000	0.0000
530	0.0069	0.0029	0.0012	0.0005	0.0002	0.0001	0.0000	0.0000	0.0000	0.0000
531	0.0066	0.0028	0.0011	0.0005	0.0002	0.0001	0.0000	0.0000	0.0000	0.0000
532	0.0064	0.0027	0.0011	0.0004	0.0002	0.0001	0.0000	0.0000	0.0000	0.0000
533	0.0061	0.0026	0.0011	0.0004	0.0002	0.0001	0.0000	0.0000	0.0000	0.0000
534	0.0059	0.0025	0.0010	0.0004	0.0002	0.0001	0.0000	0.0000	0.0000	0.0000
535	0.0057	0.0024	0.0010	0.0004	0.0001	0.0001	0.0000	0.0000	0.0000	0.0000
536	0.0055	0.0023	0.0009	0.0004	0.0001	0.0001	0.0000	0.0000	0.0000	0.0000
537	0.0053	0.0022	0.0009	0.0004	0.0001	0.0000	0.0000	0.0000	0.0000	0.0000
538	0.0051	0.0021	0.0009	0.0003	0.0001	0.0000	0.0000	0.0000	0.0000	0.0000
539	0.0049	0.0021	0.0008	0.0003	0.0001	0.0000	0.0000	0.0000	0.0000	0.0000
540	0.0048	0.0020	0.0008	0.0003	0.0001	0.0000	0.0000	0.0000	0.0000	0.0000
541	0.0046	0.0019	0.0008	0.0003	0.0001	0.0000	0.0000	0.0000	0.0000	0.0000
542	0.0044	0.0018	0.0007	0.0003	0.0001	0.0000	0.0000	0.0000	0.0000	0.0000
543	0.0043	0.0018	0.0007	0.0003	0.0001	0.0000	0.0000	0.0000	0.0000	0.0000
544	0.0041	0.0017	0.0007	0.0003	0.0001	0.0000	0.0000	0.0000	0.0000	0.0000
545	0.0040	0.0016	0.0007	0.0003	0.0001	0.0000	0.0000	0.0000	0.0000	0.0000
546	0.0038	0.0016	0.0006	0.0002	0.0001	0.0000	0.0000	0.0000	0.0000	0.0000
547	0.0037	0.0015	0.0006	0.0002	0.0001	0.0000	0.0000	0.0000	0.0000	0.0000
548	0.0036	0.0015	0.0006	0.0002	0.0001	0.0000	0.0000	0.0000	0.0000	0.0000
549	0.0034	0.0014	0.0006	0.0002	0.0001	0.0000	0.0000	0.0000	0.0000	0.0000
550	0.0033	0.0014	0.0005	0.0002	0.0001	0.0000	0.0000	0.0000	0.0000	0.0000
551	0.0032	0.0013	0.0005	0.0002	0.0001	0.0000	0.0000	0.0000	0.0000	0.0000
552	0.0031	0.0013	0.0005	0.0002	0.0001	0.0000	0.0000	0.0000	0.0000	0.0000
553	0.0030	0.0012	0.0005	0.0002	0.0001	0.0000	0.0000	0.0000	0.0000	0.0000
554	0.0029	0.0012	0.0005	0.0002	0.0001	0.0000	0.0000	0.0000	0.0000	0.0000
555	0.0028	0.0011	0.0004	0.0002	0.0001	0.0000	0.0000	0.0000	0.0000	0.0000
556	0.0027	0.0011	0.0004	0.0002	0.0001	0.0000	0.0000	0.0000	0.0000	0.0000
557	0.0026	0.0010	0.0004	0.0002	0.0001	0.0000	0.0000	0.0000	0.0000	0.0000
558	0.0025	0.0010	0.0004	0.0002	0.0001	0.0000	0.0000	0.0000	0.0000	0.0000
559	0.0024	0.0010	0.0004	0.0001	0.0001	0.0000	0.0000	0.0000	0.0000	0.0000
560	0.0023	0.0009	0.0004	0.0001	0.0001	0.0000	0.0000	0.0000	0.0000	0.0000
561	0.0022	0.0009	0.0004	0.0001	0.0000	0.0000	0.0000	0.0000	0.0000	0.0000
562	0.0021	0.0009	0.0003	0.0001	0.0000	0.0000	0.0000	0.0000	0.0000	0.0000
563	0.0021	0.0008	0.0003	0.0001	0.0000	0.0000	0.0000	0.0000	0.0000	0.0000
564	0.0020	0.0008	0.0003	0.0001	0.0000	0.0000	0.0000	0.0000	0.0000	0.0000
565	0.0019	0.0008	0.0003	0.0001	0.0000	0.0000	0.0000	0.0000	0.0000	0.0000
566	0.0018	0.0007	0.0003	0.0001	0.0000	0.0000	0.0000	0.0000	0.0000	0.0000
567	0.0018	0.0007	0.0003	0.0001	0.0000	0.0000	0.0000	0.0000	0.0000	0.0000
568	0.0017	0.0007	0.0003	0.0001	0.0000	0.0000	0.0000	0.0000	0.0000	0.0000
569	0.0017	0.0007	0.0003	0.0001	0.0000	0.0000	0.0000	0.0000	0.0000	0.0000
570	0.0016	0.0006	0.0002	0.0001	0.0000	0.0000	0.0000	0.0000	0.0000	0.0000
571	0.0015	0.0006	0.0002	0.0001	0.0000	0.0000	0.0000	0.0000	0.0000	0.0000
572	0.0015	0.0006	0.0002	0.0001	0.0000	0.0000	0.0000	0.0000	0.0000	0.0000
573	0.0014	0.0006	0.0002	0.0001	0.0000	0.0000	0.0000	0.0000	0.0000	0.0000
574	0.0014	0.0006	0.0002	0.0001	0.0000	0.0000	0.0000	0.0000	0.0000	0.0000
575	0.0013	0.0005	0.0002	0.0001	0.0000	0.0000	0.0000	0.0000	0.0000	0.0000
576	0.0013	0.0005	0.0002	0.0001	0.0000	0.0000	0.0000	0.0000	0.0000	0.0000
577	0.0012	0.0005	0.0002	0.0001	0.0000	0.0000	0.0000	0.0000	0.0000	0.0000
578	0.0012	0.0005	0.0002	0.0001	0.0000	0.0000	0.0000	0.0000	0.0000	0.0000
579	0.0011	0.0005	0.0002	0.0001	0.0000	0.0000	0.0000	0.0000	0.0000	0.0000
580	0.0011	0.0004	0.0002	0.0001	0.0000	0.0000	0.0000	0.0000	0.0000	0.0000
581	0.0011	0.0004	0.0002	0.0001	0.0000	0.0000	0.0000	0.0000	0.0000	0.0000
582	0.0010	0.0004	0.0002	0.0001	0.0000	0.0000	0.0000	0.0000	0.0000	0.0000
583	0.0010	0.0004	0.0001	0.0001	0.0000	0.0000	0.0000	0.0000	0.0000	0.0000
584	0.0010	0.0004	0.0001	0.0001	0.0000	0.0000	0.0000	0.0000	0.0000	0.0000
585	0.0009	0.0004	0.0001	0.0001	0.0000	0.0000	0.0000	0.0000	0.0000	0.0000
586	0.0009	0.0003	0.0001	0.0000	0.0000	0.0000	0.0000	0.0000	0.0000	0.0000
587	0.0009	0.0003	0.0001	0.0000	0.0000	0.0000	0.0000	0.0000	0.0000	0.0000
588	0.0008	0.0003	0.0001	0.0000	0.0000	0.0000	0.0000	0.0000	0.0000	0.0000
589	0.0008	0.0003	0.0001	0.0000	0.0000	0.0000	0.0000	0.0000	0.0000	0.0000
590	0.0008	0.0003	0.0001	0.0000	0.0000	0.0000	0.0000	0.0000	0.0000	0.0000
591	0.0007	0.0003	0.0001	0.0000	0.0000	0.0000	0.0000	0.0000	0.0000	0.0000
592	0.0007	0.0003	0.0001	0.0000	0.0000	0.0000	0.0000	0.0000	0.0000	0.0000
593	0.0007	0.0003	0.0001	0.0000	0.0000	0.0000	0.0000	0.0000	0.0000	0.0000
594	0.0007	0.0003	0.0001	0.0000	0.0000	0.0000	0.0000	0.0000	0.0000	0.0000
595	0.0006	0.0002	0.0001	0.0000	0.0000	0.0000	0.0000	0.0000	0.0000	0.0000
596	0.0006	0.0002	0.0001	0.0000	0.0000	0.0000	0.0000	0.0000	0.0000	0.0000
597	0.0006	0.0002	0.0001	0.0000	0.0000	0.0000	0.0000	0.0000	0.0000	0.0000
598	0.0006	0.0002	0.0001	0.0000	0.0000	0.0000	0.0000	0.0000	0.0000	0.0000
599	0.0006	0.0002	0.0001	0.0000	0.0000	0.0000	0.0000	0.0000	0.0000	0.0000
600	0.0005	0.0002	0.0001	0.0000	0.0000	0.0000	0.0000	0.0000	0.0000	0.0000
601	0.0005	0.0002	0.0001	0.0000	0.0000	0.0000	0.0000	0.0000	0.0000	0.0000
602	0.0005	0.0002	0.0001	0.0000	0.0000	0.0000	0.0000	0.0000	0.0000	0.0000
603	0.0005	0.0002	0.0001	0.0000	0.0000	0.0000	0.0000	0.0000	0.0000	0.0000
604	0.0005	0.0002	0.0001	0.0000	0.0000	0.0000	0.0000	0.0000	0.0000	0.0000
605	0.0004	0.0002	0.0001	0.0000	0.0000	0.0000	0.0000	0.0000	0.0000	0.0000
606	0.0004	0.0002	0.0001	0.0000	0.0000	0.0000	0.0000	0.0000	0.0000	0.0000
607	0.0004	0.0002	0.0001	0.0000	0.0000	0.0000	0.0000	0.0000	0.0000	0.0000
608	0.0004	0.0002	0.0001	0.0000	0.0000	0.0000	0.0000	0.0000	0.0000	0.0000
609	0.0004	0.0001	0.0001	0.0000	0.0000	0.0000	0.0000	0.0000	0.0000	0.0000
610	0.0004	0.0001	0.0001	0.0000	0.0000	0.0000	0.0000	0.0000	0.0000	0.0000
611	0.0004	0.0001	0.0000	0.0000	0.0000	0.0000	0.0000	0.0000	0.0000	0.0000
612	0.0003	0.0001	0.0000	0.0000	0.0000	0.0000	0.0000	0.0000	0.0000	0.0000
613	0.0003	0.0001	0.0000	0.0000	0.0000	0.0000	0.0000	0.0000	0.0000	0.0000
614	0.0003	0.0001	0.0000	0.0000	0.0000	0.0000	0.0000	0.0000	0.0000	0.0000
615	0.0003	0.0001	0.0000	0.0000	0.0000	0.0000	0.0000	0.0000	0.0000	0.0000
616	0.0003	0.0001	0.0000	0.0000	0.0000	0.0000	0.0000	0.0000	0.0000	0.0000
617	0.0003	0.0001	0.0000	0.0000	0.0000	0.0000	0.0000	0.0000	0.0000	0.0000
618	0.0003	0.0001	0.0000	0.0000	0.0000	0.0000	0.0000	0.0000	0.0000	0.0000
619	0.0003	0.0001	0.0000	0.0000	0.0000	0.0000	0.0000	0.0000	0.0000	0.0000
620	0.0003	0.0001	0.0000	0.0000	0.0000	0.0000	0.0000	0.0000	0.0000	0.0000
621	0.0002	0.0001	0.0000	0.0000	0.0000	0.0000	0.0000	0.0000	0.0000	0.0000
622	0.0002	0.0001	0.0000	0.0000	0.0000	0.0000	0.0000	0.0000	0.0000	0.0000
623	0.0002	0.0001	0.0000	0.0000	0.0000	0.0000	0.0000	0.0000	0.0000	0.0000
624	0.0002	0.0001	0.0000	0.0000	0.0000	0.0000	0.0000	0.0000	0.0000	0.0000
625	0.0002	0.0001	0.0000	0.0000	0.0000	0.0000	0.0000	0.0000	0.0000	0.0000
626	0.0002	0.0001	0.0000	0.0000	0.0000	0.0000	0.0000	0.0000	0.0000	0.0000
627	0.0002	0.0001	0.0000	0.0000	0.0000	0.0000	0.0000	0.0000	0.0000	0.0000
628	0.0002	0.0001	0.0000	0.0000	0.0000	0.0000	0.0000	0.0000	0.0000	0.0000
629	0.0002	0.0001	0.0000	0.0000	0.0000	0.0000	0.0000	0.0000	0.0000	0.0000
630	0.0002	0.0001	0.0000	0.0000	0.0000	0.0000	0.0000	0.0000	0.0000	0.0000
631	0.0002	0.0001	0.0000	0.0000	0.0000	0.0000	0.0000	0.0000	0.0000	0.0000
632	0.0002	0.0001	0.0000	0.0000	0.0000	0.0000	0.0000	0.0000	0.0000	0.0000
633	0.0002	0.0001	0.0000	0.0000	0.0000	0.0000	0.0000	0.0000	0.0000	0.0000
634	0.0002	0.0001	0.0000	0.0000	0.0000	0.0000	0.0000	0.0000	0.0000	0.0000
635	0.0001	0.0001	0.0000	0.0000	0.0000	0.0000	0.0000	0.0000	0.0000	0.0000
636	0.0001	0.0001	0.0000	0.0000	0.0000	0.0000	0.0000	0.0000	0.0000	0.0000
637	0.0001	0.0001	0.0000	0.0000	0.0000	0.0000	0.0000	0.0000	0.0000	0.0000
638	0.0001	0.0000	0.0000	0.0000	0.0000	0.0000	0.0000	0.0000	0.0000	0.0000
639	0.0001	0.0000	0.0000	0.0000	0.0000	0.0000	0.0000	0.0000	0.0000	0.0000
640	0.0001	0.0000	0.0000	0.0000	0.0000	0.0000	0.0000	0.0000	0.0000	0.0000
641	0.0001	0.0000	0.0000	0.0000	0.0000	0.0000	0.0000	0.0000	0.0000	0.0000
642	0.0001	0.0000	0.0000	0.0000	0.0000	0.0000	0.0000	0.0000	0.0000	0.0000
643	0.0001	0.0000	0.0000	0.0000	0.0000	0.0000	0.0000	0.0000	0.0000	0.0000
644	0.0001	0.0000	0.0000	0.0000	0.0000	0.0000	0.0000	0.0000	0.0000	0.0000
645	0.0001	0.0000	0.0000	0.0000	0.0000	0.0000	0.0000	0.0000	0.0000	0.0000
646	0.0001	0.0000	0.0000	0.0000	0.0000	0.0000	0.0000	0.0000	0.0000	0.0000
647	0.0001	0.0000	0.0000	0.0000	0.0000	0.0000	0.0000	0.0000	0.0000	0.0000
648	0.0001	0.0000	0.0000	0.0000	0.0000	0.0000	0.0000	0.0000	0.0000	0.0000
649	0.0001	0.0000	0.0000	0.0000	0.0000	0.0000	0.0000	0.0000	0.0000	0.0000
650	0.0001	0.0000	0.0000	0.0000	0.0000	0.0000	0.0000	0.0000	0.0000	0.0000
651	0.0001	0.0000	0.0000	0.0000	0.0000	0.0000	0.0000	0.0000	0.0000	0.0000
652	0.0001	0.0000	0.0000	0.0000	0.0000	0.0000	0.0000	0.0000	0.0000	0.0000
653	0.0001	0.0000	0.0000	0.0000	0.0000	0.0000	0.0000	0.0000	0.0000	0.0000
654	0.0001	0.0000	0.0000	0.0000	0.0000	0.0000	0.0000	0.0000	0.0000	0.0000
655	0.0001	0.0000	0.0000	0.0000	0.0000	0.0000	0.0000	0.0000	0.0000	0.0000
656	0.0001	0.0000	0.0000	0.0000	0.0000	0.0000	0.0000	0.0000	0.0000	0.0000
657	0.0001	0.0000	0.0000	0.0000	0.0000	0.0000	0.0000	0.0000	0.0000	0.0000
658	0.0001	0.0000	0.0000	0.0000	0.0000	0.0000	0.0000	0.0000	0.0000	0.0000
659	0.0001	0.0000	0.0000	0.0000	0.0000	0.0000	0.0000	0.0000	0.0000	0.0000
660	0.0001	0.0000	0.0000	0.0000	0.0000	0.0000	0.0000	0.0000	0.0000	0.0000
661	0.0001	0.0000	0.0000	0.0000	0.0000	0.0000	0.0000	0.0000	0.0000	0.0000
662	0.0001	0.0000	0.0000	0.0000	0.0000	0.0000	0.0000	0.0000	0.0000	0.0000
663	0.0001	0.0000	0.0000	0.0000	0.0000	0.0000	0.0000	0.0000	0.0000	0.0000
664	0.0001	0.0000	0.0000	0.0000	0.0000	0.0000	0.0000	0.0000	0.0000	0.0000
665	0.0000	0.0000	0.0000	0.0000	0.0000	0.0000	0.0000	0.0000	0.0000	0.0000
666	0.0000	0.0000	0.0000	0.0000	0.0000	0.0000	0.0000	0.0000	0.0000	0.0000
667	0.0000	0.0000	0.0000	0.0000	0.0000	0.0000	0.0000	0.0000	0.0000	0.0000
668	0.0000	0.0000	0.0000	0.0000	0.0000	0.0000	0.0000	0.0000	0.0000	0.0000
669	0.0000	0.0000	0.0000	0.0000	0.0000	0.0000	0.0000	0.0000	0.0000	0.0000
670	0.0000	0.0000	0.0000	0.0000	0.0000	0.0000	0.0000	0.0000	0.0000	0.0000
671	0.0000	0.0000	0.0000	0.0000	0.0000	0.0000	0.0000	0.0000	0.0000	0.0000
672	0.0000	0.0000	0.0000	0.0000	0.0000	0.0000	0.0000	0.0000	0.0000	0.0000
673	0.0000	0.0000	0.0000	0.0000	0.0000	0.0000	0.0000	0.0000	0.0000	0.0000
674	0.0000	0.0000	0.0000	0.0000	0.0000	0.0000	0.0000	0.0000	0.0000	0.0000
675	0.0000	0.0000	0.0000	0.0000	0.0000	0.0000	0.0000	0.0000	0.0000	0.0000
676	0.0000	0.0000	0.0000	0.0000	0.0000	0.0000	0.0000	0.0000	0.0000	0.0000
677	0.0000	0.0000	0.0000	0.0000	0.0000	0.0000	0.0000	0.0000	0.0000	0.0000
678	0.0000	0.0000	0.0000	0.0000	0.0000	0.0000	0.0000	0.0000	0.0000	0.0000
679	0.0000	0.0000	0.0000	0.0000	0.0000	0.0000	0.0000	0.0000	0.0000	0.0000
680	0.0000	0.0000	0.0000	0.0000	0.0000	0.0000	0.0000	0.0000	0.0000	0.0000
681	0.0000	0.0000	0.0000	0.0000	0.0000	0.0000	0.0000	0.0000	0.0000	0.0000
682	0.0000	0.0000	0.0000	0.0000	0.0000	0.0000	0.0000	0.0000	0.0000	0.0000
683	0.0000	0.0000	0.0000	0.0000	0.0000	0.0000	0.0000	0.0000	0.0000	0.0000
684	0.0000	0.0000	0.0000	0.0000	0.0000	0.0000	0.0000	0.0000	0.0000	0.0000
685	0.0000	0.0000	0.0000	0.0000	0.0000	0.0000	0.0000	0.0000	0.0000	0.0000
686	0.0000	0.0000	0.0000	0.0000	0.0000	0.0000	0.0000	0.0000	0.0000	0.0000
687	0.0000	0.0000	0.0000	0.0000	0.0000	0.0000	0.0000	0.0000	0.0000	0.0000
688	0.0000	0.0000	0.0000	0.0000	0.0000	0.0000	0.0000	0.0000	0.0000	0.0000
689	0.0000	0.0000	0.0000	0.0000	0.0000	0.0000	0.0000	0.0000	0.0000	0.0000
690	0.0000	0.0000	0.0000	0.0000	0.0000	0.0000	0.0000	0.0000	0.0000	0.0000
691	0.0000	0.0000	0.0000	0.0000	0.0000	0.0000	0.0000	0.0000	0.0000	0.0000
692	0.0000	0.0000	0.0000	0.0000	0.0000	0.0000	0.0000	0.0000	0.0000	0.0000
693	0.0000	0.0000	0.0000	0.0000	0.0000	0.0000	0.0000	0.0000	0.0000	0.0000
694	0.0000	0.0000	0.0000	0.0000	0.0000	0.0000	0.0000	0.0000	0.0000	0.0000
695	0.0000	0.0000	0.0000	0.0000	0.0000	0.0000	0.0000	0.0000	0.0000	0.0000
696	0.0000	0.0000	0.0000	0.0000	0.0000	0.0000	0.0000	0.0000	0.0000	0.0000
697	0.0000	0.0000	0.0000	0.0000	0.0000	0.0000	0.0000	0.0000	0.0000	0.0000
698	0.0000	0.0000	0.0000	0.0000	0.0000	0.0000	0.0000	0.0000	0.0000	0.0000
699	0.0000	0.0000	0.0000	0.0000	0.0000	0.0000	0.0000	0.0000	0.0000	0.0000
700	0.0000	0.0000	0.0000	0.0000	0.0000	0.0000	0.0000	0.0000	0.0000	0.0000
701	0.0000	0.0000	0.0000	0.0000	0.0000	0.0000	0.0000	0.0000	0.0000	0.0000
702	0.0000	0.0000	0.0000	0.0000	0.0000	0.0000	0.0000	0.0000	0.0000	0.0000
703	0.0000	0.0000	0.0000	0.0000	0.0000	0.0000	0.0000	0.0000	0.0000	0.0000
704	0.0000	0.0000	0.0000	0.0000	0.0000	0.0000	0.0000	0.0000	0.0000	0.0000
705	0.0000	0.0000	0.0000	0.0000	0.0000	0.0000	0.0000	0.0000	0.0000	0.0000
706	0.0000	0.0000	0.0000	0.0000	0.0000	0.0000	0.0000	0.0000	0.0000	0.0000
707	0.0000	0.0000	0.0000	0.0000	0.0000	0.0000	0.0000	0.0000	0.0000	0.0000
708	0.0000	0.0000	0.0000	0.0000	0.0000	0.0000	0.0000	0.0000	0.0000	0.0000
709	0.0000	0.0000	0.0000	0.0000	0.0000	0.0000	0.0000	0.0000	0.0000	0.0000
710	0.0000	0.0000	0.0000	0.0000	0.0000	0.0000	0.0000	0.0000	0.0000	0.0000
711	0.0000	0.0000	0.0000	0.0000	0.0000	0.0000	0.0000	0.0000	0.0000	0.0000
712	0.0000	0.0000	0.0000	0.0000	0.0000	0.0000	0.0000	0.0000	0.0000	0.0000
713	0.0000	0.0000	0.0000	0.0000	0.0000	0.0000	0.0000	0.0000	0.0000	0.0000
714	0.0000	0.0000	0.0000	0.0000	0.0000	0.0000	0.0000	0.0000	0.0000	0.0000
715	0.0000	0.0000	0.0000	0.0000	0.0000	0.0000	0.0000	0.0000	0.0000	0.0000
716	0.0000	0.0000	0.0000	0.0000	0.0000	0.0000	0.0000	0.0000	0.0000	0.0000
717	0.0000	0.0000	0.0000	0.0000	0.0000	0.0000	0.0000	0.0000	0.0000	0.0000
718	0.0000	0.0000	0.0000	0.0000	0.0000	0.0000	0.0000	0.0000	0.0000	0.0000
719	0.0000	0.0000	0.0000	0.0000	0.0000	0.0000	0.0000	0.0000	0.0000	0.0000
720	0.0000	0.0000	0.0000	0.0000	0.0000	0.0000	0.0000	0.0000	0.0000	0.0000
721	0.0000	0.0000	0.0000	0.0000	0.0000	0.0000	0.0000	0.0000	0.0000	0.0000
722	0.0000	0.0000	0.0000	0.0000	0.0000	0.0000	0.0000	0.0000	0.0000	0.0000
723	0.0000	0.0000	0.0000	0.0000	0.0000	0.0000	0.0000	0.0000	0.0000	0.0000
724	0.0000	0.0000	0.0000	0.0000	0.0000	0.0000	0.0000	0.0000	0.0000	0.0000
725	0.0000	0.0000	0.0000	0.0000	0.0000	0.0000	0.0000	0.0000	0.0000	0.0000
726	0.0000	0.0000	0.0000	0.0000	0.0000	0.0000	0.0000	0.0000	0.0000	0.0000
727	0.0000	0.0000	0.0000	0.0000	0.0000	0.0000	0.0000	0.0000	0.0000	0.0000
728	0.0000	0.0000	0.0000	0.0000	0.0000	0.0000	0.0000	0.0000	0.0000	0.0000
729	0.0000	0.0000	0.0000	0.0000	0.0000	0.0000	0.0000	0.0000	0.0000	0.0000
730	0.0000	0.0000	0.0000	0.0000	0.0000	0.0000	0.0000	0.0000	0.0000	0.0000
731	0.0000	0.0000	0.0000	0.0000	0.0000	0.0000	0.0000	0.0000	0.0000	0.0000
732	0.0000	0.0000	0.0000	0.0000	0.0000	0.0000	0.0000	0.0000	0.0000	0.0000
733	0.0000	0.0000	0.0000	0.0000	0.0000	0.0000	0.0000	0.0000	0.0000	0.0000
734	0.0000	0.0000	0.0000	0.0000	0.0000	0.0000	0.0000	0.0000	0.0000	0.0000
735	0.0000	0.0000	0.0000	0.0000	0.0000	0.0000	0.0000	0.0000	0.0000	0.0000
736	0.0000	0.0000	0.0000	0.0000	0.0000	0.0000	0.0000	0.0000	0.0000	0.0000
737	0.0000	0.0000	0.0000	0.0000	0.0000	0.0000	0.0000	0.0000	0.0000	0.0000
738	0.0000	0.0000	0.0000	0.0000	0.0000	0.0000	0.0000	0.0000	0.0000	0.0000
739	0.0000	0.0000	0.0000	0.0000	0.0000	0.0000	0.0000	0.0000	0.0000	0.0000
740	0.0000	0.0000	0.0000	0.0000	0.0000	0.0000	0.0000	0.0000	0.0000	0.0000
741	0.0000	0.0000	0.0000	0.0000	0.0000	0.0000	0.0000	0.0000	0.0000	0.0000
742	0.0000	0.0000	0.0000	0.0000	0.0000	0.0000	0.0000	0.0000	0.0000	0.0000
743	0.0000	0.0000	0.0000	0.0000	0.0000	0.0000	0.0000	0.0000	0.0000	0.0000
744	0.0000	0.0000	0.0000	0.0000	0.0000	0.0000	0.0000	0.0000	0.0000	0.0000
745	0.0000	0.0000	0.0000	0.0000	0.0000	0.0000	0.0000	0.0000	0.0000	0.0000
746	0.0000	0.0000	0.0000	0.0000	0.0000	0.0000	0.0000	0.0000	0.0000	0.0000
747	0.0000	0.0000	0.0000	0.0000	0.0000	0.0000	0.0000	0.0000	0.0000	0.0000
748	0.0000	0.0000	0.0000	0.0000	0.0000	0.0000	0.0000	0.0000	0.0000	0.0000
749	0.0000	0.0000	0.0000	0.0000	0.0000	0.0000	0.0000	0.0000	0.0000	0.0000
750	0.0000	0.0000	0.0000	0.0000	0.0000	0.0000	0.0000	0.0000	0.0000	0.0000
751	0.0000	0.0000	0.0000	0.0000	0.0000	0.0000	0.0000	0.0000	0.0000	0.0000
752	0.0000	0.0000	0.0000	0.0000	0.0000	0.0000	0.0000	0.0000	0.0000	0.0000
753	0.0000	0.0000	0.0000	0.0000	0.0000	0.0000	0.0000	0.0000	0.0000	0.0000
754	0.0000	0.0000	0.0000	0.0000	0.0000	0.0000	0.0000	0.0000	0.0000	0.0000
755	0.0000	0.0000	0.0000	0.0000	0.0000	0.0000	0.0000	0.0000	0.0000	0.0000
756	0.0000	0.0000	0.0000	0.0000	0.0000	0.0000	0.0000	0.0000	0.0000	0.0000
757	0.0000	0.0000	0.0000	0.0000	0.0000	0.0000	0.0000	0.0000	0.0000	0.0000
758	0.0000	0.0000	0.0000	0.0000	0.0000	0.0000	0.0000	0.0000	0.0000	0.0000
759	0.0000	0.0000	0.0000	0.0000	0.0000	0.0000	0.0000	0.0000	0.0000	0.0000
760	0.0000	0.0000	0.0000	0.0000	0.0000	0.0000	0.0000	0.0000	0.0000	0.0000
761	0.0000	0.0000	0.0000	0.0000	0.0000	0.0000	0.0000	0.0000	0.0000	0.0000
762	0.0000	0.0000	0.0000	0.0000	0.0000	0.0000	0.0000	0.0000	0.0000	0.0000
763	0.0000	0.0000	0.0000	0.0000	0.0000	0.0000	0.0000	0.0000	0.0000	0.0000
764	0.0000	0.0000	0.0000	0.0000	0.0000	0.0000	0.0000	0.0000	0.0000	0.0000
765	0.0000	0.0000	0.0000	0.0000	0.0000	0.0000	0.0000	0.0000	0.0000	0.0000
766	0.0000	0.0000	0.0000	0.0000	0.0000	0.0000	0.0000	0.0000	0.0000	0.0000
767	0.0000	0.0000	0.0000	0.0000	0.0000	0.0000	0.0000	0.0000	0.0000	0.0000
768	0.0000	0.0000	0.0000	0.0000	0.0000	0.0000	0.0000	0.0000	0.0000	0.0000
769	0.0000	0.0000	0.0000	0.0000	0.0000	0.0000	0.0000	0.0000	0.0000	0.0000
770	0.0000	0.0000	0.0000	0.0000	0.0000	0.0000	0.0000	0.0000	0.0000	0.0000
771	0.0000	0.0000	0.0000	0.0000	0.0000	0.0000	0.0000	0.0000	0.0000	0.0000
772	0.0000	0.0000	0.0000	0.0000	0.0000	0.0000	0.0000	0.0000	0.0000	0.0000
773	0.0000	0.0000	0.0000	0.0000	0.0000	0.0000	0.0000	0.0000	0.0000	0.0000
774	0.0000	0.0000	0.0000	0.0000	0.0000	0.0000	0.0000	0.0000	0.0000	0.0000
775	0.0000	0.0000	0.0000	0.0000	0.0000	0.0000	0.0000	0.0000	0.0000	0.0000
776	0.0000	0.0000	0.0000	0.0000	0.0000	0.0000	0.0000	0.0000	0.0000	0.0000
777	0.0000	0.0000	0.0000	0.0000	0.0000	0.0000	0.0000	0.0000	0.0000	0.0000
778	0.0000	0.0000	0.0000	0.0000	0.0000	0.0000	0.0000	0.0000	0.0000	0.0000
779	0.0000	0.0000	0.0000	0.0000	0.0000	0.0000	0.0000	0.0000	0.0000	0.0000
780	0.0000	0.0000	0.0000	0.0000	0.0000	0.0000	0.0000	0.0000	0.0000	0.0000
781	0.0000	0.0000	0.0000	0.0000	0.0000	0.0000	0.0000	0.0000	0.0000	0.0000
782	0.0000	0.0000	0.0000	0.0000	0.0000	0.0000	0.0000	0.0000	0.0000	0.0000
783	0.0000	0.0000	0.0000	0.0000	0.0000	0.0000	0.0000	0.0000	0.0000	0.0000
784	0.0000	0.0000	0.0000	0.0000	0.0000	0.0000	0.0000	0.0000	0.0000	0.0000
785	0.0000	0.0000	0.0000	0.0000	0.0000	0.0000	0.0000	0.0000	0.0000	0.0000
786	0.0000	0.0000	0.0000	0.0000	0.0000	0.0000	0.0000	0.0000	0.0000	0.0000
787	0.0000	0.0000	0.0000	0.0000	0.0000	0.0000	0.0000	0.0000	0.0000	0.0000
788	0.0000	0.0000	0.0000	0.0000	0.0000	0.0000	0.0000	0.0000	0.0000	0.0000
789	0.0000	0.0000	0.0000	0.0000	0.0000	0.0000	0.0000	0.0000	0.0000	0.0000
790	0.0000	0.0000	0.0000	0.0000	0.0000	0.0000	0.0000	0.0000	0.0000	0.0000
791	0.0000	0.0000	0.0000	0.0000	0.0000	0.0000	0.0000	0.0000	0.0000	0.0000
792	0.0000	0.0000	0.0000	0.0000	0.0000	0.0000	0.0000	0.0000	0.0000	0.0000
793	0.0000	0.0000	0.0000	0.0000	0.0000	0.0000	0.0000	0.0000	0.0000	0.0000
794	0.0000	0.0000	0.0000	0.0000	0.0000	0.0000	0.0000	0.0000	0.0000	0.0000
795	0.0000	0.0000	0.0000	0.0000	0.0000	0.0000	0.0000	0.0000	0.0000	0.0000
796	0.0000	0.0000	0.0000	0.0000	0.0000	0.0000	0.0000	0.0000	0.0000	0.0000
797	0.0000	0.0000	0.0000	0.0000	0.0000	0.0000	0.0000	0.0000	0.0000	0.0000
798	0.0000	0.0000	0.0000	0.0000	0.0000	0.0000	0.0000	0.0000	0.0000	0.0000
799	0.0000	0.0000	0.0000	0.0000	0.0000	0.0000	0.0000	0.0000	0.0000	0.0000
800	0.0000	0.0000	0.0000	0.0000	0.0000	0.0000	0.0000	0.0000	0.0000	0.0000
801	0.0000	0.0000	0.0000	0.0000	0.0000	0.0000	0.0000	0.0000	0.0000	0.0000
802	0.0000	0.0000	0.0000	0.0000	0.0000	0.0000	0.0000	0.0000	0.0000	0.0000
803	0.0000	0.0000	0.0000	0.0000	0.0000	0.0000	0.0000	0.0000	0.0000	0.0000
804	0.0000	0.0000	0.0000	0.0000	0.0000	0.0000	0.0000	0.0000	0.0000	0.0000
805	0.0000	0.0000	0.0000	0.0000	0.0000	0.0000	0.0000	0.0000	0.0000	0.0000
806	0.0000	0.0000	0.0000	0.0000	0.0000	0.0000	0.0000	0.0000	0.0000	0.0000
807	0.0000	0.0000	0.0000	0.0000	0.0000	0.0000	0.0000	0.0000	0.0000	0.0000
808	0.0000	0.0000	0.0000	0.0000	0.0000	0.0000	0.0000	0.0000	0.0000	0.0000
809	0.0000	0.0000	0.0000	0.0000	0.0000	0.0000	0.0000	0.0000	0.0000	0.0000
810	0.0000	0.0000	0.0000	0.0000	0.0000	0.0000	0.0000	0.0000	0.0000	0.0000
811	0.0000	0.0000	0.0000	0.0000	0.0000	0.0000	0.0000	0.0000	0.0000	0.0000
812	0.0000	0.0000	0.0000	0.0000	0.0000	0.0000	0.0000	0.0000	0.0000	0.0000
813	0.0000	0.0000	0.0000	0.0000	0.0000	0.0000	0.0000	0.0000	0.0000	0.0000
814	0.0000	0.0000	0.0000	0.0000	0.0000	0.0000	0.0000	0.0000	0.0000	0.0000
815	0.0000	0.0000	0.0000	0.0000	0.0000	0.0000	0.0000	0.0000	0.0000	0.0000
816	0.0000	0.0000	0.0000	0.0000	0.0000	0.0000	0.0000	0.0000	0.0000	0.0000
817	0.0000	0.0000	0.0000	0.0000	0.0000	0.0000	0.0000	0.0000	0.0000	0.0000
818	0.0000	0.0000	0.0000	0.0000	0.0000	0.0000	0.0000	0.0000	0.0000	0.0000
819	0.0000	0.0000	0.0000	0.0000	0.0000	0.0000	0.0000	0.0000	0.0000	0.0000
820	0.0000	0.0000	0.0000	0.0000	0.0000	0.0000	0.0000	0.0000	0.0000	0.0000
821	0.0000	0.0000	0.0000	0.0000	0.0000	0.0000	0.0000	0.0000	0.0000	0.0000
822	0.0000	0.0000	0.0000	0.0000	0.0000	0.0000	0.0000	0.0000	0.0000	0.0000
823	0.0000	0.0000	0.0000	0.0000	0.0000	0.0000	0.0000	0.0000	0.0000	0.0000
824	0.0000	0.0000	0.0000	0.0000	0.0000	0.0000	0.0000	0.0000	0.0000	0.0000
825	0.0000	0.0000	0.0000	0.0000	0.0000	0.0000	0.0000	0.0000	0.0000	0.0000
826	0.0000	0.0000	0.0000	0.0000	0.0000	0.0000	0.0000	0.0000	0.0000	0.0000
827	0.0000	0.0000	0.0000	0.0000	0.0000	0.0000	0.0000	0.0000	0.0000	0.0000
828	0.0000	0.0000	0.0000	0.0000	0.0000	0.0000	0.0000	0.0000	0.0000	0.0000
829	0.0000	0.0000	0.0000	0.0000	0.0000	0.0000	0.0000	0.0000	0.0000	0.0000
830	0.0000	0.0000	0.0000	0.0000	0.0000	0.0000	0.0000	0.0000	0.0000	0.0000
831	0.0000	0.0000	0.0000	0.0000	0.0000	0.0000	0.0000	0.0000	0.0000	0.0000
832	0.0000	0.0000	0.0000	0.0000	0.0000	0.0000	0.0000	0.0000	0.0000	0.0000
833	0.0000	0.0000	0.0000	0.0000	0.0000	0.0000	0.0000	0.0000	0.0000	0.0000
834	0.0000	0.0000	0.0000	0.0000	0.0000	0.0000	0.0000	0.0000	0.0000	0.0000
835	0.0000	0.0000	0.0000	0.0000	0.0000	0.0000	0.0000	0.0000	0.0000	0.0000
836	0.0000	0.0000	0.0000	0.0000	0.0000	0.0000	0.0000	0.0000	0.0000	0.0000
837	0.0000	0.0000	0.0000	0.0000	0.0000	0.0000	0.0000	0.0000	0.0000	0.0000
838	0.0000	0.0000	0.0000	0.0000	0.0000	0.0000	0.0000	0.0000	0.0000	0.0000
839	0.0000	0.0000	0.0000	0.0000	0.0000	0.0000	0.0000	0.0000	0.0000	0.0000
840	0.0000	0.0000	0.0000	0.0000	0.0000	0.0000	0.0000	0.0000	0.0000	0.0000
841	0.0000	0.0000	0.0000	0.0000	0.0000	0.0000	0.0000	0.0000	0.0000	0.0000
842	0.0000	0.0000	0.0000	0.0000	0.0000	0.0000	0.0000	0.0000	0.0000	0.0000
843	0.0000	0.0000	0.0000	0.0000	0.0000	0.0000	0.0000	0.0000	0.0000	0.0000
844	0.0000	0.0000	0.0000	0.0000	0.0000	0.0000	0.0000	0.0000	0.0000	0.0000
845	0.0000	0.0000	0.0000	0.0000	0.0000	0.0000	0.0000	0.0000	0.0000	0.0000
846	0.0000	0.0000	0.0000	0.0000	0.0000	0.0000	0.0000	0.0000	0.0000	0.0000
847	0.0000	0.0000	0.0000	0.0000	0.0000	0.0000	0.0000	0.0000	0.0000	0.0000
848	0.0000	0.0000	0.0000	0.0000	0.0000	0.0000	0.0000	0.0000	0.0000	0.0000
849	0.0000	0.0000	0.0000	0.0000	0.0000	0.0000	0.0000	0.0000	0.0000	0.0000
850	0.0000	0.0000	0.0000	0.0000	0.0000	0.0000	0.0000	0.0000	0.0000	0.0000
851	0.0000	0.0000	0.0000	0.0000	0.0000	0.0000	0.0000	0.0000	0.0000	0.0000
852	0.0000	0.0000	0.0000	0.0000	0.0000	0.0000	0.0000	0.0000	0.0000	0.0000
853	0.0000	0.0000	0.0000	0.0000	0.0000	0.0000	0.0000	0.0000	0.0000	0.0000
854	0.0000	0.0000	0.0000	0.0000	0.0000	0.0000	0.0000	0.0000	0.0000	0.0000
855	0.0000	0.0000	0.0000	0.0000	0.0000	0.0000	0.0000	0.0000	0.0000	0.0000
856	0.0000	0.0000	0.0000	0.0000	0.0000	0.0000	0.0000	0.0000	0.0000	0.0000
857	0.0000	0.0000	0.0000	0.0000	0.0000	0.0000	0.0000	0.0000	0.0000	0.0000
858	0.0000	0.0000	0.0000	0.0000	0.0000	0.0000	0.0000	0.0000	0.0000	0.0000
859	0.0000	0.0000	0.0000	0.0000	0.0000	0.0000	0.0000	0.0000	0.0000	0.0000
860	0.0000	0.0000	0.0000	0.0000	0.0000	0.0000	0.0000	0.0000	0.0000	0.0000
861	0.0000	0.0000	0.0000	0.0000	0.0000	0.0000	0.0000	0.0000	0.0000	0.0000
862	0.0000	0.0000	0.0000	0.0000	0.0000	0.0000	0.0000	0.0000	0.0000	0.0000
863	0.0000	0.0000	0.0000	0.0000	0.0000	0.0000	0.0000	0.0000	0.0000	0.0000
864	0.0000	0.0000	0.0000	0.0000	0.0000	0.0000	0.0000	0.0000	0.0000	0.0000
865	0.0000	0.0000	0.0000	0.0000	0.0000	0.0000	0.0000	0.0000	0.0000	0.0000
866	0.0000	0.0000	0.0000	0.0000	0.0000	0.0000	0.0000	0.0000	0.0000	0.0000
867	0.0000	0.0000	0.0000	0.0000	0.0000	0.0000	0.0000	0.0000	0.0000	0.0000
868	0.0000	0.0000	0.0000	0.0000	0.0000	0.0000	0.0000	0.0000	0.0000	0.0000
869	0.0000	0.0000	0.0000	0.0000	0.0000	0.0000	0.0000	0.0000	0.0000	0.0000
870	0.0000	0.0000	0.0000	0.0000	0.0000	0.0000	0.0000	0.0000	0.0000	0.0000
871	0.0000	0.0000	0.0000	0.0000	0.0000	0.0000	0.0000	0.0000	0.0000	0.0000
872	0.0000	0.0000	0.0000	0.0000	0.0000	0.0000	0.0000	0.0000	0.0000	0.0000
873	0.0000	0.0000	0.0000	0.0000	0.0000	0.0000	0.0000	0.0000	0.0000	0.0000
874	0.0000	0.0000	0.0000	0.0000	0.0000	0.0000	0.0000	0.0000	0.0000	0.0000
875	0.0000	0.0000	0.0000	0.0000	0.0000	0.0000	0.0000	0.0000	0.0000	0.0000
876	0.0000	0.0000	0.0000	0.0000	0.0000	0.0000	0.0000	0.0000	0.0000	0.0000
877	0.0000	0.0000	0.0000	0.0000	0.0000	0.0000	0.0000	0.0000	0.0000	0.0000
878	0.0000	0.0000	0.0000	0.0000	0.0000	0.0000	0.0000	0.0000	0.0000	0.0000
879	0.0000	0.0000	0.0000	0.0000	0.0000	0.0000	0.0000	0.0000	0.0000	0.0000
880	0.0000	0.0000	0.0000	0.0000	0.0000	0.0000	0.0000	0.0000	0.0000	0.0000
881	0.0000	0.0000	0.0000	0.0000	0.0000	0.0000	0.0000	0.0000	0.0000	0.0000
882	0.0000	0.0000	0.0000	0.0000	0.0000	0.0000	0.0000	0.0000	0.0000	0.0000
883	0.0000	0.0000	0.0000	0.0000	0.0000	0.0000	0.0000	0.0000	0.0000	0.0000
884	0.0000	0.0000	0.0000	0.0000	0.0000	0.0000	0.0000	0.0000	0.0000	0.0000
885	0.0000	0.0000	0.0000	0.0000	0.0000	0.0000	0.0000	0.0000	0.0000	0.0000
886	0.0000	0.0000	0.0000	0.0000	0.0000	0.0000	0.0000	0.0000	0.0000	0.0000
887	0.0000	0.0000	0.0000	0.0000	0.0000	0.0000	0.0000	0.0000	0.0000	0.0000
888	0.0000	0.0000	0.0000	0.0000	0.0000	0.0000	0.0000	0.0000	0.0000	0.0000
889	0.0000	0.0000	0.0000	0.0000	0.0000	0.0000	0.0000	0.0000	0.0000	0.0000
890	0.0000	0.0000	0.0000	0.0000	0.0000	0.0000	0.0000	0.0000	0.0000	0.0000
891	0.0000	0.0000	0.0000	0.0000	0.0000	0.0000	0.0000	0.0000	0.0000	0.0000
892	0.0000	0.0000	0.0000	0.0000	0.0000	0.0000	0.0000	0.0000	0.0000	0.0000
893	0.0000	0.0000	0.0000	0.0000	0.0000	0.0000	0.0000	0.0000	0.0000	0.0000
894	0.0000	0.0000	0.0000	0.0000	0.0000	0.0000	0.0000	0.0000	0.0000	0.0000
895	0.0000	0.0000	0.0000	0.0000	0.0000	0.0000	0.0000	0.0000	0.0000	0.0000
896	0.0000	0.0000	0.0000	0.0000	0.0000	0.0000	0.0000	0.0000	0.0000	0.0000
897	0.0000	0.0000	0.0000	0.0000	0.0000	0.0000	0.0000	0.0000	0.0000	0.0000
898	0.0000	0.0000	0.0000	0.0000	0.0000	0.0000	0.0000	0.0000	0.0000	0.0000
899	0.0000	0.0000	0.0000	0.0000	0.0000	0.0000	0.0000	0.0000	0.0000	0.0000
900	0.0000	0.0000	0.0000	0.0000	0.0000	0.0000	0.0000	0.0000	0.0000	0.0000
901	0.0000	0.0000	0.0000	0.0000	0.0000	0.0000	0.0000	0.0000	0.0000	0.0000
902	0.0000	0.0000	0.0000	0.0000	0.0000	0.0000	0.0000	0.0000	0.0000	0.0000
903	0.0000	0.0000	0.0000	0.0000	0.0000	0.0000	0.0000	0.0000	0.0000	0.0000
904	0.0000	0.0000	0.0000	0.0000	0.0000	0.0000	0.0000	0.0000	0.0000	0.0000
905	0.0000	0.0000	0.0000	0.0000	0.0000	0.0000	0.0000	0.0000	0.0000	0.0000
906	0.0000	0.0000	0.0000	0.0000	0.0000	0.0000	0.0000	0.0000	0.0000	0.0000
907	0.0000	0.0000	0.0000	0.0000	0.0000	0.0000	0.0000	0.0000	0.0000	0.0000
908	0.0000	0.0000	0.0000	0.0000	0.0000	0.0000	0.0000	0.0000	0.0000	0.0000
909	0.0000	0.0000	0.0000	0.0000	0.0000	0.0000	0.0000	0.0000	0.0000	0.0000
910	0.0000	0.0000	0.0000	0.0000	0.0000	0.0000	0.0000	0.0000	0.0000	0.0000
911	0.0000	0.0000	0.0000	0.0000	0.0000	0.0000	0.0000	0.0000	0.0000	0.0000
912	0.0000	0.0000	0.0000	0.0000	0.0000	0.0000	0.0000	0.0000	0.0000	0.0000
913	0.0000	0.0000	0.0000	0.0000	0.0000	0.0000	0.0000	0.0000	0.0000	0.0000
914	0.0000	0.0000	0.0000	0.0000	0.0000	0.0000	0.0000	0.0000	0.0000	0.0000
915	0.0000	0.0000	0.0000	0.0000	0.0000	0.0000	0.0000	0.0000	0.0000	0.0000
916	0.0000	0.0000	0.0000	0.0000	0.0000	0.0000	0.0000	0.0000	0.0000	0.0000
917	0.0000	0.0000	0.0000	0.0000	0.0000	0.0000	0.0000	0.0000	0.0000	0.0000
918	0.0000	0.0000	0.0000	0.0000	0.0000	0.0000	0.0000	0.0000	0.0000	0.0000
919	0.0000	0.0000	0.0000	0.0000	0.0000	0.0000	0.0000	0.0000	0.0000	0.0000
920	0.0000	0.0000	0.0000	0.0000	0.0000	0.0000	0.0000	0.0000	0.0000	0.0000
921	0.0000	0.0000	0.0000	0.0000	0.0000	0.0000	0.0000	0.0000	0.0000	0.0000
922	0.0000	0.0000	0.0000	0.0000	0.0000	0.0000	0.0000	0.0000	0.0000	0.0000
923	0.0000	0.0000	0.0000	0.0000	0.0000	0.0000	0.0000	0.0000	0.0000	0.0000
924	0.0000	0.0000	0.0000	0.0000	0.0000	0.0000	0.0000	0.0000	0.0000	0.0000
925	0.0000	0.0000	0.0000	0.0000	0.0000	0.0000	0.0000	0.0000	0.0000	0.0000
926	0.0000	0.0000	0.0000	0.0000	0.0000	0.0000	0.0000	0.0000	0.0000	0.0000
927	0.0000	0.0000	0.0000	0.0000	0.0000	0.0000	0.0000	0.0000	0.0000	0.0000
928	0.0000	0.0000	0.0000	0.0000	0.0000	0.0000	0.0000	0.0000	0.0000	0.0000
929	0.0000	0.0000	0.0000	0.0000	0.0000	0.0000	0.0000	0.0000	0.0000	0.0000
930	0.0000	0.0000	0.0000	0.0000	0.0000	0.0000	0.0000	0.0000	0.0000	0.0000
931	0.0000	0.0000	0.0000	0.0000	0.0000	0.0000	0.0000	0.0000	0.0000	0.0000
932	0.0000	0.0000	0.0000	0.0000	0.0000	0.0000	0.0000	0.0000	0.0000	0.0000
933	0.0000	0.0000	0.0000	0.0000	0.0000	0.0000	0.0000	0.0000	0.0000	0.0000
934	0.0000	0.0000	0.0000	0.0000	0.0000	0.0000	0.0000	0.0000	0.0000	0.0000
935	0.0000	0.0000	0.0000	0.0000	0.0000	0.0000	0.0000	0.0000	0.0000	0.0000
936	0.0000	0.0000	0.0000	0.0000	0.0000	0.0000	0.0000	0.0000	0.0000	0.0000
937	0.0000	0.0000	0.0000	0.0000	0.0000	0.0000	0.0000	0.0000	0.0000	0.0000
938	0.0000	0.0000	0.0000	0.0000	0.0000	0.0000	0.0000	0.0000	0.0000	0.0000
939	0.0000	0.0000	0.0000	0.0000	0.0000	0.0000	0.0000	0.0000	0.0000	0.0000
940	0.0000	0.0000	0.0000	0.0000	0.0000	0.0000	0.0000	0.0000	0.0000	0.0000
941	0.0000	0.0000	0.0000	0.0000	0.0000	0.0000	0.0000	0.0000	0.0000	0.0000
942	0.0000	0.0000	0.0000	0.0000	0.0000	0.0000	0.0000	0.0000	0.0000	0.0000
943	0.0000	0.0000	0.0000	0.0000	0.0000	0.0000	0.0000	0.0000	0.0000	0.0000
944	0.0000	0.0000	0.0000	0.0000	0.0000	0.0000	0.0000	0.0000	0.0000	0.0000
945	0.0000	0.0000	0.0000	0.0000	0.0000	0.0000	0.0000	0.0000	0.0000	0.0000
946	0.0000	0.0000	0.0000	0.0000	0.0000	0.0000	0.0000	0.0000	0.0000	0.0000
947	0.0000	0.0000	0.0000	0.0000	0.0000	0.0000	0.0000	0.0000	0.0000	0.0000
948	0.0000	0.0000	0.0000	0.0000	0.0000	0.0000	0.0000	0.0000	0.0000	0.0000
949	0.0000	0.0000	0.0000	0.0000	0.0000	0.0000	0.0000	0.0000	0.0000	0.0000
950	0.0000	0.0000	0.0000	0.0000	0.0000	0.0000	0.0000	0.0000	0.0000	0.0000
951	0.0000	0.0000	0.0000	0.0000	0.0000	0.0000	0.0000	0.0000	0.0000	0.0000
952	0.0000	0.0000	0.0000	0.0000	0.0000	0.0000	0.0000	0.0000	0.0000	0.0000
953	0.0000	0.0000	0.0000	0.0000	0.0000	0.0000	0.0000	0.0000	0.0000	0.0000
954	0.0000	0.0000	0.0000	0.0000	0.0000	0.0000	0.0000	0.0000	0.0000	0.0000
955	0.0000	0.0000	0.0000	0.0000	0.0000	0.0000	0.0000	0.0000	0.0000	0.0000
956	0.0000	0.0000	0.0000	0.0000	0.0000	0.0000	0.0000	0.0000	0.0000	0.0000
957	0.0000	0.0000	0.0000	0.0000	0.0000	0.0000	0.0000	0.0000	0.0000	0.0000
958	0.0000	0.0000	0.0000	0.0000	0.0000	0.0000	0.0000	0.0000	0.0000	0.0000
959	0.0000	0.0000	0.0000	0.0000	0.0000	0.0000	0.0000	0.0000	0.0000	0.0000
960	0.0000	0.0000	0.0000	0.0000	0.0000	0.0000	0.0000	0.0000	0.0000	0.0000
961	0.0000	0.0000	0.0000	0.0000	0.0000	0.0000	0.0000	0.0000	0.0000	0.0000
962	0.0000	0.0000	0.0000	0.0000	0.0000	0.0000	0.0000	0.0000	0.0000	0.0000
963	0.0000	0.0000	0.0000	0.0000	0.0000	0.0000	0.0000	0.0000	0.0000	0.0000
964	0.0000	0.0000	0.0000	0.0000	0.0000	0.0000	0.0000	0.0000	0.0000	0.0000
965	0.0000	0.0000	0.0000	0.0000	0.0000	0.0000	0.0000	0.0000	0.0000	0.0000
966	0.0000	0.0000	0.0000	0.0000	0.0000	0.0000	0.0000	0.0000	0.0000	0.0000
967	0.0000	0.0000	0.0000	0.0000	0.0000	0.0000	0.0000	0.0000	0.0000	0.0000
968	0.0000	0.0000	0.0000	0.0000	0.0000	0.0000	0.0000	0.0000	0.0000	0.0000
969	0.0000	0.0000	0.0000	0.0000	0.0000	0.0000	0.0000	0.0000	0.0000	0.0000
970	0.0000	0.0000	0.0000	0.0000	0.0000	0.0000	0.0000	0.0000	0.0000	0.0000
971	0.0000	0.0000	0.0000	0.0000	0.0000	0.0000	0.0000	0.0000	0.0000	0.0000
972	0.0000	0.0000	0.0000	0.0000	0.0000	0.0000	0.0000	0.0000	0.0000	0.0000
973	0.0000	0.0000	0.0000	0.0000	0.0000	0.0000	0.0000	0.0000	0.0000	0.0000
974	0.0000	0.0000	0.0000	0.0000	0.0000	0.0000	0.0000	0.0000	0.0000	0.0000
975	0.0000	0.0000	0.0000	0.0000	0.0000	0.0000	0.0000	0.0000	0.0000	0.0000
976	0.0000	0.0000	0.0000	0.0000	0.0000	0.0000	0.0000	0.0000	0.0000	0.0000
977	0.0000	0.0000	0.0000	0.0000	0.0000	0.0000	0.0000	0.0000	0.0000	0.0000
978	0.0000	0.0000	0.0000	0.0000	0.0000	0.0000	0.0000	0.0000	0.0000	0.0000
979	0.0000	0.0000	0.0000	0.0000	0.0000	0.0000	0.0000	0.0000	0.0000	0.0000
980	0.0000	0.0000	0.0000	0.0000	0.0000	0.0000	0.0000	0.0000	0.0000	0.0000
981	0.0000	0.0000	0.0000	0.0000	0.0000	0.0000	0.0000	0.0000	0.0000	0.0000
982	0.0000	0.0000	0.0000	0.0000	0.0000	0.0000	0.0000	0.0000	0.0000	0.0000
983	0.0000	0.0000	0.0000	0.0000	0.0000	0.0000	0.0000	0.0000	0.0000	0.0000
984	0.0000	0.0000	0.0000	0.0000	0.0000	0.0000	0.0000	0.0000	0.0000	0.0000
985	0.0000	0.0000	0.0000	0.0000	0.0000	0.0000	0.0000	0.0000	0.0000	0.0000
986	0.0000	0.0000	0.0000	0.0000	0.0000	0.0000	0.0000	0.0000	0.0000	0.0000
987	0.0000	0.0000	0.0000	0.0000	0.0000	0.0000	0.0000	0.0000	0.0000	0.0000
988	0.0000	0.0000	0.0000	0.0000	0.0000	0.0000	0.0000	0.0000	0.0000	0.0000
989	0.0000	0.0000	0.0000	0.0000	0.0000	0.0000	0.0000	0.0000	0.0000	0.0000
990	0.0000	0.0000	0.0000	0.0000	0.0000	0.0000	0.0000	0.0000	0.0000	0.0000
991	0.0000	0.0000	0.0000	0.0000	0.0000	0.0000	0.0000	0.0000	0.0000	0.0000
992	0.0000	0.0000	0.0000	0.0000	0.0000	0.0000	0.0000	0.0000	0.0000	0.0000
993	0.0000	0.0000	0.0000	0.0000	0.0000	0.0000	0.0000	0.0000	0.0000	0.0000
994	0.0000	0.0000	0.0000	0.0000	0.0000	0.0000	0.0000	0.0000	0.0000	0.0000
995	0.0000	0.0000	0.0000	0.0000	0.0000	0.0000	0.0000	0.0000	0.0000	0.0000
996	0.0000	0.0000	0.0000	0.0000	0.0000	0.0000	0.0000	0.0000	0.0000	0.0000
997	0.0000	0.0000	0.0000	0.0000	0.0000	0.0000	0.0000	0.0000	0.0000	0.0000
998	0.0000	0.0000	0.0000	0.0000	0.0000	0.0000	0.0000	0.0000	0.0000	0.0000
999	0.0000	0.0000	0.0000	0.0000	0.0000	0.0000	0.0000	0.0000	0.0000	0.0000
