s	phi-2.0	phi-2.1	phi-2.2	phi-2.3	phi-2.4	phi-2.5	phi-2.6	phi-2.7	phi-2.8	phi-2.9
0	191780.3144	145489.6768	109270.6906	81249.0100	59810.1457	43588.6609	31449.4862	22464.3783	15886.0349	11121.8312
1	182126.2499	137914.4125	103386.1164	76723.5681	56364.7850	40991.8813	29511.8995	21033.1404	14839.4223	10364.1573
2	172958.1631	130733.5722	97818.4452	72450.1861	53117.8942	38549.8039	27693.6864	19693.0888	13861.7633	9658.0998
3	164251.5904	123926.6194	92550.6109	68414.8247	50058.0404	36253.2125	25987.4926	18438.4137	12948.5149	9000.1424
4	155983.2994	117474.0867	87566.4662	64604.2267	47174.4493	34093.4397	24386.4164	17263.6759	12095.4337	8387.0084
5	148131.2274	111357.5204	82850.7335	61005.8729	44456.9673	32062.3347	22883.9818	16163.7822	11298.5556	7815.6440
6	140674.4223	105559.4276	78388.9580	57607.9418	41896.0258	30152.2320	21474.1113	15133.9644	10554.1779	7283.2038
7	133592.9867	100063.2262	74167.4633	54399.2701	39482.6072	28355.9231	20151.1023	14169.7578	9858.8417	6787.0361
8	126868.0248	94853.1975	70173.3096	51369.3164	37208.2134	26666.6286	18909.6032	13266.9821	9209.3161	6324.6697
9	120481.5920	89914.4413	66394.2537	48508.1263	35064.8360	25077.9733	17744.5922	12421.7236	8602.5828	5893.8021
10	114416.6470	85232.8332	62818.7120	45806.3000	33044.9278	23583.9616	16651.3569	11630.3177	8035.8227	5492.2872
11	108657.0064	80794.9840	59435.7246	43254.9612	31141.3763	22178.9551	15625.4753	10889.3334	7506.4022	5118.1255
12	103187.3014	76588.2020	56234.9218	40845.7279	29347.4787	20857.6515	14662.7978	10195.5583	7011.8612	4769.4536
13	97992.9368	72600.4560	53206.4924	38570.6852	27656.9186	19615.0640	13759.4303	9545.9846	6549.9019	4444.5349
14	93060.0524	68820.3414	50341.1536	36422.3587	26063.7431	18446.5032	12911.7188	8937.7962	6118.3776	4141.7513
15	88375.4853	65237.0475	47630.1224	34393.6906	24562.3424	17347.5591	12116.2344	8368.3564	5715.2833	3859.5948
16	83926.7355	61840.3263	45065.0888	32478.0162	23147.4298	16314.0842	11369.7594	7835.1963	5338.7458	3596.6602
17	79701.9322	58620.4633	42638.1905	30669.0418	21814.0232	15342.1782	10669.2744	7336.0047	4987.0156	3351.6379
18	75689.8019	55568.2502	40341.9883	28960.8245	20557.4274	14428.1731	10011.9458	6868.6173	4658.4583	3123.3078
19	71879.6391	52674.9577	38169.4439	27347.7521	19373.2177	13568.6196	9395.1150	6431.0078	4351.5472	2910.5327
20	68261.2767	49932.3114	36113.8980	25824.5254	18257.2244	12760.2738	8816.2867	6021.2790	4064.8561	2712.2529
21	64825.0598	47332.4675	34169.0498	24386.1399	17205.5179	12000.0848	8273.1198	5637.6547	3797.0530	2527.4809
22	61561.8192	44867.9905	32328.9378	23027.8703	16214.3948	11285.1838	7763.4171	5278.4716	3546.8935	2355.2964
23	58462.8475	42531.8324	30587.9217	21745.2542	15280.3654	10612.8729	7285.1170	4942.1726	3313.2151	2194.8420
24	55519.8754	40317.3119	28940.6648	20534.0778	14400.1406	9980.6146	6836.2846	4627.2997	3094.9320	2045.3185
25	52725.0502	38218.0957	27382.1180	19390.3619	13570.6212	9386.0229	6415.1046	4332.4877	2891.0300	1905.9814
26	50070.9142	36228.1801	25907.5038	18310.3493	12788.8862	8826.8538	6019.8733	4056.4587	2700.5615	1776.1365
27	47550.3853	34341.8741	24512.3024	17290.4917	12052.1830	8300.9970	5648.9920	3798.0159	2522.6417	1655.1373
28	45156.7377	32553.7832	23192.2369	16327.4385	11357.9176	7806.4679	5300.9605	3556.0388	2356.4436	1542.3812
29	42883.5844	30858.7934	21943.2612	15418.0259	10703.6452	7341.4002	4974.3710	3329.4785	2201.1951	1437.3066
30	40724.8597	29252.0573	20761.5468	14559.2661	10087.0623	6904.0388	4667.9026	3117.3526	2056.1747	1339.3902
31	38674.8035	27728.9797	19643.4715	13748.3379	9505.9975	6492.7331	4380.3155	2918.7416	1920.7087	1248.1443
32	36727.9455	26285.2048	18585.6081	12982.5771	8958.4050	6105.9307	4110.4465	2732.7844	1794.1675	1163.1146
33	34879.0907	24916.6034	17584.7140	12259.4680	8442.3565	5742.1720	3857.2040	2558.6747	1675.9631	1083.8775
34	33123.3057	23619.2615	16637.7212	11576.6349	7956.0349	5400.0840	3619.5636	2395.6579	1565.5464	1010.0384
35	31455.9056	22389.4687	15741.7270	10931.8346	7497.7279	5078.3759	3396.5641	2243.0271	1462.4042	941.2296
36	29872.4410	21223.7081	14893.9850	10322.9486	7065.8216	4775.8333	3187.3035	2100.1206	1366.0573	877.1084
37	28368.6867	20118.6455	14091.8965	9747.9766	6658.7953	4491.3147	2990.9354	1966.3189	1276.0579	817.3555
38	26940.6301	19071.1206	13333.0031	9205.0296	6275.2157	4223.7462	2806.6654	1841.0419	1191.9880	761.6732
39	25584.4608	18078.1376	12614.9784	8692.3240	5913.7322	3972.1179	2633.7482	1723.7465	1113.4568	709.7843
40	24296.5599	17136.8566	11935.6217	8208.1752	5573.0719	3735.4804	2471.4843	1613.9241	1040.0994	661.4303
41	23073.4909	16244.5856	11292.8505	7750.9928	5252.0354	3512.9404	2319.2174	1511.0987	971.5750	616.3704
42	21911.9902	15398.7728	10684.6946	7319.2747	4949.4921	3303.6582	2176.3316	1414.8244	907.5652	574.3802
43	20808.9585	14596.9992	10109.2898	6911.6026	4664.3769	3106.8438	2042.2489	1324.6839	847.7724	535.2506
44	19761.4525	13836.9719	9564.8724	6526.6372	4395.6857	2921.7547	1916.4270	1240.2864	791.9190	498.7867
45	18766.6771	13116.5172	9049.7736	6163.1138	4142.4724	2747.6921	1798.3569	1161.2660	739.7454	464.8069
46	17821.9779	12433.5747	8562.4146	5819.8380	3903.8455	2583.9993	1687.5611	1087.2800	691.0091	433.1419
47	16924.8341	11786.1912	8101.3013	5495.6822	3678.9646	2430.0584	1583.5913	1018.0079	645.4836	403.6342
48	16072.8518	11172.5153	7665.0205	5189.5814	3467.0380	2285.2885	1486.0271	953.1491	602.9575	376.1366
49	15263.7575	10590.7919	7252.2347	4900.5299	3267.3195	2149.1433	1394.4737	892.4226	563.2331	350.5123
50	14495.3924	10039.3572	6861.6788	4627.5781	3079.1057	2021.1088	1308.5609	835.5651	526.1259	326.6337
51	13765.7062	9516.6343	6492.1556	4369.8292	2901.7339	1900.7019	1227.9411	782.3300	491.4634	304.3818
52	13072.7518	9021.1282	6142.5324	4126.4366	2734.5797	1787.4682	1152.2883	732.4867	459.0845	283.6458
53	12414.6802	8551.4218	5811.7375	3896.6006	2577.0544	1680.9804	1081.2964	685.8189	428.8389	264.3225
54	11789.7353	8106.1718	5498.7569	3679.5661	2428.6033	1580.8366	1014.6783	642.1244	400.5859	246.3155
55	11196.2496	7684.1048	5202.6314	3474.6200	2288.7037	1486.6588	952.1645	601.2137	374.1942	229.5353
56	10632.6396	7284.0137	4922.4531	3281.0892	2156.8630	1398.0916	893.5021	562.9095	349.5414	213.8982
57	10097.4012	6904.7543	4657.3634	3098.3377	2032.6170	1314.8008	838.4539	527.0457	326.5127	199.3264
58	9589.1062	6545.2419	4406.5496	2925.7651	1915.5282	1236.4720	786.7972	493.4669	305.0012	185.7473
59	9106.3985	6204.4484	4169.2428	2762.8046	1805.1843	1162.8096	738.3230	462.0274	284.9069	173.0933
60	8647.9898	5881.3991	3944.7159	2608.9208	1701.1967	1093.5356	692.8353	432.5910	266.1365	161.3013
61	8212.6570	5575.1702	3732.2804	2463.6080	1603.1994	1028.3886	650.1501	405.0300	248.6028	150.3127
62	7799.2386	5284.8857	3531.2852	2326.3889	1510.8472	967.1227	610.0947	379.2249	232.2242	140.0726
63	7406.6313	5009.7157	3341.1143	2196.8127	1423.8149	909.5067	572.5070	355.0640	216.9247	130.5302
64	7033.7875	4748.8730	3161.1846	2074.4537	1341.7961	855.3231	537.2352	332.4423	202.6331	121.6378
65	6679.7124	4501.6116	2990.9448	1958.9099	1264.5020	804.3675	504.1364	311.2620	189.2831	113.3513
66	6343.4611	4267.2246	2829.8729	1849.8017	1191.6604	756.4476	473.0768	291.4310	176.8127	105.6292
67	6024.1365	4045.0414	2677.4752	1746.7706	1123.0149	711.3825	443.9308	272.8635	165.1638	98.4332
68	5720.8864	3834.4268	2533.2847	1649.4783	1058.3236	669.0021	416.5804	255.4790	154.2824	91.7275
69	5432.9016	3634.7783	2396.8593	1557.6049	997.3590	629.1466	390.9151	239.2021	144.1179	85.4786
70	5159.4138	3445.5249	2267.7808	1470.8488	939.9061	591.6654	366.8310	223.9622	134.6230	79.6553
71	4899.6931	3266.1255	2145.6536	1388.9248	885.7629	556.4171	344.2308	209.6932	125.7537	74.2288
72	4653.0465	3096.0670	2030.1033	1311.5639	834.7386	523.2688	323.0229	196.3333	117.4687	69.1720
73	4418.8160	2934.8629	1920.7758	1238.5118	786.6535	492.0952	303.1216	183.8247	109.7296	64.4597
74	4196.3764	2782.0523	1817.3359	1169.5287	741.3384	462.7788	284.4464	172.1129	102.5003	60.0683
75	3985.1342	2637.1982	1719.4666	1104.3878	698.6336	435.2089	266.9218	161.1474	95.7474	55.9762
76	3784.5258	2499.8862	1626.8678	1042.8751	658.3888	409.2815	250.4769	150.8804	89.4393	52.1628
77	3594.0159	2369.7237	1539.2558	984.7886	620.4624	384.8987	235.0452	141.2676	83.5468	48.6092
78	3413.0961	2246.3385	1456.3620	929.9374	584.7207	361.9685	220.5642	132.2673	78.0425	45.2977
79	3241.2836	2129.3775	1377.9323	878.1414	551.0379	340.4043	206.9753	123.8403	72.9009	42.2118
80	3078.1200	2018.5065	1303.7262	829.2303	519.2954	320.1248	194.2237	115.9503	68.0980	39.3361
81	2923.1700	1913.4081	1233.5164	783.0435	489.3814	301.0535	182.2576	108.5629	63.6115	36.6564
82	2776.0200	1813.7820	1167.0877	739.4292	461.1906	283.1184	171.0288	101.6462	59.4206	34.1592
83	2636.2774	1719.3432	1104.2363	698.2441	434.6237	266.2517	160.4918	95.1702	55.5058	31.8321
84	2503.5693	1629.8215	1044.7696	659.3530	409.5872	250.3898	150.6040	89.1068	51.8490	29.6635
85	2377.5417	1544.9610	988.5055	622.6281	385.9930	235.4729	141.3254	83.4296	48.4330	27.6427
86	2257.8582	1464.5189	935.2713	587.9487	363.7579	221.4447	132.6184	78.1142	45.2421	25.7595
87	2144.1995	1388.2653	884.9040	555.2009	342.8036	208.2522	124.4479	73.1375	42.2615	24.0047
88	2036.2622	1315.9820	837.2491	524.2771	323.0564	195.8457	116.7807	68.4778	39.4772	22.3694
89	1933.7584	1247.4623	792.1606	495.0757	304.4468	184.1782	109.5859	64.1149	36.8763	20.8454
90	1836.4146	1182.5102	749.5002	467.5007	286.9091	173.2059	102.8344	60.0301	34.4468	19.4253
91	1743.9710	1120.9400	709.1372	441.4617	270.3818	162.8872	96.4988	56.2055	32.1774	18.1020
92	1656.1809	1062.5756	670.9479	416.8730	254.8064	153.1832	90.5535	52.6246	30.0574	16.8688
93	1572.8101	1007.2501	634.8152	393.6538	240.1283	144.0574	84.9746	49.2718	28.0772	15.7196
94	1493.6361	954.8052	600.6284	371.7279	226.2957	135.4752	79.7393	46.1326	26.2274	14.6487
95	1418.4477	905.0910	568.2827	351.0232	213.2600	127.4043	74.8266	43.1934	24.4995	13.6508
96	1347.0442	857.9653	537.6788	331.4718	200.9751	119.8143	70.2166	40.4415	22.8854	12.7208
97	1279.2351	813.2933	508.7231	313.0093	189.3980	112.6764	65.8906	37.8649	21.3776	11.8542
98	1214.8395	770.9473	481.3268	295.5752	178.4877	105.9637	61.8311	35.4525	19.9692	11.0466
99	1153.6854	730.8061	455.4058	279.1121	168.2059	99.6510	58.0217	33.1938	18.6536	10.2941
100	1095.6099	692.7549	430.8807	263.5660	158.5164	93.7143	54.4470	31.0789	17.4246	9.5928
101	1040.4577	656.6850	407.6764	248.8858	149.3851	88.1313	51.0926	29.0989	16.2767	8.9393
102	988.0820	622.4932	385.7218	235.0233	140.7798	82.8809	47.9448	27.2449	15.2043	8.3303
103	938.3427	590.0816	364.9494	221.9328	132.6702	77.9433	44.9909	25.5091	14.2026	7.7628
104	891.1073	559.3576	345.2957	209.5715	125.0277	73.2999	42.2191	23.8839	13.2669	7.2340
105	846.2497	530.2333	326.7005	197.8987	117.8255	68.9330	39.6180	22.3622	12.3929	6.7412
106	803.6502	502.6255	309.1066	186.8761	111.0382	64.8264	37.1771	20.9375	11.5764	6.2819
107	763.1951	476.4551	292.4602	176.4674	104.6418	60.9644	34.8867	19.6035	10.8137	5.8540
108	724.7765	451.6473	276.7103	166.6384	98.6139	57.3324	32.7373	18.3546	10.1013	5.4552
109	688.2918	428.1312	261.8086	157.3569	92.9333	53.9169	30.7204	17.1852	9.4358	5.0835
110	653.6438	405.8396	247.7094	148.5924	87.5799	50.7048	28.8277	16.0903	8.8141	4.7372
111	620.7399	384.7086	234.3694	140.3160	82.5348	47.6841	27.0517	15.0651	8.2334	4.4145
112	589.4923	364.6778	221.7479	132.5006	77.7804	44.8433	25.3850	14.1053	7.6910	4.1138
113	559.8178	345.6900	209.8061	125.1206	73.2999	42.1718	23.8211	13.2066	7.1843	3.8335
114	531.6370	327.6908	198.5073	118.1515	69.0774	39.6594	22.3535	12.3652	6.7110	3.5723
115	504.8748	310.6288	187.8171	111.5707	65.0982	37.2967	20.9763	11.5774	6.2688	3.3290
116	479.4598	294.4552	177.7025	105.3564	61.3483	35.0748	19.6839	10.8398	5.8558	3.1022
117	455.3242	279.1237	168.1327	99.4882	57.8143	32.9852	18.4712	10.1492	5.4700	2.8909
118	432.4036	264.5905	159.0782	93.9469	54.4839	31.0201	17.3332	9.5026	5.1096	2.6939
119	410.6367	250.8139	150.5113	88.7142	51.3454	29.1721	16.2653	8.8971	4.7730	2.5104
120	389.9656	237.7547	142.4058	83.7729	48.3876	27.4342	15.2632	8.3303	4.4585	2.3394
121	370.3351	225.3754	134.7368	79.1069	45.6002	25.7998	14.3229	7.7996	4.1648	2.1800
122	351.6927	213.6407	127.4808	74.7008	42.9734	24.2628	13.4404	7.3026	3.8904	2.0315
123	333.9888	202.5170	120.6156	70.5401	40.4980	22.8174	12.6124	6.8374	3.6341	1.8931
124	317.1760	191.9725	114.1200	66.6111	38.1651	21.4580	11.8353	6.4018	3.3947	1.7641
125	301.2097	181.9770	107.9743	62.9010	35.9666	20.1797	11.1062	5.9939	3.1710	1.6439
126	286.0470	172.5019	102.1595	59.3975	33.8947	18.9775	10.4219	5.6120	2.9621	1.5320
127	271.6476	163.5202	96.6579	56.0891	31.9422	17.8469	9.7798	5.2545	2.7670	1.4276
128	257.9731	155.0061	91.4526	52.9651	30.1022	16.7837	9.1773	4.9197	2.5847	1.3303
129	244.9870	146.9354	86.5276	50.0150	28.3682	15.7838	8.6119	4.6063	2.4144	1.2397
130	232.6545	139.2848	81.8678	47.2292	26.7340	14.8435	8.0813	4.3128	2.2553	1.1553
131	220.9429	132.0327	77.4590	44.5986	25.1940	13.9592	7.5834	4.0380	2.1067	1.0766
132	209.8208	125.1581	73.2875	42.1146	23.7427	13.1276	7.1162	3.7807	1.9679	1.0032
133	199.2586	118.6414	69.3408	39.7688	22.3750	12.3455	6.6778	3.5399	1.8383	0.9349
134	189.2281	112.4641	65.6066	37.5538	21.0861	11.6100	6.2664	3.3143	1.7172	0.8712
135	179.7025	106.6084	62.0734	35.4621	19.8714	10.9184	5.8803	3.1032	1.6040	0.8118
136	170.6564	101.0575	58.7306	33.4869	18.7267	10.2679	5.5180	2.9055	1.4984	0.7565
137	162.0657	95.7957	55.5678	31.6217	17.6480	9.6562	5.1781	2.7204	1.3996	0.7050
138	153.9075	90.8079	52.5753	29.8605	16.6314	9.0809	4.8591	2.5470	1.3074	0.6570
139	146.1599	86.0798	49.7439	28.1973	15.6733	8.5399	4.5597	2.3848	1.2213	0.6122
140	138.8023	81.5978	47.0650	26.6267	14.7705	8.0312	4.2788	2.2328	1.1408	0.5705
141	131.8151	77.3492	44.5304	25.1437	13.9196	7.5527	4.0152	2.0906	1.0657	0.5316
142	125.1796	73.3219	42.1323	23.7432	13.1178	7.1028	3.7678	1.9574	0.9955	0.4954
143	118.8782	69.5042	39.8634	22.4207	12.3621	6.6796	3.5357	1.8327	0.9299	0.4617
144	112.8940	65.8853	37.7166	21.1719	11.6500	6.2817	3.3178	1.7159	0.8686	0.4302
145	107.2110	62.4548	35.6854	19.9927	10.9789	5.9075	3.1134	1.6066	0.8114	0.4009
146	101.8141	59.2030	33.7637	18.8791	10.3465	5.5555	2.9216	1.5042	0.7579	0.3736
147	96.6888	56.1204	31.9454	17.8276	9.7505	5.2246	2.7416	1.4084	0.7080	0.3481
148	91.8216	53.1984	30.2250	16.8346	9.1888	4.9133	2.5727	1.3187	0.6614	0.3244
149	87.1994	50.4285	28.5973	15.8970	8.6595	4.6206	2.4142	1.2346	0.6178	0.3023
150	82.8098	47.8028	27.0573	15.0115	8.1606	4.3453	2.2655	1.1560	0.5771	0.2817
151	78.6412	45.3138	25.6001	14.1754	7.6905	4.0865	2.1259	1.0823	0.5391	0.2625
152	74.6825	42.9545	24.2215	13.3859	7.2475	3.8430	1.9949	1.0134	0.5035	0.2447
153	70.9231	40.7179	22.9171	12.6403	6.8300	3.6141	1.8720	0.9488	0.4704	0.2280
154	67.3528	38.5979	21.6829	11.9363	6.4366	3.3988	1.7567	0.8884	0.4394	0.2125
155	63.9624	36.5882	20.5152	11.2714	6.0658	3.1963	1.6484	0.8318	0.4104	0.1980
156	60.7425	34.6831	19.4104	10.6436	5.7164	3.0059	1.5469	0.7788	0.3834	0.1845
157	57.6848	32.8773	18.3651	10.0508	5.3871	2.8268	1.4516	0.7292	0.3581	0.1719
158	54.7810	31.1654	17.3761	9.4910	5.0768	2.6584	1.3621	0.6827	0.3345	0.1602
159	52.0234	29.5427	16.4403	8.9623	4.7843	2.5000	1.2782	0.6392	0.3125	0.1493
160	49.4046	28.0045	15.5550	8.4632	4.5087	2.3511	1.1995	0.5985	0.2919	0.1391
161	46.9176	26.5464	14.7173	7.9918	4.2490	2.2110	1.1256	0.5603	0.2727	0.1296
162	44.5558	25.1642	13.9247	7.5466	4.0042	2.0793	1.0562	0.5246	0.2547	0.1208
163	42.3129	23.8540	13.1748	7.1263	3.7736	1.9554	0.9912	0.4912	0.2379	0.1126
164	40.1829	22.6119	12.4653	6.7294	3.5562	1.8389	0.9301	0.4599	0.2223	0.1049
165	38.1601	21.4346	11.7940	6.3546	3.3513	1.7294	0.8728	0.4306	0.2076	0.0978
166	36.2392	20.3186	11.1589	6.0006	3.1583	1.6263	0.8190	0.4032	0.1939	0.0911
167	34.4149	19.2606	10.5579	5.6664	2.9764	1.5295	0.7686	0.3775	0.1812	0.0849
168	32.6825	18.2578	9.9894	5.3508	2.8049	1.4383	0.7212	0.3534	0.1692	0.0791
169	31.0373	17.3071	9.4514	5.0528	2.6433	1.3526	0.6768	0.3309	0.1581	0.0737
170	29.4749	16.4060	8.9424	4.7713	2.4911	1.2721	0.6351	0.3098	0.1477	0.0687
171	27.9912	15.5518	8.4608	4.5056	2.3476	1.1963	0.5960	0.2901	0.1379	0.0640
172	26.5821	14.7420	8.0052	4.2546	2.2123	1.1250	0.5592	0.2716	0.1288	0.0597
173	25.2440	13.9745	7.5741	4.0176	2.0849	1.0580	0.5248	0.2543	0.1204	0.0556
174	23.9732	13.2469	7.1662	3.7939	1.9648	0.9950	0.4924	0.2381	0.1124	0.0518
175	22.7664	12.5571	6.7803	3.5826	1.8516	0.9357	0.4621	0.2229	0.1050	0.0483
176	21.6204	11.9033	6.4151	3.3830	1.7449	0.8799	0.4336	0.2087	0.0981	0.0450
177	20.5320	11.2835	6.0697	3.1946	1.6444	0.8275	0.4069	0.1954	0.0916	0.0419
178	19.4985	10.6960	5.7428	3.0167	1.5497	0.7782	0.3819	0.1830	0.0856	0.0391
179	18.5169	10.1391	5.4335	2.8486	1.4604	0.7319	0.3583	0.1713	0.0800	0.0364
180	17.5848	9.6112	5.1409	2.6900	1.3763	0.6883	0.3363	0.1604	0.0747	0.0339
181	16.6996	9.1108	4.8641	2.5401	1.2970	0.6473	0.3155	0.1502	0.0698	0.0316
182	15.8590	8.6364	4.6021	2.3987	1.2223	0.6087	0.2961	0.1406	0.0652	0.0295
183	15.0606	8.1867	4.3543	2.2651	1.1519	0.5724	0.2779	0.1317	0.0609	0.0275
184	14.3025	7.7605	4.1198	2.1389	1.0855	0.5383	0.2607	0.1233	0.0569	0.0256
185	13.5825	7.3564	3.8979	2.0198	1.0230	0.5063	0.2447	0.1154	0.0531	0.0238
186	12.8988	6.9734	3.6880	1.9073	0.9641	0.4761	0.2296	0.1081	0.0496	0.0222
187	12.2495	6.6103	3.4894	1.8010	0.9085	0.4477	0.2155	0.1012	0.0464	0.0207
188	11.6328	6.2661	3.3015	1.7007	0.8562	0.4211	0.2022	0.0947	0.0433	0.0193
189	11.0472	5.9398	3.1237	1.6060	0.8069	0.3960	0.1897	0.0887	0.0404	0.0180
190	10.4911	5.6306	2.9555	1.5165	0.7604	0.3724	0.1780	0.0831	0.0378	0.0168
191	9.9630	5.3374	2.7963	1.4321	0.7166	0.3502	0.1671	0.0778	0.0353	0.0156
192	9.4615	5.0595	2.6457	1.3523	0.6753	0.3293	0.1568	0.0728	0.0330	0.0145
193	8.9852	4.7961	2.5032	1.2770	0.6364	0.3097	0.1471	0.0682	0.0308	0.0136
194	8.5329	4.5463	2.3684	1.2059	0.5998	0.2913	0.1380	0.0638	0.0288	0.0126
195	8.1034	4.3096	2.2409	1.1387	0.5652	0.2739	0.1295	0.0598	0.0269	0.0118
196	7.6954	4.0852	2.1202	1.0753	0.5326	0.2576	0.1216	0.0559	0.0251	0.0110
197	7.3081	3.8725	2.0060	1.0154	0.5020	0.2423	0.1141	0.0524	0.0234	0.0102
198	6.9402	3.6709	1.8980	0.9588	0.4731	0.2278	0.1070	0.0490	0.0219	0.0095
199	6.5908	3.4798	1.7958	0.9054	0.4458	0.2142	0.1005	0.0459	0.0205	0.0089
200	6.2590	3.2986	1.6991	0.8550	0.4201	0.2015	0.0943	0.0430	0.0191	0.0083
201	5.9440	3.1268	1.6076	0.8074	0.3959	0.1895	0.0885	0.0403	0.0179	0.0077
202	5.6448	2.9640	1.5210	0.7624	0.3731	0.1782	0.0830	0.0377	0.0167	0.0072
203	5.3606	2.8097	1.4391	0.7199	0.3516	0.1676	0.0779	0.0353	0.0156	0.0067
204	5.0908	2.6634	1.3616	0.6798	0.3314	0.1576	0.0731	0.0330	0.0146	0.0062
205	4.8345	2.5247	1.2883	0.6420	0.3123	0.1482	0.0686	0.0309	0.0136	0.0058
206	4.5911	2.3933	1.2189	0.6062	0.2943	0.1394	0.0644	0.0290	0.0127	0.0054
207	4.3600	2.2687	1.1532	0.5724	0.2773	0.1311	0.0604	0.0271	0.0119	0.0050
208	4.1405	2.1505	1.0911	0.5406	0.2614	0.1233	0.0567	0.0254	0.0111	0.0047
209	3.9321	2.0386	1.0324	0.5105	0.2463	0.1159	0.0532	0.0238	0.0103	0.0044
210	3.7342	1.9324	0.9768	0.4820	0.2321	0.1090	0.0499	0.0223	0.0097	0.0041
211	3.5462	1.8318	0.9242	0.4552	0.2187	0.1025	0.0468	0.0208	0.0090	0.0038
212	3.3677	1.7364	0.8744	0.4298	0.2061	0.0964	0.0439	0.0195	0.0084	0.0035
213	3.1981	1.6460	0.8273	0.4059	0.1943	0.0907	0.0412	0.0183	0.0079	0.0033
214	3.0372	1.5603	0.7828	0.3833	0.1831	0.0853	0.0387	0.0171	0.0074	0.0031
215	2.8843	1.4791	0.7406	0.3619	0.1725	0.0802	0.0363	0.0160	0.0069	0.0029
216	2.7391	1.4021	0.7007	0.3418	0.1626	0.0754	0.0341	0.0150	0.0064	0.0027
217	2.6012	1.3291	0.6630	0.3227	0.1532	0.0709	0.0320	0.0140	0.0060	0.0025
218	2.4703	1.2599	0.6273	0.3048	0.1444	0.0667	0.0300	0.0131	0.0056	0.0023
219	2.3459	1.1943	0.5935	0.2878	0.1361	0.0627	0.0282	0.0123	0.0052	0.0022
220	2.2278	1.1321	0.5615	0.2718	0.1282	0.0590	0.0264	0.0115	0.0049	0.0020
221	2.1157	1.0731	0.5313	0.2566	0.1209	0.0555	0.0248	0.0108	0.0046	0.0019
222	2.0092	1.0173	0.5027	0.2423	0.1139	0.0522	0.0233	0.0101	0.0043	0.0018
223	1.9080	0.9643	0.4756	0.2288	0.1073	0.0491	0.0218	0.0095	0.0040	0.0016
224	1.8120	0.9141	0.4500	0.2161	0.1011	0.0461	0.0205	0.0089	0.0037	0.0015
225	1.7208	0.8665	0.4258	0.2040	0.0953	0.0434	0.0192	0.0083	0.0035	0.0014
226	1.6341	0.8214	0.4028	0.1927	0.0898	0.0408	0.0180	0.0078	0.0032	0.0013
227	1.5519	0.7786	0.3811	0.1819	0.0847	0.0384	0.0169	0.0073	0.0030	0.0012
228	1.4738	0.7381	0.3606	0.1718	0.0798	0.0361	0.0159	0.0068	0.0028	0.0011
229	1.3996	0.6996	0.3412	0.1622	0.0752	0.0339	0.0149	0.0064	0.0026	0.0011
230	1.3291	0.6632	0.3228	0.1532	0.0709	0.0319	0.0140	0.0060	0.0025	0.0010
231	1.2622	0.6287	0.3054	0.1447	0.0668	0.0300	0.0131	0.0056	0.0023	0.0009
232	1.1987	0.5959	0.2890	0.1366	0.0629	0.0282	0.0123	0.0052	0.0022	0.0009
233	1.1383	0.5649	0.2734	0.1290	0.0593	0.0265	0.0116	0.0049	0.0020	0.0008
234	1.0810	0.5355	0.2587	0.1218	0.0559	0.0250	0.0108	0.0046	0.0019	0.0008
235	1.0266	0.5076	0.2448	0.1150	0.0527	0.0235	0.0102	0.0043	0.0018	0.0007
236	0.9749	0.4812	0.2316	0.1086	0.0496	0.0221	0.0096	0.0040	0.0016	0.0007
237	0.9259	0.4561	0.2191	0.1026	0.0468	0.0208	0.0090	0.0038	0.0015	0.0006
238	0.8792	0.4324	0.2073	0.0969	0.0441	0.0195	0.0084	0.0035	0.0014	0.0006
239	0.8350	0.4099	0.1962	0.0915	0.0415	0.0184	0.0079	0.0033	0.0013	0.0005
240	0.7930	0.3885	0.1856	0.0864	0.0391	0.0173	0.0074	0.0031	0.0013	0.0005
241	0.7530	0.3683	0.1756	0.0816	0.0369	0.0162	0.0070	0.0029	0.0012	0.0005
242	0.7151	0.3491	0.1661	0.0770	0.0348	0.0153	0.0065	0.0027	0.0011	0.0004
243	0.6791	0.3309	0.1572	0.0727	0.0328	0.0144	0.0061	0.0025	0.0010	0.0004
244	0.6449	0.3137	0.1487	0.0687	0.0309	0.0135	0.0057	0.0024	0.0010	0.0004
245	0.6125	0.2974	0.1407	0.0649	0.0291	0.0127	0.0054	0.0022	0.0009	0.0003
246	0.5816	0.2819	0.1331	0.0612	0.0274	0.0119	0.0051	0.0021	0.0008	0.0003
247	0.5524	0.2672	0.1260	0.0578	0.0258	0.0112	0.0047	0.0019	0.0008	0.0003
248	0.5246	0.2533	0.1192	0.0546	0.0244	0.0106	0.0045	0.0018	0.0007	0.0003
249	0.4982	0.2401	0.1128	0.0516	0.0230	0.0099	0.0042	0.0017	0.0007	0.0003
250	0.4731	0.2276	0.1067	0.0487	0.0216	0.0093	0.0039	0.0016	0.0006	0.0002
251	0.4493	0.2158	0.1009	0.0460	0.0204	0.0088	0.0037	0.0015	0.0006	0.0002
252	0.4266	0.2045	0.0955	0.0434	0.0192	0.0083	0.0035	0.0014	0.0006	0.0002
253	0.4052	0.1939	0.0904	0.0410	0.0181	0.0078	0.0032	0.0013	0.0005	0.0002
254	0.3848	0.1838	0.0855	0.0387	0.0171	0.0073	0.0030	0.0012	0.0005	0.0002
255	0.3654	0.1742	0.0809	0.0366	0.0161	0.0069	0.0029	0.0012	0.0005	0.0002
256	0.3470	0.1651	0.0765	0.0345	0.0152	0.0065	0.0027	0.0011	0.0004	0.0002
257	0.3295	0.1565	0.0724	0.0326	0.0143	0.0061	0.0025	0.0010	0.0004	0.0001
258	0.3130	0.1484	0.0685	0.0308	0.0135	0.0057	0.0024	0.0009	0.0004	0.0001
259	0.2972	0.1407	0.0648	0.0291	0.0127	0.0054	0.0022	0.0009	0.0003	0.0001
260	0.2822	0.1333	0.0613	0.0275	0.0119	0.0051	0.0021	0.0008	0.0003	0.0001
261	0.2680	0.1264	0.0580	0.0259	0.0113	0.0048	0.0019	0.0008	0.0003	0.0001
262	0.2545	0.1198	0.0549	0.0245	0.0106	0.0045	0.0018	0.0007	0.0003	0.0001
263	0.2417	0.1136	0.0520	0.0231	0.0100	0.0042	0.0017	0.0007	0.0003	0.0001
264	0.2296	0.1077	0.0492	0.0218	0.0094	0.0040	0.0016	0.0006	0.0002	0.0001
265	0.2180	0.1021	0.0465	0.0206	0.0089	0.0037	0.0015	0.0006	0.0002	0.0001
266	0.2070	0.0967	0.0440	0.0195	0.0084	0.0035	0.0014	0.0006	0.0002	0.0001
267	0.1966	0.0917	0.0416	0.0184	0.0079	0.0033	0.0013	0.0005	0.0002	0.0001
268	0.1867	0.0869	0.0394	0.0174	0.0074	0.0031	0.0012	0.0005	0.0002	0.0001
269	0.1773	0.0824	0.0373	0.0164	0.0070	0.0029	0.0012	0.0005	0.0002	0.0001
270	0.1684	0.0781	0.0353	0.0155	0.0066	0.0027	0.0011	0.0004	0.0002	0.0001
271	0.1599	0.0741	0.0334	0.0146	0.0062	0.0026	0.0010	0.0004	0.0002	0.0001
272	0.1519	0.0702	0.0316	0.0138	0.0059	0.0024	0.0010	0.0004	0.0001	0.0001
273	0.1442	0.0665	0.0299	0.0130	0.0055	0.0023	0.0009	0.0004	0.0001	0.0000
274	0.1370	0.0631	0.0283	0.0123	0.0052	0.0021	0.0009	0.0003	0.0001	0.0000
275	0.1301	0.0598	0.0267	0.0116	0.0049	0.0020	0.0008	0.0003	0.0001	0.0000
276	0.1235	0.0567	0.0253	0.0110	0.0046	0.0019	0.0008	0.0003	0.0001	0.0000
277	0.1173	0.0537	0.0239	0.0104	0.0044	0.0018	0.0007	0.0003	0.0001	0.0000
278	0.1114	0.0509	0.0226	0.0098	0.0041	0.0017	0.0007	0.0003	0.0001	0.0000
279	0.1058	0.0483	0.0214	0.0092	0.0039	0.0016	0.0006	0.0002	0.0001	0.0000
280	0.1005	0.0458	0.0203	0.0087	0.0036	0.0015	0.0006	0.0002	0.0001	0.0000
281	0.0954	0.0434	0.0192	0.0082	0.0034	0.0014	0.0005	0.0002	0.0001	0.0000
282	0.0906	0.0411	0.0181	0.0078	0.0032	0.0013	0.0005	0.0002	0.0001	0.0000
283	0.0860	0.0390	0.0172	0.0073	0.0031	0.0012	0.0005	0.0002	0.0001	0.0000
284	0.0817	0.0370	0.0162	0.0069	0.0029	0.0012	0.0005	0.0002	0.0001	0.0000
285	0.0776	0.0350	0.0154	0.0066	0.0027	0.0011	0.0004	0.0002	0.0001	0.0000
286	0.0737	0.0332	0.0145	0.0062	0.0026	0.0010	0.0004	0.0001	0.0001	0.0000
287	0.0700	0.0315	0.0138	0.0058	0.0024	0.0010	0.0004	0.0001	0.0001	0.0000
288	0.0665	0.0298	0.0130	0.0055	0.0023	0.0009	0.0004	0.0001	0.0000	0.0000
289	0.0631	0.0283	0.0123	0.0052	0.0021	0.0009	0.0003	0.0001	0.0000	0.0000
290	0.0599	0.0268	0.0117	0.0049	0.0020	0.0008	0.0003	0.0001	0.0000	0.0000
291	0.0569	0.0254	0.0110	0.0046	0.0019	0.0008	0.0003	0.0001	0.0000	0.0000
292	0.0541	0.0241	0.0104	0.0044	0.0018	0.0007	0.0003	0.0001	0.0000	0.0000
293	0.0513	0.0228	0.0099	0.0041	0.0017	0.0007	0.0003	0.0001	0.0000	0.0000
294	0.0487	0.0216	0.0093	0.0039	0.0016	0.0006	0.0002	0.0001	0.0000	0.0000
295	0.0463	0.0205	0.0088	0.0037	0.0015	0.0006	0.0002	0.0001	0.0000	0.0000
296	0.0440	0.0195	0.0084	0.0035	0.0014	0.0006	0.0002	0.0001	0.0000	0.0000
297	0.0417	0.0184	0.0079	0.0033	0.0013	0.0005	0.0002	0.0001	0.0000	0.0000
298	0.0396	0.0175	0.0075	0.0031	0.0013	0.0005	0.0002	0.0001	0.0000	0.0000
299	0.0377	0.0166	0.0071	0.0029	0.0012	0.0005	0.0002	0.0001	0.0000	0.0000
300	0.0358	0.0157	0.0067	0.0028	0.0011	0.0004	0.0002	0.0001	0.0000	0.0000
301	0.0340	0.0149	0.0063	0.0026	0.0010	0.0004	0.0002	0.0001	0.0000	0.0000
302	0.0322	0.0141	0.0060	0.0025	0.0010	0.0004	0.0001	0.0001	0.0000	0.0000
303	0.0306	0.0134	0.0057	0.0023	0.0009	0.0004	0.0001	0.0000	0.0000	0.0000
304	0.0291	0.0127	0.0054	0.0022	0.0009	0.0003	0.0001	0.0000	0.0000	0.0000
305	0.0276	0.0120	0.0051	0.0021	0.0008	0.0003	0.0001	0.0000	0.0000	0.0000
306	0.0262	0.0114	0.0048	0.0020	0.0008	0.0003	0.0001	0.0000	0.0000	0.0000
307	0.0249	0.0108	0.0045	0.0019	0.0007	0.0003	0.0001	0.0000	0.0000	0.0000
308	0.0237	0.0102	0.0043	0.0018	0.0007	0.0003	0.0001	0.0000	0.0000	0.0000
309	0.0225	0.0097	0.0041	0.0017	0.0007	0.0002	0.0001	0.0000	0.0000	0.0000
310	0.0213	0.0092	0.0039	0.0016	0.0006	0.0002	0.0001	0.0000	0.0000	0.0000
311	0.0203	0.0087	0.0036	0.0015	0.0006	0.0002	0.0001	0.0000	0.0000	0.0000
312	0.0192	0.0083	0.0034	0.0014	0.0005	0.0002	0.0001	0.0000	0.0000	0.0000
313	0.0183	0.0078	0.0033	0.0013	0.0005	0.0002	0.0001	0.0000	0.0000	0.0000
314	0.0174	0.0074	0.0031	0.0012	0.0005	0.0002	0.0001	0.0000	0.0000	0.0000
315	0.0165	0.0070	0.0029	0.0012	0.0005	0.0002	0.0001	0.0000	0.0000	0.0000
316	0.0156	0.0067	0.0028	0.0011	0.0004	0.0002	0.0001	0.0000	0.0000	0.0000
317	0.0149	0.0063	0.0026	0.0010	0.0004	0.0002	0.0001	0.0000	0.0000	0.0000
318	0.0141	0.0060	0.0025	0.0010	0.0004	0.0001	0.0001	0.0000	0.0000	0.0000
319	0.0134	0.0057	0.0023	0.0009	0.0004	0.0001	0.0000	0.0000	0.0000	0.0000
320	0.0127	0.0054	0.0022	0.0009	0.0003	0.0001	0.0000	0.0000	0.0000	0.0000
321	0.0121	0.0051	0.0021	0.0008	0.0003	0.0001	0.0000	0.0000	0.0000	0.0000
322	0.0115	0.0048	0.0020	0.0008	0.0003	0.0001	0.0000	0.0000	0.0000	0.0000
323	0.0109	0.0046	0.0019	0.0007	0.0003	0.0001	0.0000	0.0000	0.0000	0.0000
324	0.0104	0.0044	0.0018	0.0007	0.0003	0.0001	0.0000	0.0000	0.0000	0.0000
325	0.0098	0.0041	0.0017	0.0007	0.0003	0.0001	0.0000	0.0000	0.0000	0.0000
326	0.0093	0.0039	0.0016	0.0006	0.0002	0.0001	0.0000	0.0000	0.0000	0.0000
327	0.0089	0.0037	0.0015	0.0006	0.0002	0.0001	0.0000	0.0000	0.0000	0.0000
328	0.0084	0.0035	0.0014	0.0006	0.0002	0.0001	0.0000	0.0000	0.0000	0.0000
329	0.0080	0.0033	0.0013	0.0005	0.0002	0.0001	0.0000	0.0000	0.0000	0.0000
330	0.0076	0.0032	0.0013	0.0005	0.0002	0.0001	0.0000	0.0000	0.0000	0.0000
331	0.0072	0.0030	0.0012	0.0005	0.0002	0.0001	0.0000	0.0000	0.0000	0.0000
332	0.0068	0.0028	0.0011	0.0004	0.0002	0.0001	0.0000	0.0000	0.0000	0.0000
333	0.0065	0.0027	0.0011	0.0004	0.0002	0.0001	0.0000	0.0000	0.0000	0.0000
334	0.0062	0.0025	0.0010	0.0004	0.0001	0.0001	0.0000	0.0000	0.0000	0.0000
335	0.0059	0.0024	0.0010	0.0004	0.0001	0.0001	0.0000	0.0000	0.0000	0.0000
336	0.0056	0.0023	0.0009	0.0004	0.0001	0.0000	0.0000	0.0000	0.0000	0.0000
337	0.0053	0.0022	0.0009	0.0003	0.0001	0.0000	0.0000	0.0000	0.0000	0.0000
338	0.0050	0.0021	0.0008	0.0003	0.0001	0.0000	0.0000	0.0000	0.0000	0.0000
339	0.0048	0.0020	0.0008	0.0003	0.0001	0.0000	0.0000	0.0000	0.0000	0.0000
340	0.0045	0.0019	0.0007	0.0003	0.0001	0.0000	0.0000	0.0000	0.0000	0.0000
341	0.0043	0.0018	0.0007	0.0003	0.0001	0.0000	0.0000	0.0000	0.0000	0.0000
342	0.0041	0.0017	0.0007	0.0002	0.0001	0.0000	0.0000	0.0000	0.0000	0.0000
343	0.0039	0.0016	0.0006	0.0002	0.0001	0.0000	0.0000	0.0000	0.0000	0.0000
344	0.0037	0.0015	0.0006	0.0002	0.0001	0.0000	0.0000	0.0000	0.0000	0.0000
345	0.0035	0.0014	0.0006	0.0002	0.0001	0.0000	0.0000	0.0000	0.0000	0.0000
346	0.0033	0.0013	0.0005	0.0002	0.0001	0.0000	0.0000	0.0000	0.0000	0.0000
347	0.0032	0.0013	0.0005	0.0002	0.0001	0.0000	0.0000	0.0000	0.0000	0.0000
348	0.0030	0.0012	0.0005	0.0002	0.0001	0.0000	0.0000	0.0000	0.0000	0.0000
349	0.0028	0.0011	0.0004	0.0002	0.0001	0.0000	0.0000	0.0000	0.0000	0.0000
350	0.0027	0.0011	0.0004	0.0002	0.0001	0.0000	0.0000	0.0000	0.0000	0.0000
351	0.0026	0.0010	0.0004	0.0001	0.0001	0.0000	0.0000	0.0000	0.0000	0.0000
352	0.0024	0.0010	0.0004	0.0001	0.0001	0.0000	0.0000	0.0000	0.0000	0.0000
353	0.0023	0.0009	0.0004	0.0001	0.0000	0.0000	0.0000	0.0000	0.0000	0.0000
354	0.0022	0.0009	0.0003	0.0001	0.0000	0.0000	0.0000	0.0000	0.0000	0.0000
355	0.0021	0.0008	0.0003	0.0001	0.0000	0.0000	0.0000	0.0000	0.0000	0.0000
356	0.0020	0.0008	0.0003	0.0001	0.0000	0.0000	0.0000	0.0000	0.0000	0.0000
357	0.0019	0.0007	0.0003	0.0001	0.0000	0.0000	0.0000	0.0000	0.0000	0.0000
358	0.0018	0.0007	0.0003	0.0001	0.0000	0.0000	0.0000	0.0000	0.0000	0.0000
359	0.0017	0.0007	0.0003	0.0001	0.0000	0.0000	0.0000	0.0000	0.0000	0.0000
360	0.0016	0.0006	0.0002	0.0001	0.0000	0.0000	0.0000	0.0000	0.0000	0.0000
361	0.0015	0.0006	0.0002	0.0001	0.0000	0.0000	0.0000	0.0000	0.0000	0.0000
362	0.0015	0.0006	0.0002	0.0001	0.0000	0.0000	0.0000	0.0000	0.0000	0.0000
363	0.0014	0.0005	0.0002	0.0001	0.0000	0.0000	0.0000	0.0000	0.0000	0.0000
364	0.0013	0.0005	0.0002	0.0001	0.0000	0.0000	0.0000	0.0000	0.0000	0.0000
365	0.0012	0.0005	0.0002	0.0001	0.0000	0.0000	0.0000	0.0000	0.0000	0.0000
366	0.0012	0.0005	0.0002	0.0001	0.0000	0.0000	0.0000	0.0000	0.0000	0.0000
367	0.0011	0.0004	0.0002	0.0001	0.0000	0.0000	0.0000	0.0000	0.0000	0.0000
368	0.0011	0.0004	0.0002	0.0001	0.0000	0.0000	0.0000	0.0000	0.0000	0.0000
369	0.0010	0.0004	0.0001	0.0001	0.0000	0.0000	0.0000	0.0000	0.0000	0.0000
370	0.0010	0.0004	0.0001	0.0001	0.0000	0.0000	0.0000	0.0000	0.0000	0.0000
371	0.0009	0.0004	0.0001	0.0000	0.0000	0.0000	0.0000	0.0000	0.0000	0.0000
372	0.0009	0.0003	0.0001	0.0000	0.0000	0.0000	0.0000	0.0000	0.0000	0.0000
373	0.0008	0.0003	0.0001	0.0000	0.0000	0.0000	0.0000	0.0000	0.0000	0.0000
374	0.0008	0.0003	0.0001	0.0000	0.0000	0.0000	0.0000	0.0000	0.0000	0.0000
375	0.0007	0.0003	0.0001	0.0000	0.0000	0.0000	0.0000	0.0000	0.0000	0.0000
376	0.0007	0.0003	0.0001	0.0000	0.0000	0.0000	0.0000	0.0000	0.0000	0.0000
377	0.0007	0.0003	0.0001	0.0000	0.0000	0.0000	0.0000	0.0000	0.0000	0.0000
378	0.0006	0.0002	0.0001	0.0000	0.0000	0.0000	0.0000	0.0000	0.0000	0.0000
379	0.0006	0.0002	0.0001	0.0000	0.0000	0.0000	0.0000	0.0000	0.0000	0.0000
380	0.0006	0.0002	0.0001	0.0000	0.0000	0.0000	0.0000	0.0000	0.0000	0.0000
381	0.0005	0.0002	0.0001	0.0000	0.0000	0.0000	0.0000	0.0000	0.0000	0.0000
382	0.0005	0.0002	0.0001	0.0000	0.0000	0.0000	0.0000	0.0000	0.0000	0.0000
383	0.0005	0.0002	0.0001	0.0000	0.0000	0.0000	0.0000	0.0000	0.0000	0.0000
384	0.0005	0.0002	0.0001	0.0000	0.0000	0.0000	0.0000	0.0000	0.0000	0.0000
385	0.0004	0.0002	0.0001	0.0000	0.0000	0.0000	0.0000	0.0000	0.0000	0.0000
386	0.0004	0.0002	0.0001	0.0000	0.0000	0.0000	0.0000	0.0000	0.0000	0.0000
387	0.0004	0.0001	0.0001	0.0000	0.0000	0.0000	0.0000	0.0000	0.0000	0.0000
388	0.0004	0.0001	0.0001	0.0000	0.0000	0.0000	0.0000	0.0000	0.0000	0.0000
389	0.0004	0.0001	0.0000	0.0000	0.0000	0.0000	0.0000	0.0000	0.0000	0.0000
390	0.0003	0.0001	0.0000	0.0000	0.0000	0.0000	0.0000	0.0000	0.0000	0.0000
391	0.0003	0.0001	0.0000	0.0000	0.0000	0.0000	0.0000	0.0000	0.0000	0.0000
392	0.0003	0.0001	0.0000	0.0000	0.0000	0.0000	0.0000	0.0000	0.0000	0.0000
393	0.0003	0.0001	0.0000	0.0000	0.0000	0.0000	0.0000	0.0000	0.0000	0.0000
394	0.0003	0.0001	0.0000	0.0000	0.0000	0.0000	0.0000	0.0000	0.0000	0.0000
395	0.0003	0.0001	0.0000	0.0000	0.0000	0.0000	0.0000	0.0000	0.0000	0.0000
396	0.0003	0.0001	0.0000	0.0000	0.0000	0.0000	0.0000	0.0000	0.0000	0.0000
397	0.0002	0.0001	0.0000	0.0000	0.0000	0.0000	0.0000	0.0000	0.0000	0.0000
398	0.0002	0.0001	0.0000	0.0000	0.0000	0.0000	0.0000	0.0000	0.0000	0.0000
399	0.0002	0.0001	0.0000	0.0000	0.0000	0.0000	0.0000	0.0000	0.0000	0.0000
400	0.0002	0.0001	0.0000	0.0000	0.0000	0.0000	0.0000	0.0000	0.0000	0.0000
401	0.0002	0.0001	0.0000	0.0000	0.0000	0.0000	0.0000	0.0000	0.0000	0.0000
402	0.0002	0.0001	0.0000	0.0000	0.0000	0.0000	0.0000	0.0000	0.0000	0.0000
403	0.0002	0.0001	0.0000	0.0000	0.0000	0.0000	0.0000	0.0000	0.0000	0.0000
404	0.0002	0.0001	0.0000	0.0000	0.0000	0.0000	0.0000	0.0000	0.0000	0.0000
405	0.0002	0.0001	0.0000	0.0000	0.0000	0.0000	0.0000	0.0000	0.0000	0.0000
406	0.0001	0.0001	0.0000	0.0000	0.0000	0.0000	0.0000	0.0000	0.0000	0.0000
407	0.0001	0.0001	0.0000	0.0000	0.0000	0.0000	0.0000	0.0000	0.0000	0.0000
408	0.0001	0.0000	0.0000	0.0000	0.0000	0.0000	0.0000	0.0000	0.0000	0.0000
409	0.0001	0.0000	0.0000	0.0000	0.0000	0.0000	0.0000	0.0000	0.0000	0.0000
410	0.0001	0.0000	0.0000	0.0000	0.0000	0.0000	0.0000	0.0000	0.0000	0.0000
411	0.0001	0.0000	0.0000	0.0000	0.0000	0.0000	0.0000	0.0000	0.0000	0.0000
412	0.0001	0.0000	0.0000	0.0000	0.0000	0.0000	0.0000	0.0000	0.0000	0.0000
413	0.0001	0.0000	0.0000	0.0000	0.0000	0.0000	0.0000	0.0000	0.0000	0.0000
414	0.0001	0.0000	0.0000	0.0000	0.0000	0.0000	0.0000	0.0000	0.0000	0.0000
415	0.0001	0.0000	0.0000	0.0000	0.0000	0.0000	0.0000	0.0000	0.0000	0.0000
416	0.0001	0.0000	0.0000	0.0000	0.0000	0.0000	0.0000	0.0000	0.0000	0.0000
417	0.0001	0.0000	0.0000	0.0000	0.0000	0.0000	0.0000	0.0000	0.0000	0.0000
418	0.0001	0.0000	0.0000	0.0000	0.0000	0.0000	0.0000	0.0000	0.0000	0.0000
419	0.0001	0.0000	0.0000	0.0000	0.0000	0.0000	0.0000	0.0000	0.0000	0.0000
420	0.0001	0.0000	0.0000	0.0000	0.0000	0.0000	0.0000	0.0000	0.0000	0.0000
421	0.0001	0.0000	0.0000	0.0000	0.0000	0.0000	0.0000	0.0000	0.0000	0.0000
422	0.0001	0.0000	0.0000	0.0000	0.0000	0.0000	0.0000	0.0000	0.0000	0.0000
423	0.0001	0.0000	0.0000	0.0000	0.0000	0.0000	0.0000	0.0000	0.0000	0.0000
424	0.0001	0.0000	0.0000	0.0000	0.0000	0.0000	0.0000	0.0000	0.0000	0.0000
425	0.0001	0.0000	0.0000	0.0000	0.0000	0.0000	0.0000	0.0000	0.0000	0.0000
426	0.0001	0.0000	0.0000	0.0000	0.0000	0.0000	0.0000	0.0000	0.0000	0.0000
427	0.0001	0.0000	0.0000	0.0000	0.0000	0.0000	0.0000	0.0000	0.0000	0.0000
428	0.0000	0.0000	0.0000	0.0000	0.0000	0.0000	0.0000	0.0000	0.0000	0.0000
429	0.0000	0.0000	0.0000	0.0000	0.0000	0.0000	0.0000	0.0000	0.0000	0.0000
430	0.0000	0.0000	0.0000	0.0000	0.0000	0.0000	0.0000	0.0000	0.0000	0.0000
431	0.0000	0.0000	0.0000	0.0000	0.0000	0.0000	0.0000	0.0000	0.0000	0.0000
432	0.0000	0.0000	0.0000	0.0000	0.0000	0.0000	0.0000	0.0000	0.0000	0.0000
433	0.0000	0.0000	0.0000	0.0000	0.0000	0.0000	0.0000	0.0000	0.0000	0.0000
434	0.0000	0.0000	0.0000	0.0000	0.0000	0.0000	0.0000	0.0000	0.0000	0.0000
435	0.0000	0.0000	0.0000	0.0000	0.0000	0.0000	0.0000	0.0000	0.0000	0.0000
436	0.0000	0.0000	0.0000	0.0000	0.0000	0.0000	0.0000	0.0000	0.0000	0.0000
437	0.0000	0.0000	0.0000	0.0000	0.0000	0.0000	0.0000	0.0000	0.0000	0.0000
438	0.0000	0.0000	0.0000	0.0000	0.0000	0.0000	0.0000	0.0000	0.0000	0.0000
439	0.0000	0.0000	0.0000	0.0000	0.0000	0.0000	0.0000	0.0000	0.0000	0.0000
440	0.0000	0.0000	0.0000	0.0000	0.0000	0.0000	0.0000	0.0000	0.0000	0.0000
441	0.0000	0.0000	0.0000	0.0000	0.0000	0.0000	0.0000	0.0000	0.0000	0.0000
442	0.0000	0.0000	0.0000	0.0000	0.0000	0.0000	0.0000	0.0000	0.0000	0.0000
443	0.0000	0.0000	0.0000	0.0000	0.0000	0.0000	0.0000	0.0000	0.0000	0.0000
444	0.0000	0.0000	0.0000	0.0000	0.0000	0.0000	0.0000	0.0000	0.0000	0.0000
445	0.0000	0.0000	0.0000	0.0000	0.0000	0.0000	0.0000	0.0000	0.0000	0.0000
446	0.0000	0.0000	0.0000	0.0000	0.0000	0.0000	0.0000	0.0000	0.0000	0.0000
447	0.0000	0.0000	0.0000	0.0000	0.0000	0.0000	0.0000	0.0000	0.0000	0.0000
448	0.0000	0.0000	0.0000	0.0000	0.0000	0.0000	0.0000	0.0000	0.0000	0.0000
449	0.0000	0.0000	0.0000	0.0000	0.0000	0.0000	0.0000	0.0000	0.0000	0.0000
450	0.0000	0.0000	0.0000	0.0000	0.0000	0.0000	0.0000	0.0000	0.0000	0.0000
451	0.0000	0.0000	0.0000	0.0000	0.0000	0.0000	0.0000	0.0000	0.0000	0.0000
452	0.0000	0.0000	0.0000	0.0000	0.0000	0.0000	0.0000	0.0000	0.0000	0.0000
453	0.0000	0.0000	0.0000	0.0000	0.0000	0.0000	0.0000	0.0000	0.0000	0.0000
454	0.0000	0.0000	0.0000	0.0000	0.0000	0.0000	0.0000	0.0000	0.0000	0.0000
455	0.0000	0.0000	0.0000	0.0000	0.0000	0.0000	0.0000	0.0000	0.0000	0.0000
456	0.0000	0.0000	0.0000	0.0000	0.0000	0.0000	0.0000	0.0000	0.0000	0.0000
457	0.0000	0.0000	0.0000	0.0000	0.0000	0.0000	0.0000	0.0000	0.0000	0.0000
458	0.0000	0.0000	0.0000	0.0000	0.0000	0.0000	0.0000	0.0000	0.0000	0.0000
459	0.0000	0.0000	0.0000	0.0000	0.0000	0.0000	0.0000	0.0000	0.0000	0.0000
460	0.0000	0.0000	0.0000	0.0000	0.0000	0.0000	0.0000	0.0000	0.0000	0.0000
461	0.0000	0.0000	0.0000	0.0000	0.0000	0.0000	0.0000	0.0000	0.0000	0.0000
462	0.0000	0.0000	0.0000	0.0000	0.0000	0.0000	0.0000	0.0000	0.0000	0.0000
463	0.0000	0.0000	0.0000	0.0000	0.0000	0.0000	0.0000	0.0000	0.0000	0.0000
464	0.0000	0.0000	0.0000	0.0000	0.0000	0.0000	0.0000	0.0000	0.0000	0.0000
465	0.0000	0.0000	0.0000	0.0000	0.0000	0.0000	0.0000	0.0000	0.0000	0.0000
466	0.0000	0.0000	0.0000	0.0000	0.0000	0.0000	0.0000	0.0000	0.0000	0.0000
467	0.0000	0.0000	0.0000	0.0000	0.0000	0.0000	0.0000	0.0000	0.0000	0.0000
468	0.0000	0.0000	0.0000	0.0000	0.0000	0.0000	0.0000	0.0000	0.0000	0.0000
469	0.0000	0.0000	0.0000	0.0000	0.0000	0.0000	0.0000	0.0000	0.0000	0.0000
470	0.0000	0.0000	0.0000	0.0000	0.0000	0.0000	0.0000	0.0000	0.0000	0.0000
471	0.0000	0.0000	0.0000	0.0000	0.0000	0.0000	0.0000	0.0000	0.0000	0.0000
472	0.0000	0.0000	0.0000	0.0000	0.0000	0.0000	0.0000	0.0000	0.0000	0.0000
473	0.0000	0.0000	0.0000	0.0000	0.0000	0.0000	0.0000	0.0000	0.0000	0.0000
474	0.0000	0.0000	0.0000	0.0000	0.0000	0.0000	0.0000	0.0000	0.0000	0.0000
475	0.0000	0.0000	0.0000	0.0000	0.0000	0.0000	0.0000	0.0000	0.0000	0.0000
476	0.0000	0.0000	0.0000	0.0000	0.0000	0.0000	0.0000	0.0000	0.0000	0.0000
477	0.0000	0.0000	0.0000	0.0000	0.0000	0.0000	0.0000	0.0000	0.0000	0.0000
478	0.0000	0.0000	0.0000	0.0000	0.0000	0.0000	0.0000	0.0000	0.0000	0.0000
479	0.0000	0.0000	0.0000	0.0000	0.0000	0.0000	0.0000	0.0000	0.0000	0.0000
480	0.0000	0.0000	0.0000	0.0000	0.0000	0.0000	0.0000	0.0000	0.0000	0.0000
481	0.0000	0.0000	0.0000	0.0000	0.0000	0.0000	0.0000	0.0000	0.0000	0.0000
482	0.0000	0.0000	0.0000	0.0000	0.0000	0.0000	0.0000	0.0000	0.0000	0.0000
483	0.0000	0.0000	0.0000	0.0000	0.0000	0.0000	0.0000	0.0000	0.0000	0.0000
484	0.0000	0.0000	0.0000	0.0000	0.0000	0.0000	0.0000	0.0000	0.0000	0.0000
485	0.0000	0.0000	0.0000	0.0000	0.0000	0.0000	0.0000	0.0000	0.0000	0.0000
486	0.0000	0.0000	0.0000	0.0000	0.0000	0.0000	0.0000	0.0000	0.0000	0.0000
487	0.0000	0.0000	0.0000	0.0000	0.0000	0.0000	0.0000	0.0000	0.0000	0.0000
488	0.0000	0.0000	0.0000	0.0000	0.0000	0.0000	0.0000	0.0000	0.0000	0.0000
489	0.0000	0.0000	0.0000	0.0000	0.0000	0.0000	0.0000	0.0000	0.0000	0.0000
490	0.0000	0.0000	0.0000	0.0000	0.0000	0.0000	0.0000	0.0000	0.0000	0.0000
491	0.0000	0.0000	0.0000	0.0000	0.0000	0.0000	0.0000	0.0000	0.0000	0.0000
492	0.0000	0.0000	0.0000	0.0000	0.0000	0.0000	0.0000	0.0000	0.0000	0.0000
493	0.0000	0.0000	0.0000	0.0000	0.0000	0.0000	0.0000	0.0000	0.0000	0.0000
494	0.0000	0.0000	0.0000	0.0000	0.0000	0.0000	0.0000	0.0000	0.0000	0.0000
495	0.0000	0.0000	0.0000	0.0000	0.0000	0.0000	0.0000	0.0000	0.0000	0.0000
496	0.0000	0.0000	0.0000	0.0000	0.0000	0.0000	0.0000	0.0000	0.0000	0.0000
497	0.0000	0.0000	0.0000	0.0000	0.0000	0.0000	0.0000	0.0000	0.0000	0.0000
498	0.0000	0.0000	0.0000	0.0000	0.0000	0.0000	0.0000	0.0000	0.0000	0.0000
499	0.0000	0.0000	0.0000	0.0000	0.0000	0.0000	0.0000	0.0000	0.0000	0.0000
500	0.0000	0.0000	0.0000	0.0000	0.0000	0.0000	0.0000	0.0000	0.0000	0.0000
501	0.0000	0.0000	0.0000	0.0000	0.0000	0.0000	0.0000	0.0000	0.0000	0.0000
502	0.0000	0.0000	0.0000	0.0000	0.0000	0.0000	0.0000	0.0000	0.0000	0.0000
503	0.0000	0.0000	0.0000	0.0000	0.0000	0.0000	0.0000	0.0000	0.0000	0.0000
504	0.0000	0.0000	0.0000	0.0000	0.0000	0.0000	0.0000	0.0000	0.0000	0.0000
505	0.0000	0.0000	0.0000	0.0000	0.0000	0.0000	0.0000	0.0000	0.0000	0.0000
506	0.0000	0.0000	0.0000	0.0000	0.0000	0.0000	0.0000	0.0000	0.0000	0.0000
507	0.0000	0.0000	0.0000	0.0000	0.0000	0.0000	0.0000	0.0000	0.0000	0.0000
508	0.0000	0.0000	0.0000	0.0000	0.0000	0.0000	0.0000	0.0000	0.0000	0.0000
509	0.0000	0.0000	0.0000	0.0000	0.0000	0.0000	0.0000	0.0000	0.0000	0.0000
510	0.0000	0.0000	0.0000	0.0000	0.0000	0.0000	0.0000	0.0000	0.0000	0.0000
511	0.0000	0.0000	0.0000	0.0000	0.0000	0.0000	0.0000	0.0000	0.0000	0.0000
512	0.0000	0.0000	0.0000	0.0000	0.0000	0.0000	0.0000	0.0000	0.0000	0.0000
513	0.0000	0.0000	0.0000	0.0000	0.0000	0.0000	0.0000	0.0000	0.0000	0.0000
514	0.0000	0.0000	0.0000	0.0000	0.0000	0.0000	0.0000	0.0000	0.0000	0.0000
515	0.0000	0.0000	0.0000	0.0000	0.0000	0.0000	0.0000	0.0000	0.0000	0.0000
516	0.0000	0.0000	0.0000	0.0000	0.0000	0.0000	0.0000	0.0000	0.0000	0.0000
517	0.0000	0.0000	0.0000	0.0000	0.0000	0.0000	0.0000	0.0000	0.0000	0.0000
518	0.0000	0.0000	0.0000	0.0000	0.0000	0.0000	0.0000	0.0000	0.0000	0.0000
519	0.0000	0.0000	0.0000	0.0000	0.0000	0.0000	0.0000	0.0000	0.0000	0.0000
520	0.0000	0.0000	0.0000	0.0000	0.0000	0.0000	0.0000	0.0000	0.0000	0.0000
521	0.0000	0.0000	0.0000	0.0000	0.0000	0.0000	0.0000	0.0000	0.0000	0.0000
522	0.0000	0.0000	0.0000	0.0000	0.0000	0.0000	0.0000	0.0000	0.0000	0.0000
523	0.0000	0.0000	0.0000	0.0000	0.0000	0.0000	0.0000	0.0000	0.0000	0.0000
524	0.0000	0.0000	0.0000	0.0000	0.0000	0.0000	0.0000	0.0000	0.0000	0.0000
525	0.0000	0.0000	0.0000	0.0000	0.0000	0.0000	0.0000	0.0000	0.0000	0.0000
526	0.0000	0.0000	0.0000	0.0000	0.0000	0.0000	0.0000	0.0000	0.0000	0.0000
527	0.0000	0.0000	0.0000	0.0000	0.0000	0.0000	0.0000	0.0000	0.0000	0.0000
528	0.0000	0.0000	0.0000	0.0000	0.0000	0.0000	0.0000	0.0000	0.0000	0.0000
529	0.0000	0.0000	0.0000	0.0000	0.0000	0.0000	0.0000	0.0000	0.0000	0.0000
530	0.0000	0.0000	0.0000	0.0000	0.0000	0.0000	0.0000	0.0000	0.0000	0.0000
531	0.0000	0.0000	0.0000	0.0000	0.0000	0.0000	0.0000	0.0000	0.0000	0.0000
532	0.0000	0.0000	0.0000	0.0000	0.0000	0.0000	0.0000	0.0000	0.0000	0.0000
533	0.0000	0.0000	0.0000	0.0000	0.0000	0.0000	0.0000	0.0000	0.0000	0.0000
534	0.0000	0.0000	0.0000	0.0000	0.0000	0.0000	0.0000	0.0000	0.0000	0.0000
535	0.0000	0.0000	0.0000	0.0000	0.0000	0.0000	0.0000	0.0000	0.0000	0.0000
536	0.0000	0.0000	0.0000	0.0000	0.0000	0.0000	0.0000	0.0000	0.0000	0.0000
537	0.0000	0.0000	0.0000	0.0000	0.0000	0.0000	0.0000	0.0000	0.0000	0.0000
538	0.0000	0.0000	0.0000	0.0000	0.0000	0.0000	0.0000	0.0000	0.0000	0.0000
539	0.0000	0.0000	0.0000	0.0000	0.0000	0.0000	0.0000	0.0000	0.0000	0.0000
540	0.0000	0.0000	0.0000	0.0000	0.0000	0.0000	0.0000	0.0000	0.0000	0.0000
541	0.0000	0.0000	0.0000	0.0000	0.0000	0.0000	0.0000	0.0000	0.0000	0.0000
542	0.0000	0.0000	0.0000	0.0000	0.0000	0.0000	0.0000	0.0000	0.0000	0.0000
543	0.0000	0.0000	0.0000	0.0000	0.0000	0.0000	0.0000	0.0000	0.0000	0.0000
544	0.0000	0.0000	0.0000	0.0000	0.0000	0.0000	0.0000	0.0000	0.0000	0.0000
545	0.0000	0.0000	0.0000	0.0000	0.0000	0.0000	0.0000	0.0000	0.0000	0.0000
546	0.0000	0.0000	0.0000	0.0000	0.0000	0.0000	0.0000	0.0000	0.0000	0.0000
547	0.0000	0.0000	0.0000	0.0000	0.0000	0.0000	0.0000	0.0000	0.0000	0.0000
548	0.0000	0.0000	0.0000	0.0000	0.0000	0.0000	0.0000	0.0000	0.0000	0.0000
549	0.0000	0.0000	0.0000	0.0000	0.0000	0.0000	0.0000	0.0000	0.0000	0.0000
550	0.0000	0.0000	0.0000	0.0000	0.0000	0.0000	0.0000	0.0000	0.0000	0.0000
551	0.0000	0.0000	0.0000	0.0000	0.0000	0.0000	0.0000	0.0000	0.0000	0.0000
552	0.0000	0.0000	0.0000	0.0000	0.0000	0.0000	0.0000	0.0000	0.0000	0.0000
553	0.0000	0.0000	0.0000	0.0000	0.0000	0.0000	0.0000	0.0000	0.0000	0.0000
554	0.0000	0.0000	0.0000	0.0000	0.0000	0.0000	0.0000	0.0000	0.0000	0.0000
555	0.0000	0.0000	0.0000	0.0000	0.0000	0.0000	0.0000	0.0000	0.0000	0.0000
556	0.0000	0.0000	0.0000	0.0000	0.0000	0.0000	0.0000	0.0000	0.0000	0.0000
557	0.0000	0.0000	0.0000	0.0000	0.0000	0.0000	0.0000	0.0000	0.0000	0.0000
558	0.0000	0.0000	0.0000	0.0000	0.0000	0.0000	0.0000	0.0000	0.0000	0.0000
559	0.0000	0.0000	0.0000	0.0000	0.0000	0.0000	0.0000	0.0000	0.0000	0.0000
560	0.0000	0.0000	0.0000	0.0000	0.0000	0.0000	0.0000	0.0000	0.0000	0.0000
561	0.0000	0.0000	0.0000	0.0000	0.0000	0.0000	0.0000	0.0000	0.0000	0.0000
562	0.0000	0.0000	0.0000	0.0000	0.0000	0.0000	0.0000	0.0000	0.0000	0.0000
563	0.0000	0.0000	0.0000	0.0000	0.0000	0.0000	0.0000	0.0000	0.0000	0.0000
564	0.0000	0.0000	0.0000	0.0000	0.0000	0.0000	0.0000	0.0000	0.0000	0.0000
565	0.0000	0.0000	0.0000	0.0000	0.0000	0.0000	0.0000	0.0000	0.0000	0.0000
566	0.0000	0.0000	0.0000	0.0000	0.0000	0.0000	0.0000	0.0000	0.0000	0.0000
567	0.0000	0.0000	0.0000	0.0000	0.0000	0.0000	0.0000	0.0000	0.0000	0.0000
568	0.0000	0.0000	0.0000	0.0000	0.0000	0.0000	0.0000	0.0000	0.0000	0.0000
569	0.0000	0.0000	0.0000	0.0000	0.0000	0.0000	0.0000	0.0000	0.0000	0.0000
570	0.0000	0.0000	0.0000	0.0000	0.0000	0.0000	0.0000	0.0000	0.0000	0.0000
571	0.0000	0.0000	0.0000	0.0000	0.0000	0.0000	0.0000	0.0000	0.0000	0.0000
572	0.0000	0.0000	0.0000	0.0000	0.0000	0.0000	0.0000	0.0000	0.0000	0.0000
573	0.0000	0.0000	0.0000	0.0000	0.0000	0.0000	0.0000	0.0000	0.0000	0.0000
574	0.0000	0.0000	0.0000	0.0000	0.0000	0.0000	0.0000	0.0000	0.0000	0.0000
575	0.0000	0.0000	0.0000	0.0000	0.0000	0.0000	0.0000	0.0000	0.0000	0.0000
576	0.0000	0.0000	0.0000	0.0000	0.0000	0.0000	0.0000	0.0000	0.0000	0.0000
577	0.0000	0.0000	0.0000	0.0000	0.0000	0.0000	0.0000	0.0000	0.0000	0.0000
578	0.0000	0.0000	0.0000	0.0000	0.0000	0.0000	0.0000	0.0000	0.0000	0.0000
579	0.0000	0.0000	0.0000	0.0000	0.0000	0.0000	0.0000	0.0000	0.0000	0.0000
580	0.0000	0.0000	0.0000	0.0000	0.0000	0.0000	0.0000	0.0000	0.0000	0.0000
581	0.0000	0.0000	0.0000	0.0000	0.0000	0.0000	0.0000	0.0000	0.0000	0.0000
582	0.0000	0.0000	0.0000	0.0000	0.0000	0.0000	0.0000	0.0000	0.0000	0.0000
583	0.0000	0.0000	0.0000	0.0000	0.0000	0.0000	0.0000	0.0000	0.0000	0.0000
584	0.0000	0.0000	0.0000	0.0000	0.0000	0.0000	0.0000	0.0000	0.0000	0.0000
585	0.0000	0.0000	0.0000	0.0000	0.0000	0.0000	0.0000	0.0000	0.0000	0.0000
586	0.0000	0.0000	0.0000	0.0000	0.0000	0.0000	0.0000	0.0000	0.0000	0.0000
587	0.0000	0.0000	0.0000	0.0000	0.0000	0.0000	0.0000	0.0000	0.0000	0.0000
588	0.0000	0.0000	0.0000	0.0000	0.0000	0.0000	0.0000	0.0000	0.0000	0.0000
589	0.0000	0.0000	0.0000	0.0000	0.0000	0.0000	0.0000	0.0000	0.0000	0.0000
590	0.0000	0.0000	0.0000	0.0000	0.0000	0.0000	0.0000	0.0000	0.0000	0.0000
591	0.0000	0.0000	0.0000	0.0000	0.0000	0.0000	0.0000	0.0000	0.0000	0.0000
592	0.0000	0.0000	0.0000	0.0000	0.0000	0.0000	0.0000	0.0000	0.0000	0.0000
593	0.0000	0.0000	0.0000	0.0000	0.0000	0.0000	0.0000	0.0000	0.0000	0.0000
594	0.0000	0.0000	0.0000	0.0000	0.0000	0.0000	0.0000	0.0000	0.0000	0.0000
595	0.0000	0.0000	0.0000	0.0000	0.0000	0.0000	0.0000	0.0000	0.0000	0.0000
596	0.0000	0.0000	0.0000	0.0000	0.0000	0.0000	0.0000	0.0000	0.0000	0.0000
597	0.0000	0.0000	0.0000	0.0000	0.0000	0.0000	0.0000	0.0000	0.0000	0.0000
598	0.0000	0.0000	0.0000	0.0000	0.0000	0.0000	0.0000	0.0000	0.0000	0.0000
599	0.0000	0.0000	0.0000	0.0000	0.0000	0.0000	0.0000	0.0000	0.0000	0.0000
600	0.0000	0.0000	0.0000	0.0000	0.0000	0.0000	0.0000	0.0000	0.0000	0.0000
601	0.0000	0.0000	0.0000	0.0000	0.0000	0.0000	0.0000	0.0000	0.0000	0.0000
602	0.0000	0.0000	0.0000	0.0000	0.0000	0.0000	0.0000	0.0000	0.0000	0.0000
603	0.0000	0.0000	0.0000	0.0000	0.0000	0.0000	0.0000	0.0000	0.0000	0.0000
604	0.0000	0.0000	0.0000	0.0000	0.0000	0.0000	0.0000	0.0000	0.0000	0.0000
605	0.0000	0.0000	0.0000	0.0000	0.0000	0.0000	0.0000	0.0000	0.0000	0.0000
606	0.0000	0.0000	0.0000	0.0000	0.0000	0.0000	0.0000	0.0000	0.0000	0.0000
607	0.0000	0.0000	0.0000	0.0000	0.0000	0.0000	0.0000	0.0000	0.0000	0.0000
608	0.0000	0.0000	0.0000	0.0000	0.0000	0.0000	0.0000	0.0000	0.0000	0.0000
609	0.0000	0.0000	0.0000	0.0000	0.0000	0.0000	0.0000	0.0000	0.0000	0.0000
610	0.0000	0.0000	0.0000	0.0000	0.0000	0.0000	0.0000	0.0000	0.0000	0.0000
611	0.0000	0.0000	0.0000	0.0000	0.0000	0.0000	0.0000	0.0000	0.0000	0.0000
612	0.0000	0.0000	0.0000	0.0000	0.0000	0.0000	0.0000	0.0000	0.0000	0.0000
613	0.0000	0.0000	0.0000	0.0000	0.0000	0.0000	0.0000	0.0000	0.0000	0.0000
614	0.0000	0.0000	0.0000	0.0000	0.0000	0.0000	0.0000	0.0000	0.0000	0.0000
615	0.0000	0.0000	0.0000	0.0000	0.0000	0.0000	0.0000	0.0000	0.0000	0.0000
616	0.0000	0.0000	0.0000	0.0000	0.0000	0.0000	0.0000	0.0000	0.0000	0.0000
617	0.0000	0.0000	0.0000	0.0000	0.0000	0.0000	0.0000	0.0000	0.0000	0.0000
618	0.0000	0.0000	0.0000	0.0000	0.0000	0.0000	0.0000	0.0000	0.0000	0.0000
619	0.0000	0.0000	0.0000	0.0000	0.0000	0.0000	0.0000	0.0000	0.0000	0.0000
620	0.0000	0.0000	0.0000	0.0000	0.0000	0.0000	0.0000	0.0000	0.0000	0.0000
621	0.0000	0.0000	0.0000	0.0000	0.0000	0.0000	0.0000	0.0000	0.0000	0.0000
622	0.0000	0.0000	0.0000	0.0000	0.0000	0.0000	0.0000	0.0000	0.0000	0.0000
623	0.0000	0.0000	0.0000	0.0000	0.0000	0.0000	0.0000	0.0000	0.0000	0.0000
624	0.0000	0.0000	0.0000	0.0000	0.0000	0.0000	0.0000	0.0000	0.0000	0.0000
625	0.0000	0.0000	0.0000	0.0000	0.0000	0.0000	0.0000	0.0000	0.0000	0.0000
626	0.0000	0.0000	0.0000	0.0000	0.0000	0.0000	0.0000	0.0000	0.0000	0.0000
627	0.0000	0.0000	0.0000	0.0000	0.0000	0.0000	0.0000	0.0000	0.0000	0.0000
628	0.0000	0.0000	0.0000	0.0000	0.0000	0.0000	0.0000	0.0000	0.0000	0.0000
629	0.0000	0.0000	0.0000	0.0000	0.0000	0.0000	0.0000	0.0000	0.0000	0.0000
630	0.0000	0.0000	0.0000	0.0000	0.0000	0.0000	0.0000	0.0000	0.0000	0.0000
631	0.0000	0.0000	0.0000	0.0000	0.0000	0.0000	0.0000	0.0000	0.0000	0.0000
632	0.0000	0.0000	0.0000	0.0000	0.0000	0.0000	0.0000	0.0000	0.0000	0.0000
633	0.0000	0.0000	0.0000	0.0000	0.0000	0.0000	0.0000	0.0000	0.0000	0.0000
634	0.0000	0.0000	0.0000	0.0000	0.0000	0.0000	0.0000	0.0000	0.0000	0.0000
635	0.0000	0.0000	0.0000	0.0000	0.0000	0.0000	0.0000	0.0000	0.0000	0.0000
636	0.0000	0.0000	0.0000	0.0000	0.0000	0.0000	0.0000	0.0000	0.0000	0.0000
637	0.0000	0.0000	0.0000	0.0000	0.0000	0.0000	0.0000	0.0000	0.0000	0.0000
638	0.0000	0.0000	0.0000	0.0000	0.0000	0.0000	0.0000	0.0000	0.0000	0.0000
639	0.0000	0.0000	0.0000	0.0000	0.0000	0.0000	0.0000	0.0000	0.0000	0.0000
640	0.0000	0.0000	0.0000	0.0000	0.0000	0.0000	0.0000	0.0000	0.0000	0.0000
641	0.0000	0.0000	0.0000	0.0000	0.0000	0.0000	0.0000	0.0000	0.0000	0.0000
642	0.0000	0.0000	0.0000	0.0000	0.0000	0.0000	0.0000	0.0000	0.0000	0.0000
643	0.0000	0.0000	0.0000	0.0000	0.0000	0.0000	0.0000	0.0000	0.0000	0.0000
644	0.0000	0.0000	0.0000	0.0000	0.0000	0.0000	0.0000	0.0000	0.0000	0.0000
645	0.0000	0.0000	0.0000	0.0000	0.0000	0.0000	0.0000	0.0000	0.0000	0.0000
646	0.0000	0.0000	0.0000	0.0000	0.0000	0.0000	0.0000	0.0000	0.0000	0.0000
647	0.0000	0.0000	0.0000	0.0000	0.0000	0.0000	0.0000	0.0000	0.0000	0.0000
648	0.0000	0.0000	0.0000	0.0000	0.0000	0.0000	0.0000	0.0000	0.0000	0.0000
649	0.0000	0.0000	0.0000	0.0000	0.0000	0.0000	0.0000	0.0000	0.0000	0.0000
650	0.0000	0.0000	0.0000	0.0000	0.0000	0.0000	0.0000	0.0000	0.0000	0.0000
651	0.0000	0.0000	0.0000	0.0000	0.0000	0.0000	0.0000	0.0000	0.0000	0.0000
652	0.0000	0.0000	0.0000	0.0000	0.0000	0.0000	0.0000	0.0000	0.0000	0.0000
653	0.0000	0.0000	0.0000	0.0000	0.0000	0.0000	0.0000	0.0000	0.0000	0.0000
654	0.0000	0.0000	0.0000	0.0000	0.0000	0.0000	0.0000	0.0000	0.0000	0.0000
655	0.0000	0.0000	0.0000	0.0000	0.0000	0.0000	0.0000	0.0000	0.0000	0.0000
656	0.0000	0.0000	0.0000	0.0000	0.0000	0.0000	0.0000	0.0000	0.0000	0.0000
657	0.0000	0.0000	0.0000	0.0000	0.0000	0.0000	0.0000	0.0000	0.0000	0.0000
658	0.0000	0.0000	0.0000	0.0000	0.0000	0.0000	0.0000	0.0000	0.0000	0.0000
659	0.0000	0.0000	0.0000	0.0000	0.0000	0.0000	0.0000	0.0000	0.0000	0.0000
660	0.0000	0.0000	0.0000	0.0000	0.0000	0.0000	0.0000	0.0000	0.0000	0.0000
661	0.0000	0.0000	0.0000	0.0000	0.0000	0.0000	0.0000	0.0000	0.0000	0.0000
662	0.0000	0.0000	0.0000	0.0000	0.0000	0.0000	0.0000	0.0000	0.0000	0.0000
663	0.0000	0.0000	0.0000	0.0000	0.0000	0.0000	0.0000	0.0000	0.0000	0.0000
664	0.0000	0.0000	0.0000	0.0000	0.0000	0.0000	0.0000	0.0000	0.0000	0.0000
665	0.0000	0.0000	0.0000	0.0000	0.0000	0.0000	0.0000	0.0000	0.0000	0.0000
666	0.0000	0.0000	0.0000	0.0000	0.0000	0.0000	0.0000	0.0000	0.0000	0.0000
667	0.0000	0.0000	0.0000	0.0000	0.0000	0.0000	0.0000	0.0000	0.0000	0.0000
668	0.0000	0.0000	0.0000	0.0000	0.0000	0.0000	0.0000	0.0000	0.0000	0.0000
669	0.0000	0.0000	0.0000	0.0000	0.0000	0.0000	0.0000	0.0000	0.0000	0.0000
670	0.0000	0.0000	0.0000	0.0000	0.0000	0.0000	0.0000	0.0000	0.0000	0.0000
671	0.0000	0.0000	0.0000	0.0000	0.0000	0.0000	0.0000	0.0000	0.0000	0.0000
672	0.0000	0.0000	0.0000	0.0000	0.0000	0.0000	0.0000	0.0000	0.0000	0.0000
673	0.0000	0.0000	0.0000	0.0000	0.0000	0.0000	0.0000	0.0000	0.0000	0.0000
674	0.0000	0.0000	0.0000	0.0000	0.0000	0.0000	0.0000	0.0000	0.0000	0.0000
675	0.0000	0.0000	0.0000	0.0000	0.0000	0.0000	0.0000	0.0000	0.0000	0.0000
676	0.0000	0.0000	0.0000	0.0000	0.0000	0.0000	0.0000	0.0000	0.0000	0.0000
677	0.0000	0.0000	0.0000	0.0000	0.0000	0.0000	0.0000	0.0000	0.0000	0.0000
678	0.0000	0.0000	0.0000	0.0000	0.0000	0.0000	0.0000	0.0000	0.0000	0.0000
679	0.0000	0.0000	0.0000	0.0000	0.0000	0.0000	0.0000	0.0000	0.0000	0.0000
680	0.0000	0.0000	0.0000	0.0000	0.0000	0.0000	0.0000	0.0000	0.0000	0.0000
681	0.0000	0.0000	0.0000	0.0000	0.0000	0.0000	0.0000	0.0000	0.0000	0.0000
682	0.0000	0.0000	0.0000	0.0000	0.0000	0.0000	0.0000	0.0000	0.0000	0.0000
683	0.0000	0.0000	0.0000	0.0000	0.0000	0.0000	0.0000	0.0000	0.0000	0.0000
684	0.0000	0.0000	0.0000	0.0000	0.0000	0.0000	0.0000	0.0000	0.0000	0.0000
685	0.0000	0.0000	0.0000	0.0000	0.0000	0.0000	0.0000	0.0000	0.0000	0.0000
686	0.0000	0.0000	0.0000	0.0000	0.0000	0.0000	0.0000	0.0000	0.0000	0.0000
687	0.0000	0.0000	0.0000	0.0000	0.0000	0.0000	0.0000	0.0000	0.0000	0.0000
688	0.0000	0.0000	0.0000	0.0000	0.0000	0.0000	0.0000	0.0000	0.0000	0.0000
689	0.0000	0.0000	0.0000	0.0000	0.0000	0.0000	0.0000	0.0000	0.0000	0.0000
690	0.0000	0.0000	0.0000	0.0000	0.0000	0.0000	0.0000	0.0000	0.0000	0.0000
691	0.0000	0.0000	0.0000	0.0000	0.0000	0.0000	0.0000	0.0000	0.0000	0.0000
692	0.0000	0.0000	0.0000	0.0000	0.0000	0.0000	0.0000	0.0000	0.0000	0.0000
693	0.0000	0.0000	0.0000	0.0000	0.0000	0.0000	0.0000	0.0000	0.0000	0.0000
694	0.0000	0.0000	0.0000	0.0000	0.0000	0.0000	0.0000	0.0000	0.0000	0.0000
695	0.0000	0.0000	0.0000	0.0000	0.0000	0.0000	0.0000	0.0000	0.0000	0.0000
696	0.0000	0.0000	0.0000	0.0000	0.0000	0.0000	0.0000	0.0000	0.0000	0.0000
697	0.0000	0.0000	0.0000	0.0000	0.0000	0.0000	0.0000	0.0000	0.0000	0.0000
698	0.0000	0.0000	0.0000	0.0000	0.0000	0.0000	0.0000	0.0000	0.0000	0.0000
699	0.0000	0.0000	0.0000	0.0000	0.0000	0.0000	0.0000	0.0000	0.0000	0.0000
700	0.0000	0.0000	0.0000	0.0000	0.0000	0.0000	0.0000	0.0000	0.0000	0.0000
701	0.0000	0.0000	0.0000	0.0000	0.0000	0.0000	0.0000	0.0000	0.0000	0.0000
702	0.0000	0.0000	0.0000	0.0000	0.0000	0.0000	0.0000	0.0000	0.0000	0.0000
703	0.0000	0.0000	0.0000	0.0000	0.0000	0.0000	0.0000	0.0000	0.0000	0.0000
704	0.0000	0.0000	0.0000	0.0000	0.0000	0.0000	0.0000	0.0000	0.0000	0.0000
705	0.0000	0.0000	0.0000	0.0000	0.0000	0.0000	0.0000	0.0000	0.0000	0.0000
706	0.0000	0.0000	0.0000	0.0000	0.0000	0.0000	0.0000	0.0000	0.0000	0.0000
707	0.0000	0.0000	0.0000	0.0000	0.0000	0.0000	0.0000	0.0000	0.0000	0.0000
708	0.0000	0.0000	0.0000	0.0000	0.0000	0.0000	0.0000	0.0000	0.0000	0.0000
709	0.0000	0.0000	0.0000	0.0000	0.0000	0.0000	0.0000	0.0000	0.0000	0.0000
710	0.0000	0.0000	0.0000	0.0000	0.0000	0.0000	0.0000	0.0000	0.0000	0.0000
711	0.0000	0.0000	0.0000	0.0000	0.0000	0.0000	0.0000	0.0000	0.0000	0.0000
712	0.0000	0.0000	0.0000	0.0000	0.0000	0.0000	0.0000	0.0000	0.0000	0.0000
713	0.0000	0.0000	0.0000	0.0000	0.0000	0.0000	0.0000	0.0000	0.0000	0.0000
714	0.0000	0.0000	0.0000	0.0000	0.0000	0.0000	0.0000	0.0000	0.0000	0.0000
715	0.0000	0.0000	0.0000	0.0000	0.0000	0.0000	0.0000	0.0000	0.0000	0.0000
716	0.0000	0.0000	0.0000	0.0000	0.0000	0.0000	0.0000	0.0000	0.0000	0.0000
717	0.0000	0.0000	0.0000	0.0000	0.0000	0.0000	0.0000	0.0000	0.0000	0.0000
718	0.0000	0.0000	0.0000	0.0000	0.0000	0.0000	0.0000	0.0000	0.0000	0.0000
719	0.0000	0.0000	0.0000	0.0000	0.0000	0.0000	0.0000	0.0000	0.0000	0.0000
720	0.0000	0.0000	0.0000	0.0000	0.0000	0.0000	0.0000	0.0000	0.0000	0.0000
721	0.0000	0.0000	0.0000	0.0000	0.0000	0.0000	0.0000	0.0000	0.0000	0.0000
722	0.0000	0.0000	0.0000	0.0000	0.0000	0.0000	0.0000	0.0000	0.0000	0.0000
723	0.0000	0.0000	0.0000	0.0000	0.0000	0.0000	0.0000	0.0000	0.0000	0.0000
724	0.0000	0.0000	0.0000	0.0000	0.0000	0.0000	0.0000	0.0000	0.0000	0.0000
725	0.0000	0.0000	0.0000	0.0000	0.0000	0.0000	0.0000	0.0000	0.0000	0.0000
726	0.0000	0.0000	0.0000	0.0000	0.0000	0.0000	0.0000	0.0000	0.0000	0.0000
727	0.0000	0.0000	0.0000	0.0000	0.0000	0.0000	0.0000	0.0000	0.0000	0.0000
728	0.0000	0.0000	0.0000	0.0000	0.0000	0.0000	0.0000	0.0000	0.0000	0.0000
729	0.0000	0.0000	0.0000	0.0000	0.0000	0.0000	0.0000	0.0000	0.0000	0.0000
730	0.0000	0.0000	0.0000	0.0000	0.0000	0.0000	0.0000	0.0000	0.0000	0.0000
731	0.0000	0.0000	0.0000	0.0000	0.0000	0.0000	0.0000	0.0000	0.0000	0.0000
732	0.0000	0.0000	0.0000	0.0000	0.0000	0.0000	0.0000	0.0000	0.0000	0.0000
733	0.0000	0.0000	0.0000	0.0000	0.0000	0.0000	0.0000	0.0000	0.0000	0.0000
734	0.0000	0.0000	0.0000	0.0000	0.0000	0.0000	0.0000	0.0000	0.0000	0.0000
735	0.0000	0.0000	0.0000	0.0000	0.0000	0.0000	0.0000	0.0000	0.0000	0.0000
736	0.0000	0.0000	0.0000	0.0000	0.0000	0.0000	0.0000	0.0000	0.0000	0.0000
737	0.0000	0.0000	0.0000	0.0000	0.0000	0.0000	0.0000	0.0000	0.0000	0.0000
738	0.0000	0.0000	0.0000	0.0000	0.0000	0.0000	0.0000	0.0000	0.0000	0.0000
739	0.0000	0.0000	0.0000	0.0000	0.0000	0.0000	0.0000	0.0000	0.0000	0.0000
740	0.0000	0.0000	0.0000	0.0000	0.0000	0.0000	0.0000	0.0000	0.0000	0.0000
741	0.0000	0.0000	0.0000	0.0000	0.0000	0.0000	0.0000	0.0000	0.0000	0.0000
742	0.0000	0.0000	0.0000	0.0000	0.0000	0.0000	0.0000	0.0000	0.0000	0.0000
743	0.0000	0.0000	0.0000	0.0000	0.0000	0.0000	0.0000	0.0000	0.0000	0.0000
744	0.0000	0.0000	0.0000	0.0000	0.0000	0.0000	0.0000	0.0000	0.0000	0.0000
745	0.0000	0.0000	0.0000	0.0000	0.0000	0.0000	0.0000	0.0000	0.0000	0.0000
746	0.0000	0.0000	0.0000	0.0000	0.0000	0.0000	0.0000	0.0000	0.0000	0.0000
747	0.0000	0.0000	0.0000	0.0000	0.0000	0.0000	0.0000	0.0000	0.0000	0.0000
748	0.0000	0.0000	0.0000	0.0000	0.0000	0.0000	0.0000	0.0000	0.0000	0.0000
749	0.0000	0.0000	0.0000	0.0000	0.0000	0.0000	0.0000	0.0000	0.0000	0.0000
750	0.0000	0.0000	0.0000	0.0000	0.0000	0.0000	0.0000	0.0000	0.0000	0.0000
751	0.0000	0.0000	0.0000	0.0000	0.0000	0.0000	0.0000	0.0000	0.0000	0.0000
752	0.0000	0.0000	0.0000	0.0000	0.0000	0.0000	0.0000	0.0000	0.0000	0.0000
753	0.0000	0.0000	0.0000	0.0000	0.0000	0.0000	0.0000	0.0000	0.0000	0.0000
754	0.0000	0.0000	0.0000	0.0000	0.0000	0.0000	0.0000	0.0000	0.0000	0.0000
755	0.0000	0.0000	0.0000	0.0000	0.0000	0.0000	0.0000	0.0000	0.0000	0.0000
756	0.0000	0.0000	0.0000	0.0000	0.0000	0.0000	0.0000	0.0000	0.0000	0.0000
757	0.0000	0.0000	0.0000	0.0000	0.0000	0.0000	0.0000	0.0000	0.0000	0.0000
758	0.0000	0.0000	0.0000	0.0000	0.0000	0.0000	0.0000	0.0000	0.0000	0.0000
759	0.0000	0.0000	0.0000	0.0000	0.0000	0.0000	0.0000	0.0000	0.0000	0.0000
760	0.0000	0.0000	0.0000	0.0000	0.0000	0.0000	0.0000	0.0000	0.0000	0.0000
761	0.0000	0.0000	0.0000	0.0000	0.0000	0.0000	0.0000	0.0000	0.0000	0.0000
762	0.0000	0.0000	0.0000	0.0000	0.0000	0.0000	0.0000	0.0000	0.0000	0.0000
763	0.0000	0.0000	0.0000	0.0000	0.0000	0.0000	0.0000	0.0000	0.0000	0.0000
764	0.0000	0.0000	0.0000	0.0000	0.0000	0.0000	0.0000	0.0000	0.0000	0.0000
765	0.0000	0.0000	0.0000	0.0000	0.0000	0.0000	0.0000	0.0000	0.0000	0.0000
766	0.0000	0.0000	0.0000	0.0000	0.0000	0.0000	0.0000	0.0000	0.0000	0.0000
767	0.0000	0.0000	0.0000	0.0000	0.0000	0.0000	0.0000	0.0000	0.0000	0.0000
768	0.0000	0.0000	0.0000	0.0000	0.0000	0.0000	0.0000	0.0000	0.0000	0.0000
769	0.0000	0.0000	0.0000	0.0000	0.0000	0.0000	0.0000	0.0000	0.0000	0.0000
770	0.0000	0.0000	0.0000	0.0000	0.0000	0.0000	0.0000	0.0000	0.0000	0.0000
771	0.0000	0.0000	0.0000	0.0000	0.0000	0.0000	0.0000	0.0000	0.0000	0.0000
772	0.0000	0.0000	0.0000	0.0000	0.0000	0.0000	0.0000	0.0000	0.0000	0.0000
773	0.0000	0.0000	0.0000	0.0000	0.0000	0.0000	0.0000	0.0000	0.0000	0.0000
774	0.0000	0.0000	0.0000	0.0000	0.0000	0.0000	0.0000	0.0000	0.0000	0.0000
775	0.0000	0.0000	0.0000	0.0000	0.0000	0.0000	0.0000	0.0000	0.0000	0.0000
776	0.0000	0.0000	0.0000	0.0000	0.0000	0.0000	0.0000	0.0000	0.0000	0.0000
777	0.0000	0.0000	0.0000	0.0000	0.0000	0.0000	0.0000	0.0000	0.0000	0.0000
778	0.0000	0.0000	0.0000	0.0000	0.0000	0.0000	0.0000	0.0000	0.0000	0.0000
779	0.0000	0.0000	0.0000	0.0000	0.0000	0.0000	0.0000	0.0000	0.0000	0.0000
780	0.0000	0.0000	0.0000	0.0000	0.0000	0.0000	0.0000	0.0000	0.0000	0.0000
781	0.0000	0.0000	0.0000	0.0000	0.0000	0.0000	0.0000	0.0000	0.0000	0.0000
782	0.0000	0.0000	0.0000	0.0000	0.0000	0.0000	0.0000	0.0000	0.0000	0.0000
783	0.0000	0.0000	0.0000	0.0000	0.0000	0.0000	0.0000	0.0000	0.0000	0.0000
784	0.0000	0.0000	0.0000	0.0000	0.0000	0.0000	0.0000	0.0000	0.0000	0.0000
785	0.0000	0.0000	0.0000	0.0000	0.0000	0.0000	0.0000	0.0000	0.0000	0.0000
786	0.0000	0.0000	0.0000	0.0000	0.0000	0.0000	0.0000	0.0000	0.0000	0.0000
787	0.0000	0.0000	0.0000	0.0000	0.0000	0.0000	0.0000	0.0000	0.0000	0.0000
788	0.0000	0.0000	0.0000	0.0000	0.0000	0.0000	0.0000	0.0000	0.0000	0.0000
789	0.0000	0.0000	0.0000	0.0000	0.0000	0.0000	0.0000	0.0000	0.0000	0.0000
790	0.0000	0.0000	0.0000	0.0000	0.0000	0.0000	0.0000	0.0000	0.0000	0.0000
791	0.0000	0.0000	0.0000	0.0000	0.0000	0.0000	0.0000	0.0000	0.0000	0.0000
792	0.0000	0.0000	0.0000	0.0000	0.0000	0.0000	0.0000	0.0000	0.0000	0.0000
793	0.0000	0.0000	0.0000	0.0000	0.0000	0.0000	0.0000	0.0000	0.0000	0.0000
794	0.0000	0.0000	0.0000	0.0000	0.0000	0.0000	0.0000	0.0000	0.0000	0.0000
795	0.0000	0.0000	0.0000	0.0000	0.0000	0.0000	0.0000	0.0000	0.0000	0.0000
796	0.0000	0.0000	0.0000	0.0000	0.0000	0.0000	0.0000	0.0000	0.0000	0.0000
797	0.0000	0.0000	0.0000	0.0000	0.0000	0.0000	0.0000	0.0000	0.0000	0.0000
798	0.0000	0.0000	0.0000	0.0000	0.0000	0.0000	0.0000	0.0000	0.0000	0.0000
799	0.0000	0.0000	0.0000	0.0000	0.0000	0.0000	0.0000	0.0000	0.0000	0.0000
800	0.0000	0.0000	0.0000	0.0000	0.0000	0.0000	0.0000	0.0000	0.0000	0.0000
801	0.0000	0.0000	0.0000	0.0000	0.0000	0.0000	0.0000	0.0000	0.0000	0.0000
802	0.0000	0.0000	0.0000	0.0000	0.0000	0.0000	0.0000	0.0000	0.0000	0.0000
803	0.0000	0.0000	0.0000	0.0000	0.0000	0.0000	0.0000	0.0000	0.0000	0.0000
804	0.0000	0.0000	0.0000	0.0000	0.0000	0.0000	0.0000	0.0000	0.0000	0.0000
805	0.0000	0.0000	0.0000	0.0000	0.0000	0.0000	0.0000	0.0000	0.0000	0.0000
806	0.0000	0.0000	0.0000	0.0000	0.0000	0.0000	0.0000	0.0000	0.0000	0.0000
807	0.0000	0.0000	0.0000	0.0000	0.0000	0.0000	0.0000	0.0000	0.0000	0.0000
808	0.0000	0.0000	0.0000	0.0000	0.0000	0.0000	0.0000	0.0000	0.0000	0.0000
809	0.0000	0.0000	0.0000	0.0000	0.0000	0.0000	0.0000	0.0000	0.0000	0.0000
810	0.0000	0.0000	0.0000	0.0000	0.0000	0.0000	0.0000	0.0000	0.0000	0.0000
811	0.0000	0.0000	0.0000	0.0000	0.0000	0.0000	0.0000	0.0000	0.0000	0.0000
812	0.0000	0.0000	0.0000	0.0000	0.0000	0.0000	0.0000	0.0000	0.0000	0.0000
813	0.0000	0.0000	0.0000	0.0000	0.0000	0.0000	0.0000	0.0000	0.0000	0.0000
814	0.0000	0.0000	0.0000	0.0000	0.0000	0.0000	0.0000	0.0000	0.0000	0.0000
815	0.0000	0.0000	0.0000	0.0000	0.0000	0.0000	0.0000	0.0000	0.0000	0.0000
816	0.0000	0.0000	0.0000	0.0000	0.0000	0.0000	0.0000	0.0000	0.0000	0.0000
817	0.0000	0.0000	0.0000	0.0000	0.0000	0.0000	0.0000	0.0000	0.0000	0.0000
818	0.0000	0.0000	0.0000	0.0000	0.0000	0.0000	0.0000	0.0000	0.0000	0.0000
819	0.0000	0.0000	0.0000	0.0000	0.0000	0.0000	0.0000	0.0000	0.0000	0.0000
820	0.0000	0.0000	0.0000	0.0000	0.0000	0.0000	0.0000	0.0000	0.0000	0.0000
821	0.0000	0.0000	0.0000	0.0000	0.0000	0.0000	0.0000	0.0000	0.0000	0.0000
822	0.0000	0.0000	0.0000	0.0000	0.0000	0.0000	0.0000	0.0000	0.0000	0.0000
823	0.0000	0.0000	0.0000	0.0000	0.0000	0.0000	0.0000	0.0000	0.0000	0.0000
824	0.0000	0.0000	0.0000	0.0000	0.0000	0.0000	0.0000	0.0000	0.0000	0.0000
825	0.0000	0.0000	0.0000	0.0000	0.0000	0.0000	0.0000	0.0000	0.0000	0.0000
826	0.0000	0.0000	0.0000	0.0000	0.0000	0.0000	0.0000	0.0000	0.0000	0.0000
827	0.0000	0.0000	0.0000	0.0000	0.0000	0.0000	0.0000	0.0000	0.0000	0.0000
828	0.0000	0.0000	0.0000	0.0000	0.0000	0.0000	0.0000	0.0000	0.0000	0.0000
829	0.0000	0.0000	0.0000	0.0000	0.0000	0.0000	0.0000	0.0000	0.0000	0.0000
830	0.0000	0.0000	0.0000	0.0000	0.0000	0.0000	0.0000	0.0000	0.0000	0.0000
831	0.0000	0.0000	0.0000	0.0000	0.0000	0.0000	0.0000	0.0000	0.0000	0.0000
832	0.0000	0.0000	0.0000	0.0000	0.0000	0.0000	0.0000	0.0000	0.0000	0.0000
833	0.0000	0.0000	0.0000	0.0000	0.0000	0.0000	0.0000	0.0000	0.0000	0.0000
834	0.0000	0.0000	0.0000	0.0000	0.0000	0.0000	0.0000	0.0000	0.0000	0.0000
835	0.0000	0.0000	0.0000	0.0000	0.0000	0.0000	0.0000	0.0000	0.0000	0.0000
836	0.0000	0.0000	0.0000	0.0000	0.0000	0.0000	0.0000	0.0000	0.0000	0.0000
837	0.0000	0.0000	0.0000	0.0000	0.0000	0.0000	0.0000	0.0000	0.0000	0.0000
838	0.0000	0.0000	0.0000	0.0000	0.0000	0.0000	0.0000	0.0000	0.0000	0.0000
839	0.0000	0.0000	0.0000	0.0000	0.0000	0.0000	0.0000	0.0000	0.0000	0.0000
840	0.0000	0.0000	0.0000	0.0000	0.0000	0.0000	0.0000	0.0000	0.0000	0.0000
841	0.0000	0.0000	0.0000	0.0000	0.0000	0.0000	0.0000	0.0000	0.0000	0.0000
842	0.0000	0.0000	0.0000	0.0000	0.0000	0.0000	0.0000	0.0000	0.0000	0.0000
843	0.0000	0.0000	0.0000	0.0000	0.0000	0.0000	0.0000	0.0000	0.0000	0.0000
844	0.0000	0.0000	0.0000	0.0000	0.0000	0.0000	0.0000	0.0000	0.0000	0.0000
845	0.0000	0.0000	0.0000	0.0000	0.0000	0.0000	0.0000	0.0000	0.0000	0.0000
846	0.0000	0.0000	0.0000	0.0000	0.0000	0.0000	0.0000	0.0000	0.0000	0.0000
847	0.0000	0.0000	0.0000	0.0000	0.0000	0.0000	0.0000	0.0000	0.0000	0.0000
848	0.0000	0.0000	0.0000	0.0000	0.0000	0.0000	0.0000	0.0000	0.0000	0.0000
849	0.0000	0.0000	0.0000	0.0000	0.0000	0.0000	0.0000	0.0000	0.0000	0.0000
850	0.0000	0.0000	0.0000	0.0000	0.0000	0.0000	0.0000	0.0000	0.0000	0.0000
851	0.0000	0.0000	0.0000	0.0000	0.0000	0.0000	0.0000	0.0000	0.0000	0.0000
852	0.0000	0.0000	0.0000	0.0000	0.0000	0.0000	0.0000	0.0000	0.0000	0.0000
853	0.0000	0.0000	0.0000	0.0000	0.0000	0.0000	0.0000	0.0000	0.0000	0.0000
854	0.0000	0.0000	0.0000	0.0000	0.0000	0.0000	0.0000	0.0000	0.0000	0.0000
855	0.0000	0.0000	0.0000	0.0000	0.0000	0.0000	0.0000	0.0000	0.0000	0.0000
856	0.0000	0.0000	0.0000	0.0000	0.0000	0.0000	0.0000	0.0000	0.0000	0.0000
857	0.0000	0.0000	0.0000	0.0000	0.0000	0.0000	0.0000	0.0000	0.0000	0.0000
858	0.0000	0.0000	0.0000	0.0000	0.0000	0.0000	0.0000	0.0000	0.0000	0.0000
859	0.0000	0.0000	0.0000	0.0000	0.0000	0.0000	0.0000	0.0000	0.0000	0.0000
860	0.0000	0.0000	0.0000	0.0000	0.0000	0.0000	0.0000	0.0000	0.0000	0.0000
861	0.0000	0.0000	0.0000	0.0000	0.0000	0.0000	0.0000	0.0000	0.0000	0.0000
862	0.0000	0.0000	0.0000	0.0000	0.0000	0.0000	0.0000	0.0000	0.0000	0.0000
863	0.0000	0.0000	0.0000	0.0000	0.0000	0.0000	0.0000	0.0000	0.0000	0.0000
864	0.0000	0.0000	0.0000	0.0000	0.0000	0.0000	0.0000	0.0000	0.0000	0.0000
865	0.0000	0.0000	0.0000	0.0000	0.0000	0.0000	0.0000	0.0000	0.0000	0.0000
866	0.0000	0.0000	0.0000	0.0000	0.0000	0.0000	0.0000	0.0000	0.0000	0.0000
867	0.0000	0.0000	0.0000	0.0000	0.0000	0.0000	0.0000	0.0000	0.0000	0.0000
868	0.0000	0.0000	0.0000	0.0000	0.0000	0.0000	0.0000	0.0000	0.0000	0.0000
869	0.0000	0.0000	0.0000	0.0000	0.0000	0.0000	0.0000	0.0000	0.0000	0.0000
870	0.0000	0.0000	0.0000	0.0000	0.0000	0.0000	0.0000	0.0000	0.0000	0.0000
871	0.0000	0.0000	0.0000	0.0000	0.0000	0.0000	0.0000	0.0000	0.0000	0.0000
872	0.0000	0.0000	0.0000	0.0000	0.0000	0.0000	0.0000	0.0000	0.0000	0.0000
873	0.0000	0.0000	0.0000	0.0000	0.0000	0.0000	0.0000	0.0000	0.0000	0.0000
874	0.0000	0.0000	0.0000	0.0000	0.0000	0.0000	0.0000	0.0000	0.0000	0.0000
875	0.0000	0.0000	0.0000	0.0000	0.0000	0.0000	0.0000	0.0000	0.0000	0.0000
876	0.0000	0.0000	0.0000	0.0000	0.0000	0.0000	0.0000	0.0000	0.0000	0.0000
877	0.0000	0.0000	0.0000	0.0000	0.0000	0.0000	0.0000	0.0000	0.0000	0.0000
878	0.0000	0.0000	0.0000	0.0000	0.0000	0.0000	0.0000	0.0000	0.0000	0.0000
879	0.0000	0.0000	0.0000	0.0000	0.0000	0.0000	0.0000	0.0000	0.0000	0.0000
880	0.0000	0.0000	0.0000	0.0000	0.0000	0.0000	0.0000	0.0000	0.0000	0.0000
881	0.0000	0.0000	0.0000	0.0000	0.0000	0.0000	0.0000	0.0000	0.0000	0.0000
882	0.0000	0.0000	0.0000	0.0000	0.0000	0.0000	0.0000	0.0000	0.0000	0.0000
883	0.0000	0.0000	0.0000	0.0000	0.0000	0.0000	0.0000	0.0000	0.0000	0.0000
884	0.0000	0.0000	0.0000	0.0000	0.0000	0.0000	0.0000	0.0000	0.0000	0.0000
885	0.0000	0.0000	0.0000	0.0000	0.0000	0.0000	0.0000	0.0000	0.0000	0.0000
886	0.0000	0.0000	0.0000	0.0000	0.0000	0.0000	0.0000	0.0000	0.0000	0.0000
887	0.0000	0.0000	0.0000	0.0000	0.0000	0.0000	0.0000	0.0000	0.0000	0.0000
888	0.0000	0.0000	0.0000	0.0000	0.0000	0.0000	0.0000	0.0000	0.0000	0.0000
889	0.0000	0.0000	0.0000	0.0000	0.0000	0.0000	0.0000	0.0000	0.0000	0.0000
890	0.0000	0.0000	0.0000	0.0000	0.0000	0.0000	0.0000	0.0000	0.0000	0.0000
891	0.0000	0.0000	0.0000	0.0000	0.0000	0.0000	0.0000	0.0000	0.0000	0.0000
892	0.0000	0.0000	0.0000	0.0000	0.0000	0.0000	0.0000	0.0000	0.0000	0.0000
893	0.0000	0.0000	0.0000	0.0000	0.0000	0.0000	0.0000	0.0000	0.0000	0.0000
894	0.0000	0.0000	0.0000	0.0000	0.0000	0.0000	0.0000	0.0000	0.0000	0.0000
895	0.0000	0.0000	0.0000	0.0000	0.0000	0.0000	0.0000	0.0000	0.0000	0.0000
896	0.0000	0.0000	0.0000	0.0000	0.0000	0.0000	0.0000	0.0000	0.0000	0.0000
897	0.0000	0.0000	0.0000	0.0000	0.0000	0.0000	0.0000	0.0000	0.0000	0.0000
898	0.0000	0.0000	0.0000	0.0000	0.0000	0.0000	0.0000	0.0000	0.0000	0.0000
899	0.0000	0.0000	0.0000	0.0000	0.0000	0.0000	0.0000	0.0000	0.0000	0.0000
900	0.0000	0.0000	0.0000	0.0000	0.0000	0.0000	0.0000	0.0000	0.0000	0.0000
901	0.0000	0.0000	0.0000	0.0000	0.0000	0.0000	0.0000	0.0000	0.0000	0.0000
902	0.0000	0.0000	0.0000	0.0000	0.0000	0.0000	0.0000	0.0000	0.0000	0.0000
903	0.0000	0.0000	0.0000	0.0000	0.0000	0.0000	0.0000	0.0000	0.0000	0.0000
904	0.0000	0.0000	0.0000	0.0000	0.0000	0.0000	0.0000	0.0000	0.0000	0.0000
905	0.0000	0.0000	0.0000	0.0000	0.0000	0.0000	0.0000	0.0000	0.0000	0.0000
906	0.0000	0.0000	0.0000	0.0000	0.0000	0.0000	0.0000	0.0000	0.0000	0.0000
907	0.0000	0.0000	0.0000	0.0000	0.0000	0.0000	0.0000	0.0000	0.0000	0.0000
908	0.0000	0.0000	0.0000	0.0000	0.0000	0.0000	0.0000	0.0000	0.0000	0.0000
909	0.0000	0.0000	0.0000	0.0000	0.0000	0.0000	0.0000	0.0000	0.0000	0.0000
910	0.0000	0.0000	0.0000	0.0000	0.0000	0.0000	0.0000	0.0000	0.0000	0.0000
911	0.0000	0.0000	0.0000	0.0000	0.0000	0.0000	0.0000	0.0000	0.0000	0.0000
912	0.0000	0.0000	0.0000	0.0000	0.0000	0.0000	0.0000	0.0000	0.0000	0.0000
913	0.0000	0.0000	0.0000	0.0000	0.0000	0.0000	0.0000	0.0000	0.0000	0.0000
914	0.0000	0.0000	0.0000	0.0000	0.0000	0.0000	0.0000	0.0000	0.0000	0.0000
915	0.0000	0.0000	0.0000	0.0000	0.0000	0.0000	0.0000	0.0000	0.0000	0.0000
916	0.0000	0.0000	0.0000	0.0000	0.0000	0.0000	0.0000	0.0000	0.0000	0.0000
917	0.0000	0.0000	0.0000	0.0000	0.0000	0.0000	0.0000	0.0000	0.0000	0.0000
918	0.0000	0.0000	0.0000	0.0000	0.0000	0.0000	0.0000	0.0000	0.0000	0.0000
919	0.0000	0.0000	0.0000	0.0000	0.0000	0.0000	0.0000	0.0000	0.0000	0.0000
920	0.0000	0.0000	0.0000	0.0000	0.0000	0.0000	0.0000	0.0000	0.0000	0.0000
921	0.0000	0.0000	0.0000	0.0000	0.0000	0.0000	0.0000	0.0000	0.0000	0.0000
922	0.0000	0.0000	0.0000	0.0000	0.0000	0.0000	0.0000	0.0000	0.0000	0.0000
923	0.0000	0.0000	0.0000	0.0000	0.0000	0.0000	0.0000	0.0000	0.0000	0.0000
924	0.0000	0.0000	0.0000	0.0000	0.0000	0.0000	0.0000	0.0000	0.0000	0.0000
925	0.0000	0.0000	0.0000	0.0000	0.0000	0.0000	0.0000	0.0000	0.0000	0.0000
926	0.0000	0.0000	0.0000	0.0000	0.0000	0.0000	0.0000	0.0000	0.0000	0.0000
927	0.0000	0.0000	0.0000	0.0000	0.0000	0.0000	0.0000	0.0000	0.0000	0.0000
928	0.0000	0.0000	0.0000	0.0000	0.0000	0.0000	0.0000	0.0000	0.0000	0.0000
929	0.0000	0.0000	0.0000	0.0000	0.0000	0.0000	0.0000	0.0000	0.0000	0.0000
930	0.0000	0.0000	0.0000	0.0000	0.0000	0.0000	0.0000	0.0000	0.0000	0.0000
931	0.0000	0.0000	0.0000	0.0000	0.0000	0.0000	0.0000	0.0000	0.0000	0.0000
932	0.0000	0.0000	0.0000	0.0000	0.0000	0.0000	0.0000	0.0000	0.0000	0.0000
933	0.0000	0.0000	0.0000	0.0000	0.0000	0.0000	0.0000	0.0000	0.0000	0.0000
934	0.0000	0.0000	0.0000	0.0000	0.0000	0.0000	0.0000	0.0000	0.0000	0.0000
935	0.0000	0.0000	0.0000	0.0000	0.0000	0.0000	0.0000	0.0000	0.0000	0.0000
936	0.0000	0.0000	0.0000	0.0000	0.0000	0.0000	0.0000	0.0000	0.0000	0.0000
937	0.0000	0.0000	0.0000	0.0000	0.0000	0.0000	0.0000	0.0000	0.0000	0.0000
938	0.0000	0.0000	0.0000	0.0000	0.0000	0.0000	0.0000	0.0000	0.0000	0.0000
939	0.0000	0.0000	0.0000	0.0000	0.0000	0.0000	0.0000	0.0000	0.0000	0.0000
940	0.0000	0.0000	0.0000	0.0000	0.0000	0.0000	0.0000	0.0000	0.0000	0.0000
941	0.0000	0.0000	0.0000	0.0000	0.0000	0.0000	0.0000	0.0000	0.0000	0.0000
942	0.0000	0.0000	0.0000	0.0000	0.0000	0.0000	0.0000	0.0000	0.0000	0.0000
943	0.0000	0.0000	0.0000	0.0000	0.0000	0.0000	0.0000	0.0000	0.0000	0.0000
944	0.0000	0.0000	0.0000	0.0000	0.0000	0.0000	0.0000	0.0000	0.0000	0.0000
945	0.0000	0.0000	0.0000	0.0000	0.0000	0.0000	0.0000	0.0000	0.0000	0.0000
946	0.0000	0.0000	0.0000	0.0000	0.0000	0.0000	0.0000	0.0000	0.0000	0.0000
947	0.0000	0.0000	0.0000	0.0000	0.0000	0.0000	0.0000	0.0000	0.0000	0.0000
948	0.0000	0.0000	0.0000	0.0000	0.0000	0.0000	0.0000	0.0000	0.0000	0.0000
949	0.0000	0.0000	0.0000	0.0000	0.0000	0.0000	0.0000	0.0000	0.0000	0.0000
950	0.0000	0.0000	0.0000	0.0000	0.0000	0.0000	0.0000	0.0000	0.0000	0.0000
951	0.0000	0.0000	0.0000	0.0000	0.0000	0.0000	0.0000	0.0000	0.0000	0.0000
952	0.0000	0.0000	0.0000	0.0000	0.0000	0.0000	0.0000	0.0000	0.0000	0.0000
953	0.0000	0.0000	0.0000	0.0000	0.0000	0.0000	0.0000	0.0000	0.0000	0.0000
954	0.0000	0.0000	0.0000	0.0000	0.0000	0.0000	0.0000	0.0000	0.0000	0.0000
955	0.0000	0.0000	0.0000	0.0000	0.0000	0.0000	0.0000	0.0000	0.0000	0.0000
956	0.0000	0.0000	0.0000	0.0000	0.0000	0.0000	0.0000	0.0000	0.0000	0.0000
957	0.0000	0.0000	0.0000	0.0000	0.0000	0.0000	0.0000	0.0000	0.0000	0.0000
958	0.0000	0.0000	0.0000	0.0000	0.0000	0.0000	0.0000	0.0000	0.0000	0.0000
959	0.0000	0.0000	0.0000	0.0000	0.0000	0.0000	0.0000	0.0000	0.0000	0.0000
960	0.0000	0.0000	0.0000	0.0000	0.0000	0.0000	0.0000	0.0000	0.0000	0.0000
961	0.0000	0.0000	0.0000	0.0000	0.0000	0.0000	0.0000	0.0000	0.0000	0.0000
962	0.0000	0.0000	0.0000	0.0000	0.0000	0.0000	0.0000	0.0000	0.0000	0.0000
963	0.0000	0.0000	0.0000	0.0000	0.0000	0.0000	0.0000	0.0000	0.0000	0.0000
964	0.0000	0.0000	0.0000	0.0000	0.0000	0.0000	0.0000	0.0000	0.0000	0.0000
965	0.0000	0.0000	0.0000	0.0000	0.0000	0.0000	0.0000	0.0000	0.0000	0.0000
966	0.0000	0.0000	0.0000	0.0000	0.0000	0.0000	0.0000	0.0000	0.0000	0.0000
967	0.0000	0.0000	0.0000	0.0000	0.0000	0.0000	0.0000	0.0000	0.0000	0.0000
968	0.0000	0.0000	0.0000	0.0000	0.0000	0.0000	0.0000	0.0000	0.0000	0.0000
969	0.0000	0.0000	0.0000	0.0000	0.0000	0.0000	0.0000	0.0000	0.0000	0.0000
970	0.0000	0.0000	0.0000	0.0000	0.0000	0.0000	0.0000	0.0000	0.0000	0.0000
971	0.0000	0.0000	0.0000	0.0000	0.0000	0.0000	0.0000	0.0000	0.0000	0.0000
972	0.0000	0.0000	0.0000	0.0000	0.0000	0.0000	0.0000	0.0000	0.0000	0.0000
973	0.0000	0.0000	0.0000	0.0000	0.0000	0.0000	0.0000	0.0000	0.0000	0.0000
974	0.0000	0.0000	0.0000	0.0000	0.0000	0.0000	0.0000	0.0000	0.0000	0.0000
975	0.0000	0.0000	0.0000	0.0000	0.0000	0.0000	0.0000	0.0000	0.0000	0.0000
976	0.0000	0.0000	0.0000	0.0000	0.0000	0.0000	0.0000	0.0000	0.0000	0.0000
977	0.0000	0.0000	0.0000	0.0000	0.0000	0.0000	0.0000	0.0000	0.0000	0.0000
978	0.0000	0.0000	0.0000	0.0000	0.0000	0.0000	0.0000	0.0000	0.0000	0.0000
979	0.0000	0.0000	0.0000	0.0000	0.0000	0.0000	0.0000	0.0000	0.0000	0.0000
980	0.0000	0.0000	0.0000	0.0000	0.0000	0.0000	0.0000	0.0000	0.0000	0.0000
981	0.0000	0.0000	0.0000	0.0000	0.0000	0.0000	0.0000	0.0000	0.0000	0.0000
982	0.0000	0.0000	0.0000	0.0000	0.0000	0.0000	0.0000	0.0000	0.0000	0.0000
983	0.0000	0.0000	0.0000	0.0000	0.0000	0.0000	0.0000	0.0000	0.0000	0.0000
984	0.0000	0.0000	0.0000	0.0000	0.0000	0.0000	0.0000	0.0000	0.0000	0.0000
985	0.0000	0.0000	0.0000	0.0000	0.0000	0.0000	0.0000	0.0000	0.0000	0.0000
986	0.0000	0.0000	0.0000	0.0000	0.0000	0.0000	0.0000	0.0000	0.0000	0.0000
987	0.0000	0.0000	0.0000	0.0000	0.0000	0.0000	0.0000	0.0000	0.0000	0.0000
988	0.0000	0.0000	0.0000	0.0000	0.0000	0.0000	0.0000	0.0000	0.0000	0.0000
989	0.0000	0.0000	0.0000	0.0000	0.0000	0.0000	0.0000	0.0000	0.0000	0.0000
990	0.0000	0.0000	0.0000	0.0000	0.0000	0.0000	0.0000	0.0000	0.0000	0.0000
991	0.0000	0.0000	0.0000	0.0000	0.0000	0.0000	0.0000	0.0000	0.0000	0.0000
992	0.0000	0.0000	0.0000	0.0000	0.0000	0.0000	0.0000	0.0000	0.0000	0.0000
993	0.0000	0.0000	0.0000	0.0000	0.0000	0.0000	0.0000	0.0000	0.0000	0.0000
994	0.0000	0.0000	0.0000	0.0000	0.0000	0.0000	0.0000	0.0000	0.0000	0.0000
995	0.0000	0.0000	0.0000	0.0000	0.0000	0.0000	0.0000	0.0000	0.0000	0.0000
996	0.0000	0.0000	0.0000	0.0000	0.0000	0.0000	0.0000	0.0000	0.0000	0.0000
997	0.0000	0.0000	0.0000	0.0000	0.0000	0.0000	0.0000	0.0000	0.0000	0.0000
998	0.0000	0.0000	0.0000	0.0000	0.0000	0.0000	0.0000	0.0000	0.0000	0.0000
999	0.0000	0.0000	0.0000	0.0000	0.0000	0.0000	0.0000	0.0000	0.0000	0.0000
