i	x_from_vent	y_from_vent	x_coord	y_coord	sigma_square	mass_released
0	28629.5318	-41648.6410	706592.5318	3490514.3590	470359617.7428	3.2308e+05
1	33308.4682	-49324.5580	711271.4682	3482838.4420	578122406.1401	3.2254e+05
2	38165.7122	-57424.7233	716128.7122	3474738.2767	694894667.5547	3.2201e+05
3	43259.4668	-65763.6223	721222.4668	3466399.3777	817772806.3402	3.2148e+05
4	48778.3666	-74229.6333	726741.3666	3457933.3667	947760819.9586	3.2095e+05
5	54809.5869	-82770.3949	732772.5869	3449392.6051	1085634807.2906	3.2042e+05
6	61305.3865	-91325.4281	739268.3865	3440837.5719	1231397218.5070	3.1990e+05
7	68233.2668	-99842.3023	746196.2668	3432320.6977	1384611081.9406	3.1937e+05
8	75487.2363	-108210.0380	753450.2363	3423952.9620	1544523590.5842	3.1885e+05
9	82959.1397	-116335.4949	760922.1397	3415827.5051	1710405975.0294	3.1832e+05
10	90577.7364	-124173.6509	768540.7364	3407989.3491	1881863183.6027	3.1780e+05
11	98354.2650	-131708.4966	776317.2650	3400454.5034	2058531289.2019	3.1727e+05
12	106301.5071	-138927.2366	784264.5071	3393235.7634	2240017541.0413	3.1675e+05
13	114326.4215	-145861.2201	792289.4215	3386301.7799	2425982555.9229	3.1623e+05
14	122405.0580	-152520.5290	800368.0580	3379642.4710	2616035907.2432	3.1571e+05
15	130576.5242	-158883.2188	808539.5242	3373279.7812	2809734332.8999	3.1519e+05
16	138845.2662	-164936.0442	816808.2662	3367226.9558	3006655389.9540	3.1467e+05
17	147104.2622	-170734.2441	825067.2622	3361428.7559	3206475900.7859	3.1416e+05
18	155374.4377	-176266.1536	833337.4377	3355896.8464	3408774437.2864	3.1364e+05
19	163721.2706	-181479.9842	841684.2706	3350683.0158	3613085520.8207	3.1312e+05
20	171997.9986	-186470.5254	849960.9986	3345692.4746	3819153589.9438	3.1261e+05
21	180279.1865	-191185.0942	858242.1865	3340977.9058	4026519259.2699	3.1210e+05
22	188542.3809	-195658.6353	866505.3809	3336504.3647	4234806448.6013	3.1158e+05
23	196686.3934	-199959.3756	874649.3934	3332203.6244	4443466383.3290	3.1107e+05
24	204868.0757	-204072.3253	882831.0757	3328090.6747	4652427928.2742	3.1056e+05
25	212889.3650	-208070.9892	890852.3650	3324092.0108	4861343408.5060	3.1005e+05
26	220889.4492	-211945.3451	898852.4492	3320217.6549	5069660154.4449	3.0954e+05
27	228749.8450	-215707.0372	906712.8450	3316455.9628	5277275877.2770	3.0903e+05
28	236550.6829	-219348.4596	914513.6829	3312814.5404	5483771020.6938	3.0852e+05
29	244215.3567	-222879.4182	922178.3567	3309283.5818	5689018897.4456	3.0802e+05
30	251808.0504	-226292.7062	929771.0504	3305870.2938	5892657646.2916	3.0751e+05
31	259244.6948	-229602.0073	937207.6948	3302560.9927	6094614918.6852	3.0701e+05
32	266621.5954	-232792.7319	944584.5954	3299370.2681	6294492460.2351	3.0650e+05
33	273799.8764	-235891.8102	951762.8764	3296271.1898	6492360076.9966	3.0600e+05
34	280954.0495	-238866.0085	958917.0495	3293296.9915	6687681933.2288	3.0550e+05
35	287903.9007	-241754.6837	965866.9007	3290408.3163	6880643493.0298	3.0500e+05
36	294770.0519	-244532.2916	972733.0519	3287630.7084	7070830717.5626	3.0450e+05
37	301492.7302	-247215.0358	979455.7302	3284947.9642	7258221797.2629	3.0400e+05
38	308034.4641	-249812.8228	985997.4641	3282350.1772	7442784079.5156	3.0350e+05
39	314520.0666	-252294.6929	992483.0666	3279868.3071	7624067150.7509	3.0300e+05
40	320805.6557	-254699.5192	998768.6557	3277463.4808	7802214976.7177	3.0250e+05
41	326943.4499	-257013.9038	1004906.4499	3275149.0962	7976953275.2672	3.0201e+05
42	332980.5611	-259225.9403	1010943.5611	3272937.0597	8148024292.6036	3.0151e+05
43	338820.1041	-261365.1253	1016783.1041	3270797.8747	8315513611.8102	3.0102e+05
44	344501.8127	-263420.6354	1022464.8127	3268742.3646	8479202091.2249	3.0052e+05
45	350083.2709	-265376.0019	1028046.2709	3266786.9981	8638831863.8971	3.0003e+05
46	355469.9631	-267262.7219	1033432.9631	3264900.2781	8794518931.4843	2.9954e+05
47	360664.3469	-269081.6687	1038627.3469	3263081.3313	8946157527.3549	2.9905e+05
48	365767.1684	-270799.8828	1043730.1684	3261363.1172	9093402312.0165	2.9856e+05
49	370695.0944	-272447.6623	1048658.0944	3259715.3377	9236370853.1250	2.9807e+05
50	375433.3931	-274031.6731	1053396.3931	3258131.3269	9375019866.2884	2.9758e+05
51	379984.3380	-275552.6879	1057947.3380	3256610.3121	9509269482.6319	2.9709e+05
52	384444.8929	-276982.1037	1062407.8929	3255180.8963	9638858693.0167	2.9661e+05
53	388727.5472	-278348.3392	1066690.5472	3253814.6608	9763222398.7511	2.9612e+05
54	392820.8349	-279653.8800	1070783.8349	3252509.1200	9883575020.8075	2.9564e+05
55	396719.0232	-280896.9155	1074682.0232	3251266.0845	9998958131.6127	2.9515e+05
56	400429.6429	-282072.5186	1078392.6429	3250090.4814	10109065861.7967	2.9467e+05
57	404011.4103	-283163.1618	1081974.4103	3248999.8382	10213553551.7222	2.9419e+05
58	407378.5369	-284188.2463	1085341.5369	3247974.7537	10312268793.4407	2.9370e+05
59	410527.3754	-285146.6761	1088490.3754	3247016.3239	10404984442.4366	2.9322e+05
60	413454.7811	-286037.5087	1091417.7811	3246125.4913	10491493706.4301	2.9274e+05
61	416158.0737	-286859.9429	1094121.0737	3245303.0571	10571609810.9521	2.9226e+05
62	418635.0017	-287613.3089	1096598.0017	3244549.6911	10645165677.3893	2.9179e+05
63	420529.5485	-288185.4398	1098492.5485	3243977.5602	10701794163.3409	2.9131e+05
64	421595.4337	-288498.7499	1099558.4337	3243664.2501	10734205383.3747	2.9083e+05
65	422544.9314	-288777.7471	1100507.9314	3243385.2529	10762866170.8625	2.9036e+05
66	423377.6256	-289022.3251	1101340.6256	3243140.6749	10787741432.5859	2.8988e+05
67	424093.2561	-289232.4234	1102056.2561	3242930.5766	10808804025.9847	2.8941e+05
68	424691.7106	-289408.0251	1102654.7106	3242754.9749	10826034560.7326	2.8893e+05
69	425173.0189	-289549.1550	1103136.0189	3242613.8450	10839421224.3705	2.8846e+05
70	425537.3475	-289655.8784	1103500.3475	3242507.1216	10848959631.2514	2.8799e+05
71	425784.9957	-289728.2994	1103747.9957	3242434.7006	10854652694.1471	2.8752e+05
72	425918.5963	-289767.2072	1103881.5963	3242395.7928	10856511315.0270	2.8705e+05
73	426014.6333	-289795.0800	1103977.6333	3242367.9200	10856511315.0270	2.8658e+05
74	426110.6703	-289822.9527	1104073.6703	3242340.0473	10856511315.0270	2.8611e+05
75	426206.7074	-289850.8254	1104169.7074	3242312.1746	10856511315.0270	2.8564e+05
76	426302.7444	-289878.6981	1104265.7444	3242284.3019	10856511315.0270	2.8518e+05
77	426398.7814	-289906.5709	1104361.7814	3242256.4291	10856511315.0270	2.8471e+05
78	426494.8185	-289934.4436	1104457.8185	3242228.5564	10856511315.0270	2.8425e+05
79	426590.8555	-289962.3163	1104553.8555	3242200.6837	10856511315.0270	2.8378e+05
80	426686.8925	-289990.1891	1104649.8925	3242172.8109	10856511315.0270	2.8332e+05
81	426782.9295	-290018.0618	1104745.9295	3242144.9382	10856511315.0270	2.8285e+05
82	426878.9666	-290045.9345	1104841.9666	3242117.0655	10856511315.0270	2.8239e+05
83	426975.0036	-290073.8073	1104938.0036	3242089.1927	10856511315.0270	2.8193e+05
84	427071.0406	-290101.6800	1105034.0406	3242061.3200	10856511315.0270	2.8147e+05
85	427167.0777	-290129.5527	1105130.0777	3242033.4473	10856511315.0270	2.8101e+05
86	427263.1147	-290157.4254	1105226.1147	3242005.5746	10856511315.0270	2.8055e+05
87	427359.1517	-290185.2982	1105322.1517	3241977.7018	10856511315.0270	2.8009e+05
88	427455.1887	-290213.1709	1105418.1887	3241949.8291	10856511315.0270	2.7964e+05
89	427551.2258	-290241.0436	1105514.2258	3241921.9564	10856511315.0270	2.7918e+05
90	427647.2628	-290268.9164	1105610.2628	3241894.0836	10856511315.0270	2.7873e+05
91	427743.2998	-290296.7891	1105706.2998	3241866.2109	10856511315.0270	2.7827e+05
92	427839.3369	-290324.6618	1105802.3369	3241838.3382	10856511315.0270	2.7782e+05
93	427935.3739	-290352.5345	1105898.3739	3241810.4655	10856511315.0270	2.7736e+05
94	428031.4109	-290380.4073	1105994.4109	3241782.5927	10856511315.0270	2.7691e+05
95	428127.4480	-290408.2800	1106090.4480	3241754.7200	10856511315.0270	2.7646e+05
96	428223.4850	-290436.1527	1106186.4850	3241726.8473	10856511315.0270	2.7601e+05
97	428319.5220	-290464.0255	1106282.5220	3241698.9745	10856511315.0270	2.7556e+05
98	428415.5590	-290491.8982	1106378.5590	3241671.1018	10856511315.0270	2.7511e+05
99	428511.5961	-290519.7709	1106474.5961	3241643.2291	10856511315.0270	2.7466e+05
100	428607.6331	-290547.6437	1106570.6331	3241615.3563	10856511315.0270	2.7421e+05
101	428703.6701	-290575.5164	1106666.6701	3241587.4836	10856511315.0270	2.7377e+05
102	428799.7072	-290603.3891	1106762.7072	3241559.6109	10856511315.0270	2.7332e+05
103	428895.7442	-290631.2618	1106858.7442	3241531.7382	10856511315.0270	2.7287e+05
104	428991.7812	-290659.1346	1106954.7812	3241503.8654	10856511315.0270	2.7243e+05
105	429087.8182	-290687.0073	1107050.8182	3241475.9927	10856511315.0270	2.7199e+05
106	429183.8553	-290714.8800	1107146.8553	3241448.1200	10856511315.0270	2.7154e+05
107	429279.8923	-290742.7528	1107242.8923	3241420.2472	10856511315.0270	2.7110e+05
108	429375.9293	-290770.6255	1107338.9293	3241392.3745	10856511315.0270	2.7066e+05
109	429471.9664	-290798.4982	1107434.9664	3241364.5018	10856511315.0270	2.7022e+05
110	429568.0034	-290826.3709	1107531.0034	3241336.6291	10856511315.0270	2.6978e+05
111	429664.0404	-290854.2437	1107627.0404	3241308.7563	10856511315.0270	2.6934e+05
112	429760.0774	-290882.1164	1107723.0774	3241280.8836	10856511315.0270	2.6890e+05
113	429856.1145	-290909.9891	1107819.1145	3241253.0109	10856511315.0270	2.6846e+05
114	429952.1515	-290937.8619	1107915.1515	3241225.1381	10856511315.0270	2.6803e+05
115	430048.1885	-290965.7346	1108011.1885	3241197.2654	10856511315.0270	2.6759e+05
116	430144.2256	-290993.6073	1108107.2256	3241169.3927	10856511315.0270	2.6715e+05
117	430240.2626	-291021.4801	1108203.2626	3241141.5199	10856511315.0270	2.6672e+05
118	430336.2996	-291049.3528	1108299.2996	3241113.6472	10856511315.0270	2.6629e+05
119	430432.3366	-291077.2255	1108395.3366	3241085.7745	10856511315.0270	2.6585e+05
120	430528.3737	-291105.0982	1108491.3737	3241057.9018	10856511315.0270	2.6542e+05
121	430624.4107	-291132.9710	1108587.4107	3241030.0290	10856511315.0270	2.6499e+05
122	430720.4477	-291160.8437	1108683.4477	3241002.1563	10856511315.0270	2.6456e+05
123	430816.4848	-291188.7164	1108779.4848	3240974.2836	10856511315.0270	2.6413e+05
124	430912.5218	-291216.5892	1108875.5218	3240946.4108	10856511315.0270	2.6370e+05
125	431008.5588	-291244.4619	1108971.5588	3240918.5381	10856511315.0270	2.6327e+05
126	431104.5959	-291272.3346	1109067.5959	3240890.6654	10856511315.0270	2.6284e+05
127	431200.6329	-291300.2073	1109163.6329	3240862.7927	10856511315.0270	2.6241e+05
128	431296.6699	-291328.0801	1109259.6699	3240834.9199	10856511315.0270	2.6199e+05
129	431392.7069	-291355.9528	1109355.7069	3240807.0472	10856511315.0270	2.6156e+05
130	431488.7440	-291383.8255	1109451.7440	3240779.1745	10856511315.0270	2.6114e+05
131	431584.7810	-291411.6983	1109547.7810	3240751.3017	10856511315.0270	2.6071e+05
132	431680.8180	-291439.5710	1109643.8180	3240723.4290	10856511315.0270	2.6029e+05
133	431776.8551	-291467.4437	1109739.8551	3240695.5563	10856511315.0270	2.5987e+05
134	431872.8921	-291495.3165	1109835.8921	3240667.6835	10856511315.0270	2.5944e+05
135	431968.9291	-291523.1892	1109931.9291	3240639.8108	10856511315.0270	2.5902e+05
136	432064.9661	-291551.0619	1110027.9661	3240611.9381	10856511315.0270	2.5860e+05
137	432161.0032	-291578.9346	1110124.0032	3240584.0654	10856511315.0270	2.5818e+05
138	432257.0402	-291606.8074	1110220.0402	3240556.1926	10856511315.0270	2.5776e+05
139	432353.0772	-291634.6801	1110316.0772	3240528.3199	10856511315.0270	2.5734e+05
140	432449.1143	-291662.5528	1110412.1143	3240500.4472	10856511315.0270	2.5693e+05
141	432545.1513	-291690.4256	1110508.1513	3240472.5744	10856511315.0270	2.5651e+05
142	432641.1883	-291718.2983	1110604.1883	3240444.7017	10856511315.0270	2.5609e+05
143	432737.2253	-291746.1710	1110700.2253	3240416.8290	10856511315.0270	2.5568e+05
144	432833.2624	-291774.0437	1110796.2624	3240388.9563	10856511315.0270	2.5526e+05
145	432929.2994	-291801.9165	1110892.2994	3240361.0835	10856511315.0270	2.5485e+05
146	433025.3364	-291829.7892	1110988.3364	3240333.2108	10856511315.0270	2.5443e+05
147	433121.3735	-291857.6619	1111084.3735	3240305.3381	10856511315.0270	2.5402e+05
148	433217.4105	-291885.5347	1111180.4105	3240277.4653	10856511315.0270	2.5361e+05
149	433313.4475	-291913.4074	1111276.4475	3240249.5926	10856511315.0270	2.5320e+05
150	433409.4846	-291941.2801	1111372.4846	3240221.7199	10856511315.0270	2.5279e+05
151	433505.5216	-291969.1529	1111468.5216	3240193.8471	10856511315.0270	2.5238e+05
152	433601.5586	-291997.0256	1111564.5586	3240165.9744	10856511315.0270	2.5197e+05
153	433697.5956	-292024.8983	1111660.5956	3240138.1017	10856511315.0270	2.5156e+05
154	433793.6327	-292052.7710	1111756.6327	3240110.2290	10856511315.0270	2.5115e+05
155	433889.6697	-292080.6438	1111852.6697	3240082.3562	10856511315.0270	2.5075e+05
156	433985.7067	-292108.5165	1111948.7067	3240054.4835	10856511315.0270	2.5034e+05
157	434081.7438	-292136.3892	1112044.7438	3240026.6108	10856511315.0270	2.4993e+05
158	434177.7808	-292164.2620	1112140.7808	3239998.7380	10856511315.0270	2.4953e+05
159	434273.8178	-292192.1347	1112236.8178	3239970.8653	10856511315.0270	2.4912e+05
160	434369.8548	-292220.0074	1112332.8548	3239942.9926	10856511315.0270	2.4872e+05
161	434465.8919	-292247.8801	1112428.8919	3239915.1199	10856511315.0270	2.4832e+05
162	434561.9289	-292275.7529	1112524.9289	3239887.2471	10856511315.0270	2.4792e+05
163	434657.9659	-292303.6256	1112620.9659	3239859.3744	10856511315.0270	2.4751e+05
164	434754.0030	-292331.4983	1112717.0030	3239831.5017	10856511315.0270	2.4711e+05
165	434850.0400	-292359.3711	1112813.0400	3239803.6289	10856511315.0270	2.4671e+05
166	434946.0770	-292387.2438	1112909.0770	3239775.7562	10856511315.0270	2.4631e+05
167	435042.1140	-292415.1165	1113005.1140	3239747.8835	10856511315.0270	2.4592e+05
168	435138.1511	-292442.9893	1113101.1511	3239720.0107	10856511315.0270	2.4552e+05
169	435234.1881	-292470.8620	1113197.1881	3239692.1380	10856511315.0270	2.4512e+05
170	435330.2251	-292498.7347	1113293.2251	3239664.2653	10856511315.0270	2.4472e+05
171	435426.2622	-292526.6074	1113389.2622	3239636.3926	10856511315.0270	2.4433e+05
172	435522.2992	-292554.4802	1113485.2992	3239608.5198	10856511315.0270	2.4393e+05
173	435618.3362	-292582.3529	1113581.3362	3239580.6471	10856511315.0270	2.4354e+05
174	435714.3732	-292610.2256	1113677.3732	3239552.7744	10856511315.0270	2.4314e+05
175	435810.4103	-292638.0984	1113773.4103	3239524.9016	10856511315.0270	2.4275e+05
176	435906.4473	-292665.9711	1113869.4473	3239497.0289	10856511315.0270	2.4236e+05
177	436002.4843	-292693.8438	1113965.4843	3239469.1562	10856511315.0270	2.4197e+05
178	436098.5214	-292721.7165	1114061.5214	3239441.2835	10856511315.0270	2.4158e+05
179	436194.5584	-292749.5893	1114157.5584	3239413.4107	10856511315.0270	2.4118e+05
180	436290.5954	-292777.4620	1114253.5954	3239385.5380	10856511315.0270	2.4080e+05
181	436386.6325	-292805.3347	1114349.6325	3239357.6653	10856511315.0270	2.4041e+05
182	436482.6695	-292833.2075	1114445.6695	3239329.7925	10856511315.0270	2.4002e+05
183	436578.7065	-292861.0802	1114541.7065	3239301.9198	10856511315.0270	2.3963e+05
184	436674.7435	-292888.9529	1114637.7435	3239274.0471	10856511315.0270	2.3924e+05
185	436770.7806	-292916.8257	1114733.7806	3239246.1743	10856511315.0270	2.3886e+05
186	436866.8176	-292944.6984	1114829.8176	3239218.3016	10856511315.0270	2.3847e+05
187	436962.8546	-292972.5711	1114925.8546	3239190.4289	10856511315.0270	2.3808e+05
188	437058.8917	-293000.4438	1115021.8917	3239162.5562	10856511315.0270	2.3770e+05
189	437154.9287	-293028.3166	1115117.9287	3239134.6834	10856511315.0270	2.3732e+05
190	437250.9657	-293056.1893	1115213.9657	3239106.8107	10856511315.0270	2.3693e+05
191	437347.0027	-293084.0620	1115310.0027	3239078.9380	10856511315.0270	2.3655e+05
192	437443.0398	-293111.9348	1115406.0398	3239051.0652	10856511315.0270	2.3617e+05
193	437539.0768	-293139.8075	1115502.0768	3239023.1925	10856511315.0270	2.3579e+05
194	437635.1138	-293167.6802	1115598.1138	3238995.3198	10856511315.0270	2.3541e+05
195	437731.1509	-293195.5529	1115694.1509	3238967.4471	10856511315.0270	2.3503e+05
196	437827.1879	-293223.4257	1115790.1879	3238939.5743	10856511315.0270	2.3465e+05
197	437923.2249	-293251.2984	1115886.2249	3238911.7016	10856511315.0270	2.3427e+05
198	438019.2619	-293279.1711	1115982.2619	3238883.8289	10856511315.0270	2.3389e+05
199	438115.2990	-293307.0439	1116078.2990	3238855.9561	10856511315.0270	2.3351e+05
200	438211.3360	-293334.9166	1116174.3360	3238828.0834	10856511315.0270	2.3314e+05
201	438307.3730	-293362.7893	1116270.3730	3238800.2107	10856511315.0270	2.3276e+05
202	438403.4101	-293390.6621	1116366.4101	3238772.3379	10856511315.0270	2.3239e+05
203	438499.4471	-293418.5348	1116462.4471	3238744.4652	10856511315.0270	2.3201e+05
204	438595.4841	-293446.4075	1116558.4841	3238716.5925	10856511315.0270	2.3164e+05
205	438691.5212	-293474.2802	1116654.5212	3238688.7198	10856511315.0270	2.3126e+05
206	438787.5582	-293502.1530	1116750.5582	3238660.8470	10856511315.0270	2.3089e+05
207	438883.5952	-293530.0257	1116846.5952	3238632.9743	10856511315.0270	2.3052e+05
208	438979.6322	-293557.8984	1116942.6322	3238605.1016	10856511315.0270	2.3015e+05
209	439075.6693	-293585.7712	1117038.6693	3238577.2288	10856511315.0270	2.2978e+05
210	439171.7063	-293613.6439	1117134.7063	3238549.3561	10856511315.0270	2.2941e+05
211	439267.7433	-293641.5166	1117230.7433	3238521.4834	10856511315.0270	2.2904e+05
212	439363.7804	-293669.3893	1117326.7804	3238493.6107	10856511315.0270	2.2867e+05
213	439459.8174	-293697.2621	1117422.8174	3238465.7379	10856511315.0270	2.2830e+05
214	439555.8544	-293725.1348	1117518.8544	3238437.8652	10856511315.0270	2.2793e+05
215	439651.8914	-293753.0075	1117614.8914	3238409.9925	10856511315.0270	2.2757e+05
216	439747.9285	-293780.8803	1117710.9285	3238382.1197	10856511315.0270	2.2720e+05
217	439843.9655	-293808.7530	1117806.9655	3238354.2470	10856511315.0270	2.2683e+05
218	439940.0025	-293836.6257	1117903.0025	3238326.3743	10856511315.0270	2.2647e+05
219	440036.0396	-293864.4985	1117999.0396	3238298.5015	10856511315.0270	2.2610e+05
220	440132.0766	-293892.3712	1118095.0766	3238270.6288	10856511315.0270	2.2574e+05
221	440228.1136	-293920.2439	1118191.1136	3238242.7561	10856511315.0270	2.2538e+05
222	440324.1506	-293948.1166	1118287.1506	3238214.8834	10856511315.0270	2.2501e+05
223	440420.1877	-293975.9894	1118383.1877	3238187.0106	10856511315.0270	2.2465e+05
224	440516.2247	-294003.8621	1118479.2247	3238159.1379	10856511315.0270	2.2429e+05
225	440612.2617	-294031.7348	1118575.2617	3238131.2652	10856511315.0270	2.2393e+05
226	440708.2988	-294059.6076	1118671.2988	3238103.3924	10856511315.0270	2.2357e+05
227	440804.3358	-294087.4803	1118767.3358	3238075.5197	10856511315.0270	2.2321e+05
228	440900.3728	-294115.3530	1118863.3728	3238047.6470	10856511315.0270	2.2285e+05
229	440996.4098	-294143.2257	1118959.4098	3238019.7743	10856511315.0270	2.2249e+05
230	441092.4469	-294171.0985	1119055.4469	3237991.9015	10856511315.0270	2.2213e+05
231	441188.4839	-294198.9712	1119151.4839	3237964.0288	10856511315.0270	2.2178e+05
232	441284.5209	-294226.8439	1119247.5209	3237936.1561	10856511315.0270	2.2142e+05
233	441380.5580	-294254.7167	1119343.5580	3237908.2833	10856511315.0270	2.2107e+05
234	441476.5950	-294282.5894	1119439.5950	3237880.4106	10856511315.0270	2.2071e+05
235	441572.6320	-294310.4621	1119535.6320	3237852.5379	10856511315.0270	2.2036e+05
236	441668.6691	-294338.3349	1119631.6691	3237824.6651	10856511315.0270	2.2000e+05
237	441764.7061	-294366.2076	1119727.7061	3237796.7924	10856511315.0270	2.1965e+05
238	441860.7431	-294394.0803	1119823.7431	3237768.9197	10856511315.0270	2.1930e+05
239	441956.7801	-294421.9530	1119919.7801	3237741.0470	10856511315.0270	2.1894e+05
240	442052.8172	-294449.8258	1120015.8172	3237713.1742	10856511315.0270	2.1859e+05
241	442148.8542	-294477.6985	1120111.8542	3237685.3015	10856511315.0270	2.1824e+05
242	442244.8912	-294505.5712	1120207.8912	3237657.4288	10856511315.0270	2.1789e+05
243	442340.9283	-294533.4440	1120303.9283	3237629.5560	10856511315.0270	2.1754e+05
244	442436.9653	-294561.3167	1120399.9653	3237601.6833	10856511315.0270	2.1719e+05
245	442533.0023	-294589.1894	1120496.0023	3237573.8106	10856511315.0270	2.1684e+05
246	442629.0393	-294617.0621	1120592.0393	3237545.9379	10856511315.0270	2.1649e+05
247	442725.0764	-294644.9349	1120688.0764	3237518.0651	10856511315.0270	2.1615e+05
248	442821.1134	-294672.8076	1120784.1134	3237490.1924	10856511315.0270	2.1580e+05
249	442917.1504	-294700.6803	1120880.1504	3237462.3197	10856511315.0270	2.1545e+05
250	443013.1875	-294728.5531	1120976.1875	3237434.4469	10856511315.0270	2.1511e+05
251	443109.2245	-294756.4258	1121072.2245	3237406.5742	10856511315.0270	2.1476e+05
252	443205.2615	-294784.2985	1121168.2615	3237378.7015	10856511315.0270	2.1442e+05
253	443301.2985	-294812.1713	1121264.2985	3237350.8287	10856511315.0270	2.1408e+05
254	443397.3356	-294840.0440	1121360.3356	3237322.9560	10856511315.0270	2.1373e+05
255	443493.3726	-294867.9167	1121456.3726	3237295.0833	10856511315.0270	2.1339e+05
256	443589.4096	-294895.7894	1121552.4096	3237267.2106	10856511315.0270	2.1305e+05
257	443685.4467	-294923.6622	1121648.4467	3237239.3378	10856511315.0270	2.1271e+05
258	443781.4837	-294951.5349	1121744.4837	3237211.4651	10856511315.0270	2.1236e+05
259	443877.5207	-294979.4076	1121840.5207	3237183.5924	10856511315.0270	2.1202e+05
260	443973.5577	-295007.2804	1121936.5577	3237155.7196	10856511315.0270	2.1168e+05
261	444069.5948	-295035.1531	1122032.5948	3237127.8469	10856511315.0270	2.1135e+05
262	444165.6318	-295063.0258	1122128.6318	3237099.9742	10856511315.0270	2.1101e+05
263	444261.6688	-295090.8985	1122224.6688	3237072.1015	10856511315.0270	2.1067e+05
264	444357.7059	-295118.7713	1122320.7059	3237044.2287	10856511315.0270	2.1033e+05
265	444453.7429	-295146.6440	1122416.7429	3237016.3560	10856511315.0270	2.0999e+05
266	444549.7799	-295174.5167	1122512.7799	3236988.4833	10856511315.0270	2.0966e+05
267	444645.8170	-295202.3895	1122608.8170	3236960.6105	10856511315.0270	2.0932e+05
268	444741.8540	-295230.2622	1122704.8540	3236932.7378	10856511315.0270	2.0899e+05
269	444837.8910	-295258.1349	1122800.8910	3236904.8651	10856511315.0270	2.0865e+05
270	444933.9280	-295286.0077	1122896.9280	3236876.9923	10856511315.0270	2.0832e+05
271	445029.9651	-295313.8804	1122992.9651	3236849.1196	10856511315.0270	2.0799e+05
272	445126.0021	-295341.7531	1123089.0021	3236821.2469	10856511315.0270	2.0765e+05
273	445222.0391	-295369.6258	1123185.0391	3236793.3742	10856511315.0270	2.0732e+05
274	445318.0762	-295397.4986	1123281.0762	3236765.5014	10856511315.0270	2.0699e+05
275	445414.1132	-295425.3713	1123377.1132	3236737.6287	10856511315.0270	2.0666e+05
276	445510.1502	-295453.2440	1123473.1502	3236709.7560	10856511315.0270	2.0633e+05
277	445606.1872	-295481.1168	1123569.1872	3236681.8832	10856511315.0270	2.0600e+05
278	445702.2243	-295508.9895	1123665.2243	3236654.0105	10856511315.0270	2.0567e+05
279	445798.2613	-295536.8622	1123761.2613	3236626.1378	10856511315.0270	2.0534e+05
280	445894.2983	-295564.7350	1123857.2983	3236598.2650	10856511315.0270	2.0501e+05
281	445990.3354	-295592.6077	1123953.3354	3236570.3923	10856511315.0270	2.0468e+05
282	446086.3724	-295620.4804	1124049.3724	3236542.5196	10856511315.0270	2.0436e+05
283	446182.4094	-295648.3531	1124145.4094	3236514.6469	10856511315.0270	2.0403e+05
284	446278.4464	-295676.2259	1124241.4464	3236486.7741	10856511315.0270	2.0370e+05
285	446374.4835	-295704.0986	1124337.4835	3236458.9014	10856511315.0270	2.0338e+05
286	446470.5205	-295731.9713	1124433.5205	3236431.0287	10856511315.0270	2.0305e+05
287	446566.5575	-295759.8441	1124529.5575	3236403.1559	10856511315.0270	2.0273e+05
288	446662.5946	-295787.7168	1124625.5946	3236375.2832	10856511315.0270	2.0240e+05
289	446758.6316	-295815.5895	1124721.6316	3236347.4105	10856511315.0270	2.0208e+05
290	446854.6686	-295843.4622	1124817.6686	3236319.5378	10856511315.0270	2.0176e+05
291	446950.7057	-295871.3350	1124913.7057	3236291.6650	10856511315.0270	2.0144e+05
292	447046.7427	-295899.2077	1125009.7427	3236263.7923	10856511315.0270	2.0111e+05
293	447142.7797	-295927.0804	1125105.7797	3236235.9196	10856511315.0270	2.0079e+05
294	447238.8167	-295954.9532	1125201.8167	3236208.0468	10856511315.0270	2.0047e+05
295	447334.8538	-295982.8259	1125297.8538	3236180.1741	10856511315.0270	2.0015e+05
296	447430.8908	-296010.6986	1125393.8908	3236152.3014	10856511315.0270	1.9983e+05
297	447526.9278	-296038.5714	1125489.9278	3236124.4286	10856511315.0270	1.9951e+05
298	447622.9649	-296066.4441	1125585.9649	3236096.5559	10856511315.0270	1.9920e+05
299	447719.0019	-296094.3168	1125682.0019	3236068.6832	10856511315.0270	1.9888e+05
300	447815.0389	-296122.1895	1125778.0389	3236040.8105	10856511315.0270	1.9856e+05
301	447911.0759	-296150.0623	1125874.0759	3236012.9377	10856511315.0270	1.9824e+05
302	448007.1130	-296177.9350	1125970.1130	3235985.0650	10856511315.0270	1.9793e+05
303	448103.1500	-296205.8077	1126066.1500	3235957.1923	10856511315.0270	1.9761e+05
304	448199.1870	-296233.6805	1126162.1870	3235929.3195	10856511315.0270	1.9730e+05
305	448295.2241	-296261.5532	1126258.2241	3235901.4468	10856511315.0270	1.9698e+05
306	448391.2611	-296289.4259	1126354.2611	3235873.5741	10856511315.0270	1.9667e+05
307	448487.2981	-296317.2986	1126450.2981	3235845.7014	10856511315.0270	1.9636e+05
308	448583.3351	-296345.1714	1126546.3351	3235817.8286	10856511315.0270	1.9604e+05
309	448679.3722	-296373.0441	1126642.3722	3235789.9559	10856511315.0270	1.9573e+05
310	448775.4092	-296400.9168	1126738.4092	3235762.0832	10856511315.0270	1.9542e+05
311	448871.4462	-296428.7896	1126834.4462	3235734.2104	10856511315.0270	1.9511e+05
312	448967.4833	-296456.6623	1126930.4833	3235706.3377	10856511315.0270	1.9480e+05
313	449063.5203	-296484.5350	1127026.5203	3235678.4650	10856511315.0270	1.9449e+05
314	449159.5573	-296512.4078	1127122.5573	3235650.5922	10856511315.0270	1.9418e+05
315	449255.5943	-296540.2805	1127218.5943	3235622.7195	10856511315.0270	1.9387e+05
316	449351.6314	-296568.1532	1127314.6314	3235594.8468	10856511315.0270	1.9356e+05
317	449447.6684	-296596.0259	1127410.6684	3235566.9741	10856511315.0270	1.9325e+05
318	449543.7054	-296623.8987	1127506.7054	3235539.1013	10856511315.0270	1.9294e+05
319	449639.7425	-296651.7714	1127602.7425	3235511.2286	10856511315.0270	1.9263e+05
320	449735.7795	-296679.6441	1127698.7795	3235483.3559	10856511315.0270	1.9233e+05
321	449831.8165	-296707.5169	1127794.8165	3235455.4831	10856511315.0270	1.9202e+05
322	449927.8536	-296735.3896	1127890.8536	3235427.6104	10856511315.0270	1.9172e+05
323	450023.8906	-296763.2623	1127986.8906	3235399.7377	10856511315.0270	1.9141e+05
324	450119.9276	-296791.1350	1128082.9276	3235371.8650	10856511315.0270	1.9111e+05
325	450215.9646	-296819.0078	1128178.9646	3235343.9922	10856511315.0270	1.9080e+05
326	450312.0017	-296846.8805	1128275.0017	3235316.1195	10856511315.0270	1.9050e+05
327	450408.0387	-296874.7532	1128371.0387	3235288.2468	10856511315.0270	1.9020e+05
328	450504.0757	-296902.6260	1128467.0757	3235260.3740	10856511315.0270	1.8989e+05
329	450600.1128	-296930.4987	1128563.1128	3235232.5013	10856511315.0270	1.8959e+05
330	450696.1498	-296958.3714	1128659.1498	3235204.6286	10856511315.0270	1.8929e+05
331	450792.1868	-296986.2442	1128755.1868	3235176.7558	10856511315.0270	1.8899e+05
332	450888.2238	-297014.1169	1128851.2238	3235148.8831	10856511315.0270	1.8869e+05
333	450984.2609	-297041.9896	1128947.2609	3235121.0104	10856511315.0270	1.8839e+05
334	451080.2979	-297069.8623	1129043.2979	3235093.1377	10856511315.0270	1.8809e+05
335	451176.3349	-297097.7351	1129139.3349	3235065.2649	10856511315.0270	1.8779e+05
336	451272.3720	-297125.6078	1129235.3720	3235037.3922	10856511315.0270	1.8749e+05
337	451368.4090	-297153.4805	1129331.4090	3235009.5195	10856511315.0270	1.8719e+05
338	451464.4460	-297181.3533	1129427.4460	3234981.6467	10856511315.0270	1.8690e+05
339	451560.4830	-297209.2260	1129523.4830	3234953.7740	10856511315.0270	1.8660e+05
340	451656.5201	-297237.0987	1129619.5201	3234925.9013	10856511315.0270	1.8630e+05
341	451752.5571	-297264.9714	1129715.5571	3234898.0286	10856511315.0270	1.8601e+05
342	451848.5941	-297292.8442	1129811.5941	3234870.1558	10856511315.0270	1.8571e+05
343	451944.6312	-297320.7169	1129907.6312	3234842.2831	10856511315.0270	1.8542e+05
344	452040.6682	-297348.5896	1130003.6682	3234814.4104	10856511315.0270	1.8512e+05
345	452136.7052	-297376.4624	1130099.7052	3234786.5376	10856511315.0270	1.8483e+05
346	452232.7422	-297404.3351	1130195.7422	3234758.6649	10856511315.0270	1.8454e+05
347	452328.7793	-297432.2078	1130291.7793	3234730.7922	10856511315.0270	1.8424e+05
348	452424.8163	-297460.0806	1130387.8163	3234702.9194	10856511315.0270	1.8395e+05
349	452520.8533	-297487.9533	1130483.8533	3234675.0467	10856511315.0270	1.8366e+05
350	452616.8904	-297515.8260	1130579.8904	3234647.1740	10856511315.0270	1.8337e+05
351	452712.9274	-297543.6987	1130675.9274	3234619.3013	10856511315.0270	1.8308e+05
352	452808.9644	-297571.5715	1130771.9644	3234591.4285	10856511315.0270	1.8279e+05
353	452905.0015	-297599.4442	1130868.0015	3234563.5558	10856511315.0270	1.8250e+05
354	453001.0385	-297627.3169	1130964.0385	3234535.6831	10856511315.0270	1.8221e+05
355	453097.0755	-297655.1897	1131060.0755	3234507.8103	10856511315.0270	1.8192e+05
356	453193.1125	-297683.0624	1131156.1125	3234479.9376	10856511315.0270	1.8163e+05
357	453289.1496	-297710.9351	1131252.1496	3234452.0649	10856511315.0270	1.8134e+05
358	453385.1866	-297738.8078	1131348.1866	3234424.1922	10856511315.0270	1.8106e+05
359	453481.2236	-297766.6806	1131444.2236	3234396.3194	10856511315.0270	1.8077e+05
360	453577.2607	-297794.5533	1131540.2607	3234368.4467	10856511315.0270	1.8048e+05
361	453673.2977	-297822.4260	1131636.2977	3234340.5740	10856511315.0270	1.8020e+05
362	453769.3347	-297850.2988	1131732.3347	3234312.7012	10856511315.0270	1.7991e+05
363	453865.3717	-297878.1715	1131828.3717	3234284.8285	10856511315.0270	1.7963e+05
364	453961.4088	-297906.0442	1131924.4088	3234256.9558	10856511315.0270	1.7934e+05
365	454057.4458	-297933.9170	1132020.4458	3234229.0830	10856511315.0270	1.7906e+05
366	454153.4828	-297961.7897	1132116.4828	3234201.2103	10856511315.0270	1.7877e+05
367	454249.5199	-297989.6624	1132212.5199	3234173.3376	10856511315.0270	1.7849e+05
368	454345.5569	-298017.5351	1132308.5569	3234145.4649	10856511315.0270	1.7821e+05
369	454441.5939	-298045.4079	1132404.5939	3234117.5921	10856511315.0270	1.7793e+05
370	454537.6309	-298073.2806	1132500.6309	3234089.7194	10856511315.0270	1.7764e+05
371	454633.6680	-298101.1533	1132596.6680	3234061.8467	10856511315.0270	1.7736e+05
372	454729.7050	-298129.0261	1132692.7050	3234033.9739	10856511315.0270	1.7708e+05
373	454825.7420	-298156.8988	1132788.7420	3234006.1012	10856511315.0270	1.7680e+05
374	454921.7791	-298184.7715	1132884.7791	3233978.2285	10856511315.0270	1.7652e+05
375	455017.8161	-298212.6442	1132980.8161	3233950.3558	10856511315.0270	1.7624e+05
376	455113.8531	-298240.5170	1133076.8531	3233922.4830	10856511315.0270	1.7596e+05
377	455209.8902	-298268.3897	1133172.8902	3233894.6103	10856511315.0270	1.7569e+05
378	455305.9272	-298296.2624	1133268.9272	3233866.7376	10856511315.0270	1.7541e+05
379	455401.9642	-298324.1352	1133364.9642	3233838.8648	10856511315.0270	1.7513e+05
380	455498.0012	-298352.0079	1133461.0012	3233810.9921	10856511315.0270	1.7485e+05
381	455594.0383	-298379.8806	1133557.0383	3233783.1194	10856511315.0270	1.7458e+05
382	455690.0753	-298407.7534	1133653.0753	3233755.2466	10856511315.0270	1.7430e+05
383	455786.1123	-298435.6261	1133749.1123	3233727.3739	10856511315.0270	1.7403e+05
384	455882.1494	-298463.4988	1133845.1494	3233699.5012	10856511315.0270	1.7375e+05
385	455978.1864	-298491.3715	1133941.1864	3233671.6285	10856511315.0270	1.7348e+05
386	456074.2234	-298519.2443	1134037.2234	3233643.7557	10856511315.0270	1.7320e+05
387	456170.2604	-298547.1170	1134133.2604	3233615.8830	10856511315.0270	1.7293e+05
388	456266.2975	-298574.9897	1134229.2975	3233588.0103	10856511315.0270	1.7266e+05
389	456362.3345	-298602.8625	1134325.3345	3233560.1375	10856511315.0270	1.7238e+05
390	456458.3715	-298630.7352	1134421.3715	3233532.2648	10856511315.0270	1.7211e+05
391	456554.4086	-298658.6079	1134517.4086	3233504.3921	10856511315.0270	1.7184e+05
392	456650.4456	-298686.4806	1134613.4456	3233476.5194	10856511315.0270	1.7157e+05
393	456746.4826	-298714.3534	1134709.4826	3233448.6466	10856511315.0270	1.7130e+05
394	456842.5196	-298742.2261	1134805.5196	3233420.7739	10856511315.0270	1.7103e+05
395	456938.5567	-298770.0988	1134901.5567	3233392.9012	10856511315.0270	1.7076e+05
396	457034.5937	-298797.9716	1134997.5937	3233365.0284	10856511315.0270	1.7049e+05
397	457130.6307	-298825.8443	1135093.6307	3233337.1557	10856511315.0270	1.7022e+05
398	457226.6678	-298853.7170	1135189.6678	3233309.2830	10856511315.0270	1.6995e+05
399	457322.7048	-298881.5898	1135285.7048	3233281.4102	10856511315.0270	1.6968e+05
400	457418.7418	-298909.4625	1135381.7418	3233253.5375	10856511315.0270	1.6941e+05
401	457514.7788	-298937.3352	1135477.7788	3233225.6648	10856511315.0270	1.6915e+05
402	457610.8159	-298965.2079	1135573.8159	3233197.7921	10856511315.0270	1.6888e+05
403	457706.8529	-298993.0807	1135669.8529	3233169.9193	10856511315.0270	1.6861e+05
404	457802.8899	-299020.9534	1135765.8899	3233142.0466	10856511315.0270	1.6835e+05
405	457898.9270	-299048.8261	1135861.9270	3233114.1739	10856511315.0270	1.6808e+05
406	457994.9640	-299076.6989	1135957.9640	3233086.3011	10856511315.0270	1.6782e+05
407	458091.0010	-299104.5716	1136054.0010	3233058.4284	10856511315.0270	1.6755e+05
408	458187.0381	-299132.4443	1136150.0381	3233030.5557	10856511315.0270	1.6729e+05
409	458283.0751	-299160.3170	1136246.0751	3233002.6830	10856511315.0270	1.6703e+05
410	458379.1121	-299188.1898	1136342.1121	3232974.8102	10856511315.0270	1.6676e+05
411	458475.1491	-299216.0625	1136438.1491	3232946.9375	10856511315.0270	1.6650e+05
412	458571.1862	-299243.9352	1136534.1862	3232919.0648	10856511315.0270	1.6624e+05
413	458667.2232	-299271.8080	1136630.2232	3232891.1920	10856511315.0270	1.6598e+05
414	458763.2602	-299299.6807	1136726.2602	3232863.3193	10856511315.0270	1.6572e+05
415	458859.2973	-299327.5534	1136822.2973	3232835.4466	10856511315.0270	1.6545e+05
416	458955.3343	-299355.4262	1136918.3343	3232807.5738	10856511315.0270	1.6519e+05
417	459051.3713	-299383.2989	1137014.3713	3232779.7011	10856511315.0270	1.6493e+05
418	459147.4083	-299411.1716	1137110.4083	3232751.8284	10856511315.0270	1.6467e+05
419	459243.4454	-299439.0443	1137206.4454	3232723.9557	10856511315.0270	1.6442e+05
420	459339.4824	-299466.9171	1137302.4824	3232696.0829	10856511315.0270	1.6416e+05
421	459435.5194	-299494.7898	1137398.5194	3232668.2102	10856511315.0270	1.6390e+05
422	459531.5565	-299522.6625	1137494.5565	3232640.3375	10856511315.0270	1.6364e+05
423	459627.5935	-299550.5353	1137590.5935	3232612.4647	10856511315.0270	1.6338e+05
424	459723.6305	-299578.4080	1137686.6305	3232584.5920	10856511315.0270	1.6313e+05
425	459819.6675	-299606.2807	1137782.6675	3232556.7193	10856511315.0270	1.6287e+05
426	459915.7046	-299634.1534	1137878.7046	3232528.8466	10856511315.0270	1.6261e+05
427	460011.7416	-299662.0262	1137974.7416	3232500.9738	10856511315.0270	1.6236e+05
428	460107.7786	-299689.8989	1138070.7786	3232473.1011	10856511315.0270	1.6210e+05
429	460203.8157	-299717.7716	1138166.8157	3232445.2284	10856511315.0270	1.6185e+05
430	460299.8527	-299745.6444	1138262.8527	3232417.3556	10856511315.0270	1.6159e+05
431	460395.8897	-299773.5171	1138358.8897	3232389.4829	10856511315.0270	1.6134e+05
432	460491.9268	-299801.3898	1138454.9268	3232361.6102	10856511315.0270	1.6109e+05
433	460587.9638	-299829.2626	1138550.9638	3232333.7374	10856511315.0270	1.6083e+05
434	460684.0008	-299857.1353	1138647.0008	3232305.8647	10856511315.0270	1.6058e+05
435	460780.0378	-299885.0080	1138743.0378	3232277.9920	10856511315.0270	1.6033e+05
436	460876.0749	-299912.8807	1138839.0749	3232250.1193	10856511315.0270	1.6008e+05
437	460972.1119	-299940.7535	1138935.1119	3232222.2465	10856511315.0270	1.5982e+05
438	461068.1489	-299968.6262	1139031.1489	3232194.3738	10856511315.0270	1.5957e+05
439	461164.1860	-299996.4989	1139127.1860	3232166.5011	10856511315.0270	1.5932e+05
440	461260.2230	-300024.3717	1139223.2230	3232138.6283	10856511315.0270	1.5907e+05
441	461356.2600	-300052.2444	1139319.2600	3232110.7556	10856511315.0270	1.5882e+05
442	461452.2970	-300080.1171	1139415.2970	3232082.8829	10856511315.0270	1.5857e+05
443	461548.3341	-300107.9898	1139511.3341	3232055.0102	10856511315.0270	1.5832e+05
444	461644.3711	-300135.8626	1139607.3711	3232027.1374	10856511315.0270	1.5808e+05
445	461740.4081	-300163.7353	1139703.4081	3231999.2647	10856511315.0270	1.5783e+05
446	461836.4452	-300191.6080	1139799.4452	3231971.3920	10856511315.0270	1.5758e+05
447	461932.4822	-300219.4808	1139895.4822	3231943.5192	10856511315.0270	1.5733e+05
448	462028.5192	-300247.3535	1139991.5192	3231915.6465	10856511315.0270	1.5709e+05
449	462124.5562	-300275.2262	1140087.5562	3231887.7738	10856511315.0270	1.5684e+05
450	462220.5933	-300303.0990	1140183.5933	3231859.9010	10856511315.0270	1.5659e+05
451	462316.6303	-300330.9717	1140279.6303	3231832.0283	10856511315.0270	1.5635e+05
452	462412.6673	-300358.8444	1140375.6673	3231804.1556	10856511315.0270	1.5610e+05
453	462508.7044	-300386.7171	1140471.7044	3231776.2829	10856511315.0270	1.5586e+05
454	462604.7414	-300414.5899	1140567.7414	3231748.4101	10856511315.0270	1.5561e+05
455	462700.7784	-300442.4626	1140663.7784	3231720.5374	10856511315.0270	1.5537e+05
456	462796.8154	-300470.3353	1140759.8154	3231692.6647	10856511315.0270	1.5513e+05
457	462892.8525	-300498.2081	1140855.8525	3231664.7919	10856511315.0270	1.5488e+05
458	462988.8895	-300526.0808	1140951.8895	3231636.9192	10856511315.0270	1.5464e+05
459	463084.9265	-300553.9535	1141047.9265	3231609.0465	10856511315.0270	1.5440e+05
460	463180.9636	-300581.8262	1141143.9636	3231581.1738	10856511315.0270	1.5416e+05
461	463277.0006	-300609.6990	1141240.0006	3231553.3010	10856511315.0270	1.5392e+05
462	463373.0376	-300637.5717	1141336.0376	3231525.4283	10856511315.0270	1.5368e+05
463	463469.0747	-300665.4444	1141432.0747	3231497.5556	10856511315.0270	1.5343e+05
464	463565.1117	-300693.3172	1141528.1117	3231469.6828	10856511315.0270	1.5319e+05
465	463661.1487	-300721.1899	1141624.1487	3231441.8101	10856511315.0270	1.5295e+05
466	463757.1857	-300749.0626	1141720.1857	3231413.9374	10856511315.0270	1.5272e+05
467	463853.2228	-300776.9354	1141816.2228	3231386.0646	10856511315.0270	1.5248e+05
468	463949.2598	-300804.8081	1141912.2598	3231358.1919	10856511315.0270	1.5224e+05
469	464045.2968	-300832.6808	1142008.2968	3231330.3192	10856511315.0270	1.5200e+05
470	464141.3339	-300860.5535	1142104.3339	3231302.4465	10856511315.0270	1.5176e+05
471	464237.3709	-300888.4263	1142200.3709	3231274.5737	10856511315.0270	1.5152e+05
472	464333.4079	-300916.2990	1142296.4079	3231246.7010	10856511315.0270	1.5129e+05
473	464429.4449	-300944.1717	1142392.4449	3231218.8283	10856511315.0270	1.5105e+05
474	464525.4820	-300972.0445	1142488.4820	3231190.9555	10856511315.0270	1.5081e+05
475	464621.5190	-300999.9172	1142584.5190	3231163.0828	10856511315.0270	1.5058e+05
476	464717.5560	-301027.7899	1142680.5560	3231135.2101	10856511315.0270	1.5034e+05
477	464813.5931	-301055.6626	1142776.5931	3231107.3374	10856511315.0270	1.5011e+05
478	464909.6301	-301083.5354	1142872.6301	3231079.4646	10856511315.0270	1.4987e+05
479	465005.6671	-301111.4081	1142968.6671	3231051.5919	10856511315.0270	1.4964e+05
480	465101.7041	-301139.2808	1143064.7041	3231023.7192	10856511315.0270	1.4941e+05
481	465197.7412	-301167.1536	1143160.7412	3230995.8464	10856511315.0270	1.4917e+05
482	465293.7782	-301195.0263	1143256.7782	3230967.9737	10856511315.0270	1.4894e+05
483	465389.8152	-301222.8990	1143352.8152	3230940.1010	10856511315.0270	1.4871e+05
484	465485.8523	-301250.7718	1143448.8523	3230912.2282	10856511315.0270	1.4847e+05
485	465581.8893	-301278.6445	1143544.8893	3230884.3555	10856511315.0270	1.4824e+05
486	465677.9263	-301306.5172	1143640.9263	3230856.4828	10856511315.0270	1.4801e+05
487	465773.9633	-301334.3899	1143736.9633	3230828.6101	10856511315.0270	1.4778e+05
488	465870.0004	-301362.2627	1143833.0004	3230800.7373	10856511315.0270	1.4755e+05
489	465966.0374	-301390.1354	1143929.0374	3230772.8646	10856511315.0270	1.4732e+05
490	466062.0744	-301418.0081	1144025.0744	3230744.9919	10856511315.0270	1.4709e+05
491	466158.1115	-301445.8809	1144121.1115	3230717.1191	10856511315.0270	1.4686e+05
492	466254.1485	-301473.7536	1144217.1485	3230689.2464	10856511315.0270	1.4663e+05
493	466350.1855	-301501.6263	1144313.1855	3230661.3737	10856511315.0270	1.4640e+05
494	466446.2226	-301529.4990	1144409.2226	3230633.5010	10856511315.0270	1.4617e+05
495	466542.2596	-301557.3718	1144505.2596	3230605.6282	10856511315.0270	1.4595e+05
496	466638.2966	-301585.2445	1144601.2966	3230577.7555	10856511315.0270	1.4572e+05
497	466734.3336	-301613.1172	1144697.3336	3230549.8828	10856511315.0270	1.4549e+05
498	466830.3707	-301640.9900	1144793.3707	3230522.0100	10856511315.0270	1.4526e+05
499	466926.4077	-301668.8627	1144889.4077	3230494.1373	10856511315.0270	1.4504e+05
500	467022.4447	-301696.7354	1144985.4447	3230466.2646	10856511315.0270	1.4481e+05
501	467118.4818	-301724.6082	1145081.4818	3230438.3918	10856511315.0270	1.4459e+05
502	467214.5188	-301752.4809	1145177.5188	3230410.5191	10856511315.0270	1.4436e+05
503	467310.5558	-301780.3536	1145273.5558	3230382.6464	10856511315.0270	1.4414e+05
504	467406.5928	-301808.2263	1145369.5928	3230354.7737	10856511315.0270	1.4391e+05
505	467502.6299	-301836.0991	1145465.6299	3230326.9009	10856511315.0270	1.4369e+05
506	467598.6669	-301863.9718	1145561.6669	3230299.0282	10856511315.0270	1.4346e+05
507	467694.7039	-301891.8445	1145657.7039	3230271.1555	10856511315.0270	1.4324e+05
508	467790.7410	-301919.7173	1145753.7410	3230243.2827	10856511315.0270	1.4302e+05
509	467886.7780	-301947.5900	1145849.7780	3230215.4100	10856511315.0270	1.4279e+05
510	467982.8150	-301975.4627	1145945.8150	3230187.5373	10856511315.0270	1.4257e+05
511	468078.8520	-302003.3355	1146041.8520	3230159.6645	10856511315.0270	1.4235e+05
512	468174.8891	-302031.2082	1146137.8891	3230131.7918	10856511315.0270	1.4213e+05
513	468270.9261	-302059.0809	1146233.9261	3230103.9191	10856511315.0270	1.4191e+05
514	468366.9631	-302086.9536	1146329.9631	3230076.0464	10856511315.0270	1.4169e+05
515	468463.0002	-302114.8264	1146426.0002	3230048.1736	10856511315.0270	1.4146e+05
516	468559.0372	-302142.6991	1146522.0372	3230020.3009	10856511315.0270	1.4124e+05
517	468655.0742	-302170.5718	1146618.0742	3229992.4282	10856511315.0270	1.4102e+05
518	468751.1113	-302198.4446	1146714.1113	3229964.5554	10856511315.0270	1.4081e+05
519	468847.1483	-302226.3173	1146810.1483	3229936.6827	10856511315.0270	1.4059e+05
520	468943.1853	-302254.1900	1146906.1853	3229908.8100	10856511315.0270	1.4037e+05
521	469039.2223	-302282.0627	1147002.2223	3229880.9373	10856511315.0270	1.4015e+05
522	469135.2594	-302309.9355	1147098.2594	3229853.0645	10856511315.0270	1.3993e+05
523	469231.2964	-302337.8082	1147194.2964	3229825.1918	10856511315.0270	1.3971e+05
524	469327.3334	-302365.6809	1147290.3334	3229797.3191	10856511315.0270	1.3950e+05
525	469423.3705	-302393.5537	1147386.3705	3229769.4463	10856511315.0270	1.3928e+05
526	469519.4075	-302421.4264	1147482.4075	3229741.5736	10856511315.0270	1.3906e+05
527	469615.4445	-302449.2991	1147578.4445	3229713.7009	10856511315.0270	1.3885e+05
528	469711.4815	-302477.1719	1147674.4815	3229685.8281	10856511315.0270	1.3863e+05
529	469807.5186	-302505.0446	1147770.5186	3229657.9554	10856511315.0270	1.3842e+05
530	469903.5556	-302532.9173	1147866.5556	3229630.0827	10856511315.0270	1.3820e+05
531	469999.5926	-302560.7900	1147962.5926	3229602.2100	10856511315.0270	1.3799e+05
532	470095.6297	-302588.6628	1148058.6297	3229574.3372	10856511315.0270	1.3777e+05
533	470191.6667	-302616.5355	1148154.6667	3229546.4645	10856511315.0270	1.3756e+05
534	470287.7037	-302644.4082	1148250.7037	3229518.5918	10856511315.0270	1.3735e+05
535	470383.7407	-302672.2810	1148346.7407	3229490.7190	10856511315.0270	1.3713e+05
536	470479.7778	-302700.1537	1148442.7778	3229462.8463	10856511315.0270	1.3692e+05
537	470575.8148	-302728.0264	1148538.8148	3229434.9736	10856511315.0270	1.3671e+05
538	470671.8518	-302755.8991	1148634.8518	3229407.1009	10856511315.0270	1.3649e+05
539	470767.8889	-302783.7719	1148730.8889	3229379.2281	10856511315.0270	1.3628e+05
540	470863.9259	-302811.6446	1148826.9259	3229351.3554	10856511315.0270	1.3607e+05
541	470959.9629	-302839.5173	1148922.9629	3229323.4827	10856511315.0270	1.3586e+05
542	471055.9999	-302867.3901	1149018.9999	3229295.6099	10856511315.0270	1.3565e+05
543	471152.0370	-302895.2628	1149115.0370	3229267.7372	10856511315.0270	1.3544e+05
544	471248.0740	-302923.1355	1149211.0740	3229239.8645	10856511315.0270	1.3523e+05
545	471344.1110	-302951.0083	1149307.1110	3229211.9917	10856511315.0270	1.3502e+05
546	471440.1481	-302978.8810	1149403.1481	3229184.1190	10856511315.0270	1.3481e+05
547	471536.1851	-303006.7537	1149499.1851	3229156.2463	10856511315.0270	1.3460e+05
548	471632.2221	-303034.6264	1149595.2221	3229128.3736	10856511315.0270	1.3439e+05
549	471728.2592	-303062.4992	1149691.2592	3229100.5008	10856511315.0270	1.3418e+05
550	471824.2962	-303090.3719	1149787.2962	3229072.6281	10856511315.0270	1.3398e+05
551	471920.3332	-303118.2446	1149883.3332	3229044.7554	10856511315.0270	1.3377e+05
552	472016.3702	-303146.1174	1149979.3702	3229016.8826	10856511315.0270	1.3356e+05
553	472112.4073	-303173.9901	1150075.4073	3228989.0099	10856511315.0270	1.3335e+05
554	472208.4443	-303201.8628	1150171.4443	3228961.1372	10856511315.0270	1.3315e+05
555	472304.4813	-303229.7355	1150267.4813	3228933.2645	10856511315.0270	1.3294e+05
556	472400.5184	-303257.6083	1150363.5184	3228905.3917	10856511315.0270	1.3274e+05
557	472496.5554	-303285.4810	1150459.5554	3228877.5190	10856511315.0270	1.3253e+05
558	472592.5924	-303313.3537	1150555.5924	3228849.6463	10856511315.0270	1.3233e+05
559	472688.6294	-303341.2265	1150651.6294	3228821.7735	10856511315.0270	1.3212e+05
560	472784.6665	-303369.0992	1150747.6665	3228793.9008	10856511315.0270	1.3192e+05
561	472880.7035	-303396.9719	1150843.7035	3228766.0281	10856511315.0270	1.3171e+05
562	472976.7405	-303424.8447	1150939.7405	3228738.1553	10856511315.0270	1.3151e+05
563	473072.7776	-303452.7174	1151035.7776	3228710.2826	10856511315.0270	1.3130e+05
564	473168.8146	-303480.5901	1151131.8146	3228682.4099	10856511315.0270	1.3110e+05
565	473264.8516	-303508.4628	1151227.8516	3228654.5372	10856511315.0270	1.3090e+05
566	473360.8886	-303536.3356	1151323.8886	3228626.6644	10856511315.0270	1.3070e+05
567	473456.9257	-303564.2083	1151419.9257	3228598.7917	10856511315.0270	1.3049e+05
568	473552.9627	-303592.0810	1151515.9627	3228570.9190	10856511315.0270	1.3029e+05
569	473648.9997	-303619.9538	1151611.9997	3228543.0462	10856511315.0270	1.3009e+05
570	473745.0368	-303647.8265	1151708.0368	3228515.1735	10856511315.0270	1.2989e+05
571	473841.0738	-303675.6992	1151804.0738	3228487.3008	10856511315.0270	1.2969e+05
572	473937.1108	-303703.5719	1151900.1108	3228459.4281	10856511315.0270	1.2949e+05
573	474033.1478	-303731.4447	1151996.1478	3228431.5553	10856511315.0270	1.2929e+05
574	474129.1849	-303759.3174	1152092.1849	3228403.6826	10856511315.0270	1.2909e+05
575	474225.2219	-303787.1901	1152188.2219	3228375.8099	10856511315.0270	1.2889e+05
576	474321.2589	-303815.0629	1152284.2589	3228347.9371	10856511315.0270	1.2869e+05
577	474417.2960	-303842.9356	1152380.2960	3228320.0644	10856511315.0270	1.2849e+05
578	474513.3330	-303870.8083	1152476.3330	3228292.1917	10856511315.0270	1.2829e+05
579	474609.3700	-303898.6811	1152572.3700	3228264.3189	10856511315.0270	1.2810e+05
580	474705.4071	-303926.5538	1152668.4071	3228236.4462	10856511315.0270	1.2790e+05
581	474801.4441	-303954.4265	1152764.4441	3228208.5735	10856511315.0270	1.2770e+05
582	474897.4811	-303982.2992	1152860.4811	3228180.7008	10856511315.0270	1.2750e+05
583	474993.5181	-304010.1720	1152956.5181	3228152.8280	10856511315.0270	1.2731e+05
584	475089.5552	-304038.0447	1153052.5552	3228124.9553	10856511315.0270	1.2711e+05
585	475185.5922	-304065.9174	1153148.5922	3228097.0826	10856511315.0270	1.2691e+05
586	475281.6292	-304093.7902	1153244.6292	3228069.2098	10856511315.0270	1.2672e+05
587	475377.6663	-304121.6629	1153340.6663	3228041.3371	10856511315.0270	1.2652e+05
588	475473.7033	-304149.5356	1153436.7033	3228013.4644	10856511315.0270	1.2633e+05
589	475569.7403	-304177.4083	1153532.7403	3227985.5917	10856511315.0270	1.2613e+05
590	475665.7773	-304205.2811	1153628.7773	3227957.7189	10856511315.0270	1.2594e+05
591	475761.8144	-304233.1538	1153724.8144	3227929.8462	10856511315.0270	1.2574e+05
592	475857.8514	-304261.0265	1153820.8514	3227901.9735	10856511315.0270	1.2555e+05
593	475953.8884	-304288.8993	1153916.8884	3227874.1007	10856511315.0270	1.2536e+05
594	476049.9255	-304316.7720	1154012.9255	3227846.2280	10856511315.0270	1.2516e+05
595	476145.9625	-304344.6447	1154108.9625	3227818.3553	10856511315.0270	1.2497e+05
596	476241.9995	-304372.5175	1154204.9995	3227790.4825	10856511315.0270	1.2478e+05
597	476338.0365	-304400.3902	1154301.0365	3227762.6098	10856511315.0270	1.2459e+05
598	476434.0736	-304428.2629	1154397.0736	3227734.7371	10856511315.0270	1.2439e+05
599	476530.1106	-304456.1356	1154493.1106	3227706.8644	10856511315.0270	1.2420e+05
600	476626.1476	-304484.0084	1154589.1476	3227678.9916	10856511315.0270	1.2401e+05
601	476722.1847	-304511.8811	1154685.1847	3227651.1189	10856511315.0270	1.2382e+05
602	476818.2217	-304539.7538	1154781.2217	3227623.2462	10856511315.0270	1.2363e+05
603	476914.2587	-304567.6266	1154877.2587	3227595.3734	10856511315.0270	1.2344e+05
604	477010.2958	-304595.4993	1154973.2958	3227567.5007	10856511315.0270	1.2325e+05
605	477106.3328	-304623.3720	1155069.3328	3227539.6280	10856511315.0270	1.2306e+05
606	477202.3698	-304651.2447	1155165.3698	3227511.7553	10856511315.0270	1.2287e+05
607	477298.4068	-304679.1175	1155261.4068	3227483.8825	10856511315.0270	1.2268e+05
608	477394.4439	-304706.9902	1155357.4439	3227456.0098	10856511315.0270	1.2249e+05
609	477490.4809	-304734.8629	1155453.4809	3227428.1371	10856511315.0270	1.2230e+05
610	477586.5179	-304762.7357	1155549.5179	3227400.2643	10856511315.0270	1.2212e+05
611	477682.5550	-304790.6084	1155645.5550	3227372.3916	10856511315.0270	1.2193e+05
612	477778.5920	-304818.4811	1155741.5920	3227344.5189	10856511315.0270	1.2174e+05
613	477874.6290	-304846.3539	1155837.6290	3227316.6461	10856511315.0270	1.2155e+05
614	477970.6660	-304874.2266	1155933.6660	3227288.7734	10856511315.0270	1.2137e+05
615	478066.7031	-304902.0993	1156029.7031	3227260.9007	10856511315.0270	1.2118e+05
616	478162.7401	-304929.9720	1156125.7401	3227233.0280	10856511315.0270	1.2099e+05
617	478258.7771	-304957.8448	1156221.7771	3227205.1552	10856511315.0270	1.2081e+05
618	478354.8142	-304985.7175	1156317.8142	3227177.2825	10856511315.0270	1.2062e+05
619	478450.8512	-305013.5902	1156413.8512	3227149.4098	10856511315.0270	1.2044e+05
620	478546.8882	-305041.4630	1156509.8882	3227121.5370	10856511315.0270	1.2025e+05
621	478642.9252	-305069.3357	1156605.9252	3227093.6643	10856511315.0270	1.2007e+05
622	478738.9623	-305097.2084	1156701.9623	3227065.7916	10856511315.0270	1.1988e+05
623	478834.9993	-305125.0811	1156797.9993	3227037.9189	10856511315.0270	1.1970e+05
624	478931.0363	-305152.9539	1156894.0363	3227010.0461	10856511315.0270	1.1951e+05
625	479027.0734	-305180.8266	1156990.0734	3226982.1734	10856511315.0270	1.1933e+05
626	479123.1104	-305208.6993	1157086.1104	3226954.3007	10856511315.0270	1.1915e+05
627	479219.1474	-305236.5721	1157182.1474	3226926.4279	10856511315.0270	1.1896e+05
628	479315.1844	-305264.4448	1157278.1844	3226898.5552	10856511315.0270	1.1878e+05
629	479411.2215	-305292.3175	1157374.2215	3226870.6825	10856511315.0270	1.1860e+05
630	479507.2585	-305320.1903	1157470.2585	3226842.8097	10856511315.0270	1.1842e+05
631	479603.2955	-305348.0630	1157566.2955	3226814.9370	10856511315.0270	1.1824e+05
632	479699.3326	-305375.9357	1157662.3326	3226787.0643	10856511315.0270	1.1805e+05
633	479795.3696	-305403.8084	1157758.3696	3226759.1916	10856511315.0270	1.1787e+05
634	479891.4066	-305431.6812	1157854.4066	3226731.3188	10856511315.0270	1.1769e+05
635	479987.4437	-305459.5539	1157950.4437	3226703.4461	10856511315.0270	1.1751e+05
636	480083.4807	-305487.4266	1158046.4807	3226675.5734	10856511315.0270	1.1733e+05
637	480179.5177	-305515.2994	1158142.5177	3226647.7006	10856511315.0270	1.1715e+05
638	480275.5547	-305543.1721	1158238.5547	3226619.8279	10856511315.0270	1.1697e+05
639	480371.5918	-305571.0448	1158334.5918	3226591.9552	10856511315.0270	1.1679e+05
640	480467.6288	-305598.9175	1158430.6288	3226564.0825	10856511315.0270	1.1661e+05
641	480563.6658	-305626.7903	1158526.6658	3226536.2097	10856511315.0270	1.1644e+05
642	480659.7029	-305654.6630	1158622.7029	3226508.3370	10856511315.0270	1.1626e+05
643	480755.7399	-305682.5357	1158718.7399	3226480.4643	10856511315.0270	1.1608e+05
644	480851.7769	-305710.4085	1158814.7769	3226452.5915	10856511315.0270	1.1590e+05
645	480947.8139	-305738.2812	1158910.8139	3226424.7188	10856511315.0270	1.1572e+05
646	481043.8510	-305766.1539	1159006.8510	3226396.8461	10856511315.0270	1.1555e+05
647	481139.8880	-305794.0267	1159102.8880	3226368.9733	10856511315.0270	1.1537e+05
648	481235.9250	-305821.8994	1159198.9250	3226341.1006	10856511315.0270	1.1519e+05
649	481331.9621	-305849.7721	1159294.9621	3226313.2279	10856511315.0270	1.1502e+05
650	481427.9991	-305877.6448	1159390.9991	3226285.3552	10856511315.0270	1.1484e+05
651	481524.0361	-305905.5176	1159487.0361	3226257.4824	10856511315.0270	1.1467e+05
652	481620.0731	-305933.3903	1159583.0731	3226229.6097	10856511315.0270	1.1449e+05
653	481716.1102	-305961.2630	1159679.1102	3226201.7370	10856511315.0270	1.1431e+05
654	481812.1472	-305989.1358	1159775.1472	3226173.8642	10856511315.0270	1.1414e+05
655	481908.1842	-306017.0085	1159871.1842	3226145.9915	10856511315.0270	1.1396e+05
656	482004.2213	-306044.8812	1159967.2213	3226118.1188	10856511315.0270	1.1379e+05
657	482100.2583	-306072.7539	1160063.2583	3226090.2461	10856511315.0270	1.1362e+05
658	482196.2953	-306100.6267	1160159.2953	3226062.3733	10856511315.0270	1.1344e+05
659	482292.3324	-306128.4994	1160255.3324	3226034.5006	10856511315.0270	1.1327e+05
660	482388.3694	-306156.3721	1160351.3694	3226006.6279	10856511315.0270	1.1310e+05
661	482484.4064	-306184.2449	1160447.4064	3225978.7551	10856511315.0270	1.1292e+05
662	482580.4434	-306212.1176	1160543.4434	3225950.8824	10856511315.0270	1.1275e+05
663	482676.4805	-306239.9903	1160639.4805	3225923.0097	10856511315.0270	1.1258e+05
664	482772.5175	-306267.8631	1160735.5175	3225895.1369	10856511315.0270	1.1241e+05
665	482868.5545	-306295.7358	1160831.5545	3225867.2642	10856511315.0270	1.1223e+05
666	482964.5916	-306323.6085	1160927.5916	3225839.3915	10856511315.0270	1.1206e+05
667	483060.6286	-306351.4812	1161023.6286	3225811.5188	10856511315.0270	1.1189e+05
668	483156.6656	-306379.3540	1161119.6656	3225783.6460	10856511315.0270	1.1172e+05
669	483252.7026	-306407.2267	1161215.7026	3225755.7733	10856511315.0270	1.1155e+05
670	483348.7397	-306435.0994	1161311.7397	3225727.9006	10856511315.0270	1.1138e+05
671	483444.7767	-306462.9722	1161407.7767	3225700.0278	10856511315.0270	1.1121e+05
672	483540.8137	-306490.8449	1161503.8137	3225672.1551	10856511315.0270	1.1104e+05
673	483636.8508	-306518.7176	1161599.8508	3225644.2824	10856511315.0270	1.1087e+05
674	483732.8878	-306546.5903	1161695.8878	3225616.4097	10856511315.0270	1.1070e+05
675	483828.9248	-306574.4631	1161791.9248	3225588.5369	10856511315.0270	1.1053e+05
676	483924.9618	-306602.3358	1161887.9618	3225560.6642	10856511315.0270	1.1036e+05
677	484020.9989	-306630.2085	1161983.9989	3225532.7915	10856511315.0270	1.1020e+05
678	484117.0359	-306658.0813	1162080.0359	3225504.9187	10856511315.0270	1.1003e+05
679	484213.0729	-306685.9540	1162176.0729	3225477.0460	10856511315.0270	1.0986e+05
680	484309.1100	-306713.8267	1162272.1100	3225449.1733	10856511315.0270	1.0969e+05
681	484405.1470	-306741.6995	1162368.1470	3225421.3005	10856511315.0270	1.0953e+05
682	484501.1840	-306769.5722	1162464.1840	3225393.4278	10856511315.0270	1.0936e+05
683	484597.2210	-306797.4449	1162560.2210	3225365.5551	10856511315.0270	1.0919e+05
684	484693.2581	-306825.3176	1162656.2581	3225337.6824	10856511315.0270	1.0903e+05
685	484789.2951	-306853.1904	1162752.2951	3225309.8096	10856511315.0270	1.0886e+05
686	484885.3321	-306881.0631	1162848.3321	3225281.9369	10856511315.0270	1.0869e+05
687	484981.3692	-306908.9358	1162944.3692	3225254.0642	10856511315.0270	1.0853e+05
688	485077.4062	-306936.8086	1163040.4062	3225226.1914	10856511315.0270	1.0836e+05
689	485173.4432	-306964.6813	1163136.4432	3225198.3187	10856511315.0270	1.0820e+05
690	485269.4803	-306992.5540	1163232.4803	3225170.4460	10856511315.0270	1.0803e+05
691	485365.5173	-307020.4267	1163328.5173	3225142.5733	10856511315.0270	1.0787e+05
692	485461.5543	-307048.2995	1163424.5543	3225114.7005	10856511315.0270	1.0770e+05
693	485557.5913	-307076.1722	1163520.5913	3225086.8278	10856511315.0270	1.0754e+05
694	485653.6284	-307104.0449	1163616.6284	3225058.9551	10856511315.0270	1.0738e+05
695	485749.6654	-307131.9177	1163712.6654	3225031.0823	10856511315.0270	1.0721e+05
696	485845.7024	-307159.7904	1163808.7024	3225003.2096	10856511315.0270	1.0705e+05
697	485941.7395	-307187.6631	1163904.7395	3224975.3369	10856511315.0270	1.0689e+05
698	486037.7765	-307215.5359	1164000.7765	3224947.4641	10856511315.0270	1.0672e+05
699	486133.8135	-307243.4086	1164096.8135	3224919.5914	10856511315.0270	1.0656e+05
700	486229.8505	-307271.2813	1164192.8505	3224891.7187	10856511315.0270	1.0640e+05
701	486325.8876	-307299.1540	1164288.8876	3224863.8460	10856511315.0270	1.0624e+05
702	486421.9246	-307327.0268	1164384.9246	3224835.9732	10856511315.0270	1.0608e+05
703	486517.9616	-307354.8995	1164480.9616	3224808.1005	10856511315.0270	1.0591e+05
704	486613.9987	-307382.7722	1164576.9987	3224780.2278	10856511315.0270	1.0575e+05
705	486710.0357	-307410.6450	1164673.0357	3224752.3550	10856511315.0270	1.0559e+05
706	486806.0727	-307438.5177	1164769.0727	3224724.4823	10856511315.0270	1.0543e+05
707	486902.1097	-307466.3904	1164865.1097	3224696.6096	10856511315.0270	1.0527e+05
708	486998.1468	-307494.2631	1164961.1468	3224668.7369	10856511315.0270	1.0511e+05
709	487094.1838	-307522.1359	1165057.1838	3224640.8641	10856511315.0270	1.0495e+05
710	487190.2208	-307550.0086	1165153.2208	3224612.9914	10856511315.0270	1.0479e+05
711	487286.2579	-307577.8813	1165249.2579	3224585.1187	10856511315.0270	1.0463e+05
712	487382.2949	-307605.7541	1165345.2949	3224557.2459	10856511315.0270	1.0448e+05
713	487478.3319	-307633.6268	1165441.3319	3224529.3732	10856511315.0270	1.0432e+05
714	487574.3689	-307661.4995	1165537.3689	3224501.5005	10856511315.0270	1.0416e+05
715	487670.4060	-307689.3723	1165633.4060	3224473.6277	10856511315.0270	1.0400e+05
716	487766.4430	-307717.2450	1165729.4430	3224445.7550	10856511315.0270	1.0384e+05
717	487862.4800	-307745.1177	1165825.4800	3224417.8823	10856511315.0270	1.0368e+05
718	487958.5171	-307772.9904	1165921.5171	3224390.0096	10856511315.0270	1.0353e+05
719	488054.5541	-307800.8632	1166017.5541	3224362.1368	10856511315.0270	1.0337e+05
720	488150.5911	-307828.7359	1166113.5911	3224334.2641	10856511315.0270	1.0321e+05
721	488246.6282	-307856.6086	1166209.6282	3224306.3914	10856511315.0270	1.0306e+05
722	488342.6652	-307884.4814	1166305.6652	3224278.5186	10856511315.0270	1.0290e+05
723	488438.7022	-307912.3541	1166401.7022	3224250.6459	10856511315.0270	1.0274e+05
724	488534.7392	-307940.2268	1166497.7392	3224222.7732	10856511315.0270	1.0259e+05
725	488630.7763	-307968.0996	1166593.7763	3224194.9004	10856511315.0270	1.0243e+05
726	488726.8133	-307995.9723	1166689.8133	3224167.0277	10856511315.0270	1.0228e+05
727	488822.8503	-308023.8450	1166785.8503	3224139.1550	10856511315.0270	1.0212e+05
728	488918.8874	-308051.7177	1166881.8874	3224111.2823	10856511315.0270	1.0197e+05
729	489014.9244	-308079.5905	1166977.9244	3224083.4095	10856511315.0270	1.0181e+05
730	489110.9614	-308107.4632	1167073.9614	3224055.5368	10856511315.0270	1.0166e+05
731	489206.9984	-308135.3359	1167169.9984	3224027.6641	10856511315.0270	1.0151e+05
732	489303.0355	-308163.2087	1167266.0355	3223999.7913	10856511315.0270	1.0135e+05
733	489399.0725	-308191.0814	1167362.0725	3223971.9186	10856511315.0270	1.0120e+05
734	489495.1095	-308218.9541	1167458.1095	3223944.0459	10856511315.0270	1.0104e+05
735	489591.1466	-308246.8268	1167554.1466	3223916.1732	10856511315.0270	1.0089e+05
736	489687.1836	-308274.6996	1167650.1836	3223888.3004	10856511315.0270	1.0074e+05
737	489783.2206	-308302.5723	1167746.2206	3223860.4277	10856511315.0270	1.0059e+05
738	489879.2576	-308330.4450	1167842.2576	3223832.5550	10856511315.0270	1.0043e+05
739	489975.2947	-308358.3178	1167938.2947	3223804.6822	10856511315.0270	1.0028e+05
740	490071.3317	-308386.1905	1168034.3317	3223776.8095	10856511315.0270	1.0013e+05
741	490167.3687	-308414.0632	1168130.3687	3223748.9368	10856511315.0270	9.9979e+04
742	490263.4058	-308441.9360	1168226.4058	3223721.0640	10856511315.0270	9.9828e+04
743	490359.4428	-308469.8087	1168322.4428	3223693.1913	10856511315.0270	9.9677e+04
744	490455.4798	-308497.6814	1168418.4798	3223665.3186	10856511315.0270	9.9526e+04
745	490551.5169	-308525.5541	1168514.5169	3223637.4459	10856511315.0270	9.9375e+04
746	490647.5539	-308553.4269	1168610.5539	3223609.5731	10856511315.0270	9.9225e+04
747	490743.5909	-308581.2996	1168706.5909	3223581.7004	10856511315.0270	9.9075e+04
748	490839.6279	-308609.1723	1168802.6279	3223553.8277	10856511315.0270	9.8925e+04
749	490935.6650	-308637.0451	1168898.6650	3223525.9549	10856511315.0270	9.8776e+04
750	491031.7020	-308664.9178	1168994.7020	3223498.0822	10856511315.0270	9.8626e+04
751	491127.7390	-308692.7905	1169090.7390	3223470.2095	10856511315.0270	9.8477e+04
752	491223.7761	-308720.6632	1169186.7761	3223442.3368	10856511315.0270	9.8328e+04
753	491319.8131	-308748.5360	1169282.8131	3223414.4640	10856511315.0270	9.8180e+04
754	491415.8501	-308776.4087	1169378.8501	3223386.5913	10856511315.0270	9.8032e+04
755	491511.8871	-308804.2814	1169474.8871	3223358.7186	10856511315.0270	9.7884e+04
756	491607.9242	-308832.1542	1169570.9242	3223330.8458	10856511315.0270	9.7736e+04
757	491703.9612	-308860.0269	1169666.9612	3223302.9731	10856511315.0270	9.7588e+04
758	491799.9982	-308887.8996	1169762.9982	3223275.1004	10856511315.0270	9.7441e+04
759	491896.0353	-308915.7724	1169859.0353	3223247.2276	10856511315.0270	9.7294e+04
760	491992.0723	-308943.6451	1169955.0723	3223219.3549	10856511315.0270	9.7147e+04
761	492088.1093	-308971.5178	1170051.1093	3223191.4822	10856511315.0270	9.7000e+04
762	492184.1463	-308999.3905	1170147.1463	3223163.6095	10856511315.0270	9.6854e+04
763	492280.1834	-309027.2633	1170243.1834	3223135.7367	10856511315.0270	9.6708e+04
764	492376.2204	-309055.1360	1170339.2204	3223107.8640	10856511315.0270	9.6562e+04
765	492472.2574	-309083.0087	1170435.2574	3223079.9913	10856511315.0270	9.6416e+04
766	492568.2945	-309110.8815	1170531.2945	3223052.1185	10856511315.0270	9.6271e+04
767	492664.3315	-309138.7542	1170627.3315	3223024.2458	10856511315.0270	9.6125e+04
768	492760.3685	-309166.6269	1170723.3685	3222996.3731	10856511315.0270	9.5981e+04
769	492856.4055	-309194.4996	1170819.4055	3222968.5004	10856511315.0270	9.5836e+04
770	492952.4426	-309222.3724	1170915.4426	3222940.6276	10856511315.0270	9.5691e+04
771	493048.4796	-309250.2451	1171011.4796	3222912.7549	10856511315.0270	9.5547e+04
772	493144.5166	-309278.1178	1171107.5166	3222884.8822	10856511315.0270	9.5403e+04
773	493240.5537	-309305.9906	1171203.5537	3222857.0094	10856511315.0270	9.5259e+04
774	493336.5907	-309333.8633	1171299.5907	3222829.1367	10856511315.0270	9.5116e+04
775	493432.6277	-309361.7360	1171395.6277	3222801.2640	10856511315.0270	9.4972e+04
776	493528.6648	-309389.6088	1171491.6648	3222773.3912	10856511315.0270	9.4829e+04
777	493624.7018	-309417.4815	1171587.7018	3222745.5185	10856511315.0270	9.4687e+04
778	493720.7388	-309445.3542	1171683.7388	3222717.6458	10856511315.0270	9.4544e+04
779	493816.7758	-309473.2269	1171779.7758	3222689.7731	10856511315.0270	9.4402e+04
780	493912.8129	-309501.0997	1171875.8129	3222661.9003	10856511315.0270	9.4260e+04
781	494008.8499	-309528.9724	1171971.8499	3222634.0276	10856511315.0270	9.4118e+04
782	494104.8869	-309556.8451	1172067.8869	3222606.1549	10856511315.0270	9.3976e+04
783	494200.9240	-309584.7179	1172163.9240	3222578.2821	10856511315.0270	9.3835e+04
784	494296.9610	-309612.5906	1172259.9610	3222550.4094	10856511315.0270	9.3693e+04
785	494392.9980	-309640.4633	1172355.9980	3222522.5367	10856511315.0270	9.3552e+04
786	494489.0350	-309668.3360	1172452.0350	3222494.6640	10856511315.0270	9.3412e+04
787	494585.0721	-309696.2088	1172548.0721	3222466.7912	10856511315.0270	9.3271e+04
788	494681.1091	-309724.0815	1172644.1091	3222438.9185	10856511315.0270	9.3131e+04
789	494777.1461	-309751.9542	1172740.1461	3222411.0458	10856511315.0270	9.2991e+04
790	494873.1832	-309779.8270	1172836.1832	3222383.1730	10856511315.0270	9.2851e+04
791	494969.2202	-309807.6997	1172932.2202	3222355.3003	10856511315.0270	9.2711e+04
792	495065.2572	-309835.5724	1173028.2572	3222327.4276	10856511315.0270	9.2572e+04
793	495161.2942	-309863.4452	1173124.2942	3222299.5548	10856511315.0270	9.2433e+04
794	495257.3313	-309891.3179	1173220.3313	3222271.6821	10856511315.0270	9.2294e+04
795	495353.3683	-309919.1906	1173316.3683	3222243.8094	10856511315.0270	9.2155e+04
796	495449.4053	-309947.0633	1173412.4053	3222215.9367	10856511315.0270	9.2017e+04
797	495545.4424	-309974.9361	1173508.4424	3222188.0639	10856511315.0270	9.1879e+04
798	495641.4794	-310002.8088	1173604.4794	3222160.1912	10856511315.0270	9.1740e+04
799	495737.5164	-310030.6815	1173700.5164	3222132.3185	10856511315.0270	9.1603e+04
800	495833.5535	-310058.5543	1173796.5535	3222104.4457	10856511315.0270	9.1465e+04
801	495929.5905	-310086.4270	1173892.5905	3222076.5730	10856511315.0270	9.1328e+04
802	496025.6275	-310114.2997	1173988.6275	3222048.7003	10856511315.0270	9.1191e+04
803	496121.6645	-310142.1724	1174084.6645	3222020.8276	10856511315.0270	9.1054e+04
804	496217.7016	-310170.0452	1174180.7016	3221992.9548	10856511315.0270	9.0917e+04
805	496313.7386	-310197.9179	1174276.7386	3221965.0821	10856511315.0270	9.0781e+04
806	496409.7756	-310225.7906	1174372.7756	3221937.2094	10856511315.0270	9.0644e+04
807	496505.8127	-310253.6634	1174468.8127	3221909.3366	10856511315.0270	9.0508e+04
808	496601.8497	-310281.5361	1174564.8497	3221881.4639	10856511315.0270	9.0373e+04
809	496697.8867	-310309.4088	1174660.8867	3221853.5912	10856511315.0270	9.0237e+04
810	496793.9237	-310337.2816	1174756.9237	3221825.7184	10856511315.0270	9.0102e+04
811	496889.9608	-310365.1543	1174852.9608	3221797.8457	10856511315.0270	8.9967e+04
812	496985.9978	-310393.0270	1174948.9978	3221769.9730	10856511315.0270	8.9832e+04
813	497082.0348	-310420.8997	1175045.0348	3221742.1003	10856511315.0270	8.9697e+04
814	497178.0719	-310448.7725	1175141.0719	3221714.2275	10856511315.0270	8.9563e+04
815	497274.1089	-310476.6452	1175237.1089	3221686.3548	10856511315.0270	8.9428e+04
816	497370.1459	-310504.5179	1175333.1459	3221658.4821	10856511315.0270	8.9294e+04
817	497466.1829	-310532.3907	1175429.1829	3221630.6093	10856511315.0270	8.9161e+04
818	497562.2200	-310560.2634	1175525.2200	3221602.7366	10856511315.0270	8.9027e+04
819	497658.2570	-310588.1361	1175621.2570	3221574.8639	10856511315.0270	8.8894e+04
820	497754.2940	-310616.0088	1175717.2940	3221546.9912	10856511315.0270	8.8761e+04
821	497850.3311	-310643.8816	1175813.3311	3221519.1184	10856511315.0270	8.8628e+04
822	497946.3681	-310671.7543	1175909.3681	3221491.2457	10856511315.0270	8.8495e+04
823	498042.4051	-310699.6270	1176005.4051	3221463.3730	10856511315.0270	8.8362e+04
824	498138.4421	-310727.4998	1176101.4421	3221435.5002	10856511315.0270	8.8230e+04
825	498234.4792	-310755.3725	1176197.4792	3221407.6275	10856511315.0270	8.8098e+04
826	498330.5162	-310783.2452	1176293.5162	3221379.7548	10856511315.0270	8.7966e+04
827	498426.5532	-310811.1180	1176389.5532	3221351.8820	10856511315.0270	8.7835e+04
828	498522.5903	-310838.9907	1176485.5903	3221324.0093	10856511315.0270	8.7703e+04
829	498618.6273	-310866.8634	1176581.6273	3221296.1366	10856511315.0270	8.7572e+04
830	498714.6643	-310894.7361	1176677.6643	3221268.2639	10856511315.0270	8.7441e+04
831	498810.7014	-310922.6089	1176773.7014	3221240.3911	10856511315.0270	8.7310e+04
832	498906.7384	-310950.4816	1176869.7384	3221212.5184	10856511315.0270	8.7180e+04
833	499002.7754	-310978.3543	1176965.7754	3221184.6457	10856511315.0270	8.7049e+04
834	499098.8124	-311006.2271	1177061.8124	3221156.7729	10856511315.0270	8.6919e+04
835	499194.8495	-311034.0998	1177157.8495	3221128.9002	10856511315.0270	8.6789e+04
836	499290.8865	-311061.9725	1177253.8865	3221101.0275	10856511315.0270	8.6659e+04
837	499386.9235	-311089.8452	1177349.9235	3221073.1548	10856511315.0270	8.6530e+04
838	499482.9606	-311117.7180	1177445.9606	3221045.2820	10856511315.0270	8.6401e+04
839	499578.9976	-311145.5907	1177541.9976	3221017.4093	10856511315.0270	8.6272e+04
840	499675.0346	-311173.4634	1177638.0346	3220989.5366	10856511315.0270	8.6143e+04
841	499771.0716	-311201.3362	1177734.0716	3220961.6638	10856511315.0270	8.6014e+04
842	499867.1087	-311229.2089	1177830.1087	3220933.7911	10856511315.0270	8.5886e+04
843	499963.1457	-311257.0816	1177926.1457	3220905.9184	10856511315.0270	8.5757e+04
844	500059.1827	-311284.9544	1178022.1827	3220878.0456	10856511315.0270	8.5629e+04
845	500155.2198	-311312.8271	1178118.2198	3220850.1729	10856511315.0270	8.5501e+04
846	500251.2568	-311340.6998	1178214.2568	3220822.3002	10856511315.0270	8.5374e+04
847	500347.2938	-311368.5725	1178310.2938	3220794.4275	10856511315.0270	8.5246e+04
848	500443.3308	-311396.4453	1178406.3308	3220766.5547	10856511315.0270	8.5119e+04
849	500539.3679	-311424.3180	1178502.3679	3220738.6820	10856511315.0270	8.4992e+04
850	500635.4049	-311452.1907	1178598.4049	3220710.8093	10856511315.0270	8.4865e+04
851	500731.4419	-311480.0635	1178694.4419	3220682.9365	10856511315.0270	8.4739e+04
852	500827.4790	-311507.9362	1178790.4790	3220655.0638	10856511315.0270	8.4612e+04
853	500923.5160	-311535.8089	1178886.5160	3220627.1911	10856511315.0270	8.4486e+04
854	501019.5530	-311563.6816	1178982.5530	3220599.3184	10856511315.0270	8.4360e+04
855	501115.5900	-311591.5544	1179078.5900	3220571.4456	10856511315.0270	8.4234e+04
856	501211.6271	-311619.4271	1179174.6271	3220543.5729	10856511315.0270	8.4109e+04
857	501307.6641	-311647.2998	1179270.6641	3220515.7002	10856511315.0270	8.3983e+04
858	501403.7011	-311675.1726	1179366.7011	3220487.8274	10856511315.0270	8.3858e+04
859	501499.7382	-311703.0453	1179462.7382	3220459.9547	10856511315.0270	8.3733e+04
860	501595.7752	-311730.9180	1179558.7752	3220432.0820	10856511315.0270	8.3609e+04
861	501691.8122	-311758.7908	1179654.8122	3220404.2092	10856511315.0270	8.3484e+04
862	501787.8493	-311786.6635	1179750.8493	3220376.3365	10856511315.0270	8.3360e+04
863	501883.8863	-311814.5362	1179846.8863	3220348.4638	10856511315.0270	8.3235e+04
864	501979.9233	-311842.4089	1179942.9233	3220320.5911	10856511315.0270	8.3111e+04
865	502075.9603	-311870.2817	1180038.9603	3220292.7183	10856511315.0270	8.2988e+04
866	502171.9974	-311898.1544	1180134.9974	3220264.8456	10856511315.0270	8.2864e+04
867	502268.0344	-311926.0271	1180231.0344	3220236.9729	10856511315.0270	8.2741e+04
868	502364.0714	-311953.8999	1180327.0714	3220209.1001	10856511315.0270	8.2618e+04
869	502460.1085	-311981.7726	1180423.1085	3220181.2274	10856511315.0270	8.2495e+04
870	502556.1455	-312009.6453	1180519.1455	3220153.3547	10856511315.0270	8.2372e+04
871	502652.1825	-312037.5180	1180615.1825	3220125.4820	10856511315.0270	8.2249e+04
872	502748.2195	-312065.3908	1180711.2195	3220097.6092	10856511315.0270	8.2127e+04
873	502844.2566	-312093.2635	1180807.2566	3220069.7365	10856511315.0270	8.2005e+04
874	502940.2936	-312121.1362	1180903.2936	3220041.8638	10856511315.0270	8.1883e+04
875	503036.3306	-312149.0090	1180999.3306	3220013.9910	10856511315.0270	8.1761e+04
876	503132.3677	-312176.8817	1181095.3677	3219986.1183	10856511315.0270	8.1640e+04
877	503228.4047	-312204.7544	1181191.4047	3219958.2456	10856511315.0270	8.1518e+04
878	503324.4417	-312232.6272	1181287.4417	3219930.3728	10856511315.0270	8.1397e+04
879	503420.4787	-312260.4999	1181383.4787	3219902.5001	10856511315.0270	8.1276e+04
880	503516.5158	-312288.3726	1181479.5158	3219874.6274	10856511315.0270	8.1155e+04
881	503612.5528	-312316.2453	1181575.5528	3219846.7547	10856511315.0270	8.1035e+04
882	503708.5898	-312344.1181	1181671.5898	3219818.8819	10856511315.0270	8.0914e+04
883	503804.6269	-312371.9908	1181767.6269	3219791.0092	10856511315.0270	8.0794e+04
884	503900.6639	-312399.8635	1181863.6639	3219763.1365	10856511315.0270	8.0674e+04
885	503996.7009	-312427.7363	1181959.7009	3219735.2637	10856511315.0270	8.0554e+04
886	504092.7380	-312455.6090	1182055.7380	3219707.3910	10856511315.0270	8.0435e+04
887	504188.7750	-312483.4817	1182151.7750	3219679.5183	10856511315.0270	8.0315e+04
888	504284.8120	-312511.3544	1182247.8120	3219651.6456	10856511315.0270	8.0196e+04
889	504380.8490	-312539.2272	1182343.8490	3219623.7728	10856511315.0270	8.0077e+04
890	504476.8861	-312567.0999	1182439.8861	3219595.9001	10856511315.0270	7.9958e+04
891	504572.9231	-312594.9726	1182535.9231	3219568.0274	10856511315.0270	7.9840e+04
892	504668.9601	-312622.8454	1182631.9601	3219540.1546	10856511315.0270	7.9721e+04
893	504764.9972	-312650.7181	1182727.9972	3219512.2819	10856511315.0270	7.9603e+04
894	504861.0342	-312678.5908	1182824.0342	3219484.4092	10856511315.0270	7.9485e+04
895	504957.0712	-312706.4636	1182920.0712	3219456.5364	10856511315.0270	7.9367e+04
896	505053.1082	-312734.3363	1183016.1082	3219428.6637	10856511315.0270	7.9249e+04
897	505149.1453	-312762.2090	1183112.1453	3219400.7910	10856511315.0270	7.9132e+04
898	505245.1823	-312790.0817	1183208.1823	3219372.9183	10856511315.0270	7.9014e+04
899	505341.2193	-312817.9545	1183304.2193	3219345.0455	10856511315.0270	7.8897e+04
900	505437.2564	-312845.8272	1183400.2564	3219317.1728	10856511315.0270	7.8780e+04
901	505533.2934	-312873.6999	1183496.2934	3219289.3001	10856511315.0270	7.8664e+04
902	505629.3304	-312901.5727	1183592.3304	3219261.4273	10856511315.0270	7.8547e+04
903	505725.3674	-312929.4454	1183688.3674	3219233.5546	10856511315.0270	7.8431e+04
904	505821.4045	-312957.3181	1183784.4045	3219205.6819	10856511315.0270	7.8314e+04
905	505917.4415	-312985.1908	1183880.4415	3219177.8092	10856511315.0270	7.8198e+04
906	506013.4785	-313013.0636	1183976.4785	3219149.9364	10856511315.0270	7.8083e+04
907	506109.5156	-313040.9363	1184072.5156	3219122.0637	10856511315.0270	7.7967e+04
908	506205.5526	-313068.8090	1184168.5526	3219094.1910	10856511315.0270	7.7852e+04
909	506301.5896	-313096.6818	1184264.5896	3219066.3182	10856511315.0270	7.7736e+04
910	506397.6266	-313124.5545	1184360.6266	3219038.4455	10856511315.0270	7.7621e+04
911	506493.6637	-313152.4272	1184456.6637	3219010.5728	10856511315.0270	7.7506e+04
912	506589.7007	-313180.3000	1184552.7007	3218982.7000	10856511315.0270	7.7392e+04
913	506685.7377	-313208.1727	1184648.7377	3218954.8273	10856511315.0270	7.7277e+04
914	506781.7748	-313236.0454	1184744.7748	3218926.9546	10856511315.0270	7.7163e+04
915	506877.8118	-313263.9181	1184840.8118	3218899.0819	10856511315.0270	7.7049e+04
916	506973.8488	-313291.7909	1184936.8488	3218871.2091	10856511315.0270	7.6935e+04
917	507069.8859	-313319.6636	1185032.8859	3218843.3364	10856511315.0270	7.6821e+04
918	507165.9229	-313347.5363	1185128.9229	3218815.4637	10856511315.0270	7.6707e+04
919	507261.9599	-313375.4091	1185224.9599	3218787.5909	10856511315.0270	7.6594e+04
920	507357.9969	-313403.2818	1185320.9969	3218759.7182	10856511315.0270	7.6481e+04
921	507454.0340	-313431.1545	1185417.0340	3218731.8455	10856511315.0270	7.6368e+04
922	507550.0710	-313459.0272	1185513.0710	3218703.9728	10856511315.0270	7.6255e+04
923	507646.1080	-313486.9000	1185609.1080	3218676.1000	10856511315.0270	7.6142e+04
924	507742.1451	-313514.7727	1185705.1451	3218648.2273	10856511315.0270	7.6030e+04
925	507838.1821	-313542.6454	1185801.1821	3218620.3546	10856511315.0270	7.5917e+04
926	507934.2191	-313570.5182	1185897.2191	3218592.4818	10856511315.0270	7.5805e+04
927	508030.2561	-313598.3909	1185993.2561	3218564.6091	10856511315.0270	7.5693e+04
928	508126.2932	-313626.2636	1186089.2932	3218536.7364	10856511315.0270	7.5582e+04
929	508222.3302	-313654.1364	1186185.3302	3218508.8636	10856511315.0270	7.5470e+04
930	508318.3672	-313682.0091	1186281.3672	3218480.9909	10856511315.0270	7.5359e+04
931	508414.4043	-313709.8818	1186377.4043	3218453.1182	10856511315.0270	7.5247e+04
932	508510.4413	-313737.7545	1186473.4413	3218425.2455	10856511315.0270	7.5136e+04
933	508606.4783	-313765.6273	1186569.4783	3218397.3727	10856511315.0270	7.5025e+04
934	508702.5153	-313793.5000	1186665.5153	3218369.5000	10856511315.0270	7.4915e+04
935	508798.5524	-313821.3727	1186761.5524	3218341.6273	10856511315.0270	7.4804e+04
936	508894.5894	-313849.2455	1186857.5894	3218313.7545	10856511315.0270	7.4694e+04
937	508990.6264	-313877.1182	1186953.6264	3218285.8818	10856511315.0270	7.4584e+04
938	509086.6635	-313904.9909	1187049.6635	3218258.0091	10856511315.0270	7.4474e+04
939	509182.7005	-313932.8636	1187145.7005	3218230.1364	10856511315.0270	7.4364e+04
940	509278.7375	-313960.7364	1187241.7375	3218202.2636	10856511315.0270	7.4254e+04
941	509374.7745	-313988.6091	1187337.7745	3218174.3909	10856511315.0270	7.4145e+04
942	509470.8116	-314016.4818	1187433.8116	3218146.5182	10856511315.0270	7.4035e+04
943	509566.8486	-314044.3546	1187529.8486	3218118.6454	10856511315.0270	7.3926e+04
944	509662.8856	-314072.2273	1187625.8856	3218090.7727	10856511315.0270	7.3817e+04
945	509758.9227	-314100.1000	1187721.9227	3218062.9000	10856511315.0270	7.3709e+04
946	509854.9597	-314127.9728	1187817.9597	3218035.0272	10856511315.0270	7.3600e+04
947	509950.9967	-314155.8455	1187913.9967	3218007.1545	10856511315.0270	7.3492e+04
948	510047.0338	-314183.7182	1188010.0338	3217979.2818	10856511315.0270	7.3383e+04
949	510143.0708	-314211.5909	1188106.0708	3217951.4091	10856511315.0270	7.3275e+04
950	510239.1078	-314239.4637	1188202.1078	3217923.5363	10856511315.0270	7.3168e+04
951	510335.1448	-314267.3364	1188298.1448	3217895.6636	10856511315.0270	7.3060e+04
952	510431.1819	-314295.2091	1188394.1819	3217867.7909	10856511315.0270	7.2952e+04
953	510527.2189	-314323.0819	1188490.2189	3217839.9181	10856511315.0270	7.2845e+04
954	510623.2559	-314350.9546	1188586.2559	3217812.0454	10856511315.0270	7.2738e+04
955	510719.2930	-314378.8273	1188682.2930	3217784.1727	10856511315.0270	7.2631e+04
956	510815.3300	-314406.7001	1188778.3300	3217756.2999	10856511315.0270	7.2524e+04
957	510911.3670	-314434.5728	1188874.3670	3217728.4272	10856511315.0270	7.2417e+04
958	511007.4040	-314462.4455	1188970.4040	3217700.5545	10856511315.0270	7.2311e+04
959	511103.4411	-314490.3182	1189066.4411	3217672.6818	10856511315.0270	7.2204e+04
960	511199.4781	-314518.1910	1189162.4781	3217644.8090	10856511315.0270	7.2098e+04
961	511295.5151	-314546.0637	1189258.5151	3217616.9363	10856511315.0270	7.1992e+04
962	511391.5522	-314573.9364	1189354.5522	3217589.0636	10856511315.0270	7.1886e+04
963	511487.5892	-314601.8092	1189450.5892	3217561.1908	10856511315.0270	7.1781e+04
964	511583.6262	-314629.6819	1189546.6262	3217533.3181	10856511315.0270	7.1675e+04
965	511679.6632	-314657.5546	1189642.6632	3217505.4454	10856511315.0270	7.1570e+04
966	511775.7003	-314685.4273	1189738.7003	3217477.5727	10856511315.0270	7.1465e+04
967	511871.7373	-314713.3001	1189834.7373	3217449.6999	10856511315.0270	7.1360e+04
968	511967.7743	-314741.1728	1189930.7743	3217421.8272	10856511315.0270	7.1255e+04
969	512063.8114	-314769.0455	1190026.8114	3217393.9545	10856511315.0270	7.1150e+04
970	512159.8484	-314796.9183	1190122.8484	3217366.0817	10856511315.0270	7.1046e+04
971	512255.8854	-314824.7910	1190218.8854	3217338.2090	10856511315.0270	7.0942e+04
972	512351.9225	-314852.6637	1190314.9225	3217310.3363	10856511315.0270	7.0837e+04
973	512447.9595	-314880.5365	1190410.9595	3217282.4635	10856511315.0270	7.0734e+04
974	512543.9965	-314908.4092	1190506.9965	3217254.5908	10856511315.0270	7.0630e+04
975	512640.0335	-314936.2819	1190603.0335	3217226.7181	10856511315.0270	7.0526e+04
976	512736.0706	-314964.1546	1190699.0706	3217198.8454	10856511315.0270	7.0423e+04
977	512832.1076	-314992.0274	1190795.1076	3217170.9726	10856511315.0270	7.0319e+04
978	512928.1446	-315019.9001	1190891.1446	3217143.0999	10856511315.0270	7.0216e+04
979	513024.1817	-315047.7728	1190987.1817	3217115.2272	10856511315.0270	7.0113e+04
980	513120.2187	-315075.6456	1191083.2187	3217087.3544	10856511315.0270	7.0010e+04
981	513216.2557	-315103.5183	1191179.2557	3217059.4817	10856511315.0270	6.9908e+04
982	513312.2927	-315131.3910	1191275.2927	3217031.6090	10856511315.0270	6.9805e+04
983	513408.3298	-315159.2637	1191371.3298	3217003.7363	10856511315.0270	6.9703e+04
984	513504.3668	-315187.1365	1191467.3668	3216975.8635	10856511315.0270	6.9601e+04
985	513600.4038	-315215.0092	1191563.4038	3216947.9908	10856511315.0270	6.9499e+04
986	513696.4409	-315242.8819	1191659.4409	3216920.1181	10856511315.0270	6.9397e+04
987	513792.4779	-315270.7547	1191755.4779	3216892.2453	10856511315.0270	6.9295e+04
988	513888.5149	-315298.6274	1191851.5149	3216864.3726	10856511315.0270	6.9194e+04
989	513984.5519	-315326.5001	1191947.5519	3216836.4999	10856511315.0270	6.9092e+04
990	514080.5890	-315354.3729	1192043.5890	3216808.6271	10856511315.0270	6.8991e+04
991	514176.6260	-315382.2456	1192139.6260	3216780.7544	10856511315.0270	6.8890e+04
992	514272.6630	-315410.1183	1192235.6630	3216752.8817	10856511315.0270	6.8789e+04
993	514368.7001	-315437.9910	1192331.7001	3216725.0090	10856511315.0270	6.8689e+04
994	514464.7371	-315465.8638	1192427.7371	3216697.1362	10856511315.0270	6.8588e+04
995	514560.7741	-315493.7365	1192523.7741	3216669.2635	10856511315.0270	6.8488e+04
996	514656.8111	-315521.6092	1192619.8111	3216641.3908	10856511315.0270	6.8388e+04
997	514752.8482	-315549.4820	1192715.8482	3216613.5180	10856511315.0270	6.8288e+04
998	514848.8852	-315577.3547	1192811.8852	3216585.6453	10856511315.0270	6.8188e+04
999	514944.9222	-315605.2274	1192907.9222	3216557.7726	10856511315.0270	6.8088e+04
