i	x_from_vent	y_from_vent	x_coord	y_coord	sigma_square	mass_released
0	900.4331	-1308.9447	678863.4331	3530854.0553	557158.2226	3.5745e+07
1	1047.4015	-1550.0566	679010.4015	3530612.9434	611452.4619	3.4777e+07
2	1205.4694	-1813.7068	679168.4694	3530349.2932	680076.6745	3.3837e+07
3	1375.7686	-2092.8230	679338.7686	3530070.1770	752445.8346	3.2922e+07
4	1563.0615	-2380.2251	679526.0615	3529782.7749	827744.2331	3.2033e+07
5	1769.2390	-2672.4329	679732.2390	3529490.5671	908451.6706	3.1168e+07
6	1992.5623	-2966.8235	679955.5623	3529196.1765	996337.7902	3.0328e+07
7	2231.9269	-3261.3632	680194.9269	3528901.6368	1092433.7994	2.9511e+07
8	2484.1455	-3552.4867	680447.1455	3528610.5133	1196942.9058	2.8716e+07
9	2745.8284	-3837.1438	680708.8284	3528325.8562	1309056.6168	2.7944e+07
10	3014.6374	-4113.6398	680977.6374	3528049.3602	1428496.1247	2.7193e+07
11	3290.6727	-4381.1396	681253.6727	3527781.8604	1555288.3208	2.6462e+07
12	3574.1079	-4638.9968	681537.1079	3527524.0032	1689354.5593	2.5752e+07
13	3862.1435	-4888.0768	681825.1435	3527274.9232	1830567.1482	2.5062e+07
14	4153.9743	-5128.5404	682116.9743	3527034.4596	1978712.6176	2.4390e+07
15	4450.5728	-5359.5380	682413.5728	3526803.4620	2133506.9922	2.3737e+07
16	4751.9194	-5580.5567	682714.9194	3526582.4433	2294636.9871	2.3102e+07
17	5054.9100	-5793.2719	683017.9100	3526369.7281	2461793.6081	2.2484e+07
18	5360.0263	-5997.2157	683323.0263	3526165.7843	2634601.4265	2.1884e+07
19	5668.9508	-6190.7061	683631.9508	3525972.2939	2812649.4049	2.1300e+07
20	5977.5336	-6376.6599	683940.5336	3525786.3401	2995580.7056	2.0732e+07
21	6287.7293	-6553.3726	684250.7293	3525609.6274	3182952.9474	2.0179e+07
22	6598.8547	-6721.8852	684561.8547	3525441.1148	3374348.1369	1.9642e+07
23	6907.9661	-6884.4336	684870.9661	3525278.5664	3566213.0724	1.9119e+07
24	7218.9689	-7041.0616	685181.9689	3525121.9384	3763779.6401	1.8611e+07
25	7526.3323	-7194.1547	685489.3323	3524968.8453	3963640.2190	1.8116e+07
26	7833.7952	-7343.2572	685796.7952	3524819.7428	4165261.1839	1.7635e+07
27	8138.0823	-7488.8140	686101.0823	3524674.1860	4368227.0141	1.7168e+07
28	8441.3220	-7630.5068	686404.3220	3524532.4932	4572072.8317	1.6713e+07
29	8741.3917	-7768.6881	686704.3917	3524394.3119	4776414.4714	1.6270e+07
30	9039.9846	-7903.0729	687002.9846	3524259.9271	4980838.7640	1.5839e+07
31	9334.7936	-8034.1371	687297.7936	3524128.8629	5185008.4915	1.5421e+07
32	9628.3699	-8161.3541	687591.3699	3524001.6459	5388541.0383	1.5013e+07
33	9916.9563	-8285.6405	687879.9563	3523877.3595	5591159.2914	1.4617e+07
34	10205.1838	-8405.8569	688168.1838	3523757.1431	5792489.7853	1.4231e+07
35	10488.2139	-8523.3207	688451.2139	3523639.6793	5992305.9612	1.3856e+07
36	10769.2267	-8637.1744	688732.2267	3523525.8256	6190287.1803	1.3491e+07
37	11046.6104	-8747.9457	689009.6104	3523415.0543	6386370.8480	1.3136e+07
38	11319.3445	-8855.9600	689282.3445	3523307.0400	6581070.1219	1.2791e+07
39	11590.7074	-8960.2051	689553.7074	3523202.7949	6774132.9944	1.2454e+07
40	11856.8746	-9061.9454	689819.8746	3523101.0546	6965329.1496	1.2127e+07
41	12119.2004	-9160.7490	690082.2004	3523002.2510	7154371.1737	1.1809e+07
42	12378.9053	-9256.2325	690341.9053	3522906.7675	7340987.6518	1.1500e+07
43	12633.4229	-9349.3432	690596.4229	3522813.6568	7524973.4773	1.1198e+07
44	12883.7764	-9439.7383	690846.7764	3522723.2617	7706086.0973	1.0905e+07
45	13131.4569	-9526.8965	691094.4569	3522636.1035	7884088.4872	1.0620e+07
46	13373.9753	-9611.8189	691336.9753	3522551.1811	8058811.0847	1.0342e+07
47	13611.3812	-9694.5353	691574.3812	3522468.4647	8230059.5160	1.0072e+07
48	13846.2839	-9774.0147	691809.2839	3522388.9853	8397613.4502	9.8093e+06
49	14076.5006	-9851.2113	692039.5006	3522311.7887	8561330.3389	9.5535e+06
50	14301.6349	-9926.3378	692264.6349	3522236.6622	8721051.6480	9.3046e+06
51	14521.7339	-9999.4230	692484.7339	3522163.5770	8876621.4700	9.0623e+06
52	14739.2867	-10069.5657	692702.2867	3522093.4343	9027860.9245	8.8265e+06
53	14952.0253	-10137.6717	692915.0253	3522025.3283	9165670.8908	8.5970e+06
54	15159.6316	-10203.8460	693122.6316	3521959.1540	9308329.2768	8.3737e+06
55	15361.9316	-10268.0509	693324.9316	3521894.9491	9446551.5921	8.1563e+06
56	15559.0869	-10330.1416	693522.0869	3521832.8584	9579856.5192	7.9447e+06
57	15752.5470	-10389.5593	693715.5470	3521773.4407	9707772.7815	7.7388e+06
58	15940.1281	-10446.9546	693903.1281	3521716.0454	9829899.8880	7.5384e+06
59	16121.7129	-10502.3058	694084.7129	3521660.6942	9945839.5171	7.3433e+06
60	16297.1975	-10555.5959	694260.1975	3521607.4041	10055221.1537	7.1534e+06
61	16466.4906	-10606.8119	694429.4906	3521556.1881	10157702.6560	6.9685e+06
62	16629.5125	-10655.9444	694592.5125	3521507.0556	10252970.7298	6.7885e+06
63	16776.0661	-10699.7967	694739.0661	3521463.2033	10340067.5213	6.6134e+06
64	16899.0918	-10736.1604	694862.0918	3521426.8396	10418272.7844	6.4428e+06
65	17018.9422	-10771.4651	694981.9422	3521391.5349	10488719.0243	6.2768e+06
66	17135.5883	-10805.7180	695098.5883	3521357.2820	10551212.1680	6.1152e+06
67	17249.0053	-10838.9280	695212.0053	3521324.0720	10605587.8769	5.9579e+06
68	17359.1726	-10871.1050	695322.1726	3521291.8950	10651711.5960	5.8047e+06
69	17466.0737	-10902.2602	695429.0737	3521260.7398	10689478.5463	5.6556e+06
70	17569.6958	-10932.4062	695532.6958	3521230.5938	10718813.6631	5.5104e+06
71	17670.0300	-10961.5566	695633.0300	3521201.4434	10739671.4840	5.3691e+06
72	17767.1340	-10989.7443	695730.1340	3521173.2557	10751179.9985	5.2315e+06
73	17863.1710	-11017.6170	695826.1710	3521145.3830	10751179.9985	5.0975e+06
74	17959.2080	-11045.4898	695922.2080	3521117.5102	10751179.9985	4.9670e+06
75	18055.2451	-11073.3625	696018.2451	3521089.6375	10751179.9985	4.8400e+06
76	18151.2821	-11101.2352	696114.2821	3521061.7648	10751179.9985	4.7163e+06
77	18247.3191	-11129.1079	696210.3191	3521033.8921	10751179.9985	4.5958e+06
78	18343.3562	-11156.9807	696306.3562	3521006.0193	10751179.9985	4.4785e+06
79	18439.3932	-11184.8534	696402.3932	3520978.1466	10751179.9985	4.3643e+06
80	18535.4302	-11212.7261	696498.4302	3520950.2739	10751179.9985	4.2531e+06
81	18631.4672	-11240.5989	696594.4672	3520922.4011	10751179.9985	4.1448e+06
82	18727.5043	-11268.4716	696690.5043	3520894.5284	10751179.9985	4.0393e+06
83	18823.5413	-11296.3443	696786.5413	3520866.6557	10751179.9985	3.9366e+06
84	18919.5783	-11324.2171	696882.5783	3520838.7829	10751179.9985	3.8366e+06
85	19015.6154	-11352.0898	696978.6154	3520810.9102	10751179.9985	3.7391e+06
86	19111.6524	-11379.9625	697074.6524	3520783.0375	10751179.9985	3.6443e+06
87	19207.6894	-11407.8352	697170.6894	3520755.1648	10751179.9985	3.5519e+06
88	19303.7264	-11435.7080	697266.7264	3520727.2920	10751179.9985	3.4619e+06
89	19399.7635	-11463.5807	697362.7635	3520699.4193	10751179.9985	3.3742e+06
90	19495.8005	-11491.4534	697458.8005	3520671.5466	10751179.9985	3.2888e+06
91	19591.8375	-11519.3262	697554.8375	3520643.6738	10751179.9985	3.2057e+06
92	19687.8746	-11547.1989	697650.8746	3520615.8011	10751179.9985	3.1247e+06
93	19783.9116	-11575.0716	697746.9116	3520587.9284	10751179.9985	3.0458e+06
94	19879.9486	-11602.9443	697842.9486	3520560.0557	10751179.9985	2.9689e+06
95	19975.9856	-11630.8171	697938.9856	3520532.1829	10751179.9985	2.8941e+06
96	20072.0227	-11658.6898	698035.0227	3520504.3102	10751179.9985	2.8212e+06
97	20168.0597	-11686.5625	698131.0597	3520476.4375	10751179.9985	2.7501e+06
98	20264.0967	-11714.4353	698227.0967	3520448.5647	10751179.9985	2.6809e+06
99	20360.1338	-11742.3080	698323.1338	3520420.6920	10751179.9985	2.6135e+06
100	20456.1708	-11770.1807	698419.1708	3520392.8193	10751179.9985	2.5479e+06
101	20552.2078	-11798.0535	698515.2078	3520364.9465	10751179.9985	2.4839e+06
102	20648.2449	-11825.9262	698611.2449	3520337.0738	10751179.9985	2.4216e+06
103	20744.2819	-11853.7989	698707.2819	3520309.2011	10751179.9985	2.3608e+06
104	20840.3189	-11881.6716	698803.3189	3520281.3284	10751179.9985	2.3017e+06
105	20936.3559	-11909.5444	698899.3559	3520253.4556	10751179.9985	2.2440e+06
106	21032.3930	-11937.4171	698995.3930	3520225.5829	10751179.9985	2.1879e+06
107	21128.4300	-11965.2898	699091.4300	3520197.7102	10751179.9985	2.1332e+06
108	21224.4670	-11993.1626	699187.4670	3520169.8374	10751179.9985	2.0799e+06
109	21320.5041	-12021.0353	699283.5041	3520141.9647	10751179.9985	2.0279e+06
110	21416.5411	-12048.9080	699379.5411	3520114.0920	10751179.9985	1.9773e+06
111	21512.5781	-12076.7807	699475.5781	3520086.2193	10751179.9985	1.9280e+06
112	21608.6151	-12104.6535	699571.6151	3520058.3465	10751179.9985	1.8800e+06
113	21704.6522	-12132.5262	699667.6522	3520030.4738	10751179.9985	1.8331e+06
114	21800.6892	-12160.3989	699763.6892	3520002.6011	10751179.9985	1.7875e+06
115	21896.7262	-12188.2717	699859.7262	3519974.7283	10751179.9985	1.7430e+06
116	21992.7633	-12216.1444	699955.7633	3519946.8556	10751179.9985	1.6997e+06
117	22088.8003	-12244.0171	700051.8003	3519918.9829	10751179.9985	1.6575e+06
118	22184.8373	-12271.8899	700147.8373	3519891.1101	10751179.9985	1.6164e+06
119	22280.8743	-12299.7626	700243.8743	3519863.2374	10751179.9985	1.5763e+06
120	22376.9114	-12327.6353	700339.9114	3519835.3647	10751179.9985	1.5372e+06
121	22472.9484	-12355.5080	700435.9484	3519807.4920	10751179.9985	1.4991e+06
122	22568.9854	-12383.3808	700531.9854	3519779.6192	10751179.9985	1.4620e+06
123	22665.0225	-12411.2535	700628.0225	3519751.7465	10751179.9985	1.4258e+06
124	22761.0595	-12439.1262	700724.0595	3519723.8738	10751179.9985	1.3905e+06
125	22857.0965	-12466.9990	700820.0965	3519696.0010	10751179.9985	1.3562e+06
126	22953.1336	-12494.8717	700916.1336	3519668.1283	10751179.9985	1.3227e+06
127	23049.1706	-12522.7444	701012.1706	3519640.2556	10751179.9985	1.2900e+06
128	23145.2076	-12550.6171	701108.2076	3519612.3829	10751179.9985	1.2582e+06
129	23241.2446	-12578.4899	701204.2446	3519584.5101	10751179.9985	1.2272e+06
130	23337.2817	-12606.3626	701300.2817	3519556.6374	10751179.9985	1.1970e+06
131	23433.3187	-12634.2353	701396.3187	3519528.7647	10751179.9985	1.1675e+06
132	23529.3557	-12662.1081	701492.3557	3519500.8919	10751179.9985	1.1388e+06
133	23625.3928	-12689.9808	701588.3928	3519473.0192	10751179.9985	1.1108e+06
134	23721.4298	-12717.8535	701684.4298	3519445.1465	10751179.9985	1.0835e+06
135	23817.4668	-12745.7263	701780.4668	3519417.2737	10751179.9985	1.0569e+06
136	23913.5038	-12773.5990	701876.5038	3519389.4010	10751179.9985	1.0309e+06
137	24009.5409	-12801.4717	701972.5409	3519361.5283	10751179.9985	1.0057e+06
138	24105.5779	-12829.3444	702068.5779	3519333.6556	10751179.9985	9.8101e+05
139	24201.6149	-12857.2172	702164.6149	3519305.7828	10751179.9985	9.5698e+05
140	24297.6520	-12885.0899	702260.6520	3519277.9101	10751179.9985	9.3355e+05
141	24393.6890	-12912.9626	702356.6890	3519250.0374	10751179.9985	9.1071e+05
142	24489.7260	-12940.8354	702452.7260	3519222.1646	10751179.9985	8.8844e+05
143	24585.7630	-12968.7081	702548.7630	3519194.2919	10751179.9985	8.6673e+05
144	24681.8001	-12996.5808	702644.8001	3519166.4192	10751179.9985	8.4556e+05
145	24777.8371	-13024.4535	702740.8371	3519138.5465	10751179.9985	8.2492e+05
146	24873.8741	-13052.3263	702836.8741	3519110.6737	10751179.9985	8.0480e+05
147	24969.9112	-13080.1990	702932.9112	3519082.8010	10751179.9985	7.8518e+05
148	25065.9482	-13108.0717	703028.9482	3519054.9283	10751179.9985	7.6605e+05
149	25161.9852	-13135.9445	703124.9852	3519027.0555	10751179.9985	7.4739e+05
150	25258.0222	-13163.8172	703221.0222	3518999.1828	10751179.9985	7.2921e+05
151	25354.0593	-13191.6899	703317.0593	3518971.3101	10751179.9985	7.1147e+05
152	25450.0963	-13219.5627	703413.0963	3518943.4373	10751179.9985	6.9418e+05
153	25546.1333	-13247.4354	703509.1333	3518915.5646	10751179.9985	6.7731e+05
154	25642.1704	-13275.3081	703605.1704	3518887.6919	10751179.9985	6.6087e+05
155	25738.2074	-13303.1808	703701.2074	3518859.8192	10751179.9985	6.4483e+05
156	25834.2444	-13331.0536	703797.2444	3518831.9464	10751179.9985	6.2919e+05
157	25930.2815	-13358.9263	703893.2815	3518804.0737	10751179.9985	6.1394e+05
158	26026.3185	-13386.7990	703989.3185	3518776.2010	10751179.9985	5.9907e+05
159	26122.3555	-13414.6718	704085.3555	3518748.3282	10751179.9985	5.8457e+05
160	26218.3925	-13442.5445	704181.3925	3518720.4555	10751179.9985	5.7043e+05
161	26314.4296	-13470.4172	704277.4296	3518692.5828	10751179.9985	5.5663e+05
162	26410.4666	-13498.2899	704373.4666	3518664.7101	10751179.9985	5.4318e+05
163	26506.5036	-13526.1627	704469.5036	3518636.8373	10751179.9985	5.3006e+05
164	26602.5407	-13554.0354	704565.5407	3518608.9646	10751179.9985	5.1726e+05
165	26698.5777	-13581.9081	704661.5777	3518581.0919	10751179.9985	5.0478e+05
166	26794.6147	-13609.7809	704757.6147	3518553.2191	10751179.9985	4.9261e+05
167	26890.6517	-13637.6536	704853.6517	3518525.3464	10751179.9985	4.8074e+05
168	26986.6888	-13665.5263	704949.6888	3518497.4737	10751179.9985	4.6916e+05
169	27082.7258	-13693.3991	705045.7258	3518469.6009	10751179.9985	4.5786e+05
170	27178.7628	-13721.2718	705141.7628	3518441.7282	10751179.9985	4.4684e+05
171	27274.7999	-13749.1445	705237.7999	3518413.8555	10751179.9985	4.3610e+05
172	27370.8369	-13777.0172	705333.8369	3518385.9828	10751179.9985	4.2562e+05
173	27466.8739	-13804.8900	705429.8739	3518358.1100	10751179.9985	4.1539e+05
174	27562.9109	-13832.7627	705525.9109	3518330.2373	10751179.9985	4.0542e+05
175	27658.9480	-13860.6354	705621.9480	3518302.3646	10751179.9985	3.9569e+05
176	27754.9850	-13888.5082	705717.9850	3518274.4918	10751179.9985	3.8620e+05
177	27851.0220	-13916.3809	705814.0220	3518246.6191	10751179.9985	3.7694e+05
178	27947.0591	-13944.2536	705910.0591	3518218.7464	10751179.9985	3.6791e+05
179	28043.0961	-13972.1263	706006.0961	3518190.8737	10751179.9985	3.5910e+05
180	28139.1331	-13999.9991	706102.1331	3518163.0009	10751179.9985	3.5051e+05
181	28235.1702	-14027.8718	706198.1702	3518135.1282	10751179.9985	3.4212e+05
182	28331.2072	-14055.7445	706294.2072	3518107.2555	10751179.9985	3.3394e+05
183	28427.2442	-14083.6173	706390.2442	3518079.3827	10751179.9985	3.2596e+05
184	28523.2812	-14111.4900	706486.2812	3518051.5100	10751179.9985	3.1818e+05
185	28619.3183	-14139.3627	706582.3183	3518023.6373	10751179.9985	3.1058e+05
186	28715.3553	-14167.2355	706678.3553	3517995.7645	10751179.9985	3.0317e+05
187	28811.3923	-14195.1082	706774.3923	3517967.8918	10751179.9985	2.9594e+05
188	28907.4294	-14222.9809	706870.4294	3517940.0191	10751179.9985	2.8889e+05
189	29003.4664	-14250.8536	706966.4664	3517912.1464	10751179.9985	2.8201e+05
190	29099.5034	-14278.7264	707062.5034	3517884.2736	10751179.9985	2.7529e+05
191	29195.5404	-14306.5991	707158.5404	3517856.4009	10751179.9985	2.6874e+05
192	29291.5775	-14334.4718	707254.5775	3517828.5282	10751179.9985	2.6235e+05
193	29387.6145	-14362.3446	707350.6145	3517800.6554	10751179.9985	2.5611e+05
194	29483.6515	-14390.2173	707446.6515	3517772.7827	10751179.9985	2.5002e+05
195	29579.6886	-14418.0900	707542.6886	3517744.9100	10751179.9985	2.4408e+05
196	29675.7256	-14445.9627	707638.7256	3517717.0373	10751179.9985	2.3829e+05
197	29771.7626	-14473.8355	707734.7626	3517689.1645	10751179.9985	2.3264e+05
198	29867.7996	-14501.7082	707830.7996	3517661.2918	10751179.9985	2.2712e+05
199	29963.8367	-14529.5809	707926.8367	3517633.4191	10751179.9985	2.2173e+05
200	30059.8737	-14557.4537	708022.8737	3517605.5463	10751179.9985	2.1648e+05
201	30155.9107	-14585.3264	708118.9107	3517577.6736	10751179.9985	2.1135e+05
202	30251.9478	-14613.1991	708214.9478	3517549.8009	10751179.9985	2.0635e+05
203	30347.9848	-14641.0719	708310.9848	3517521.9281	10751179.9985	2.0147e+05
204	30444.0218	-14668.9446	708407.0218	3517494.0554	10751179.9985	1.9670e+05
205	30540.0588	-14696.8173	708503.0588	3517466.1827	10751179.9985	1.9205e+05
206	30636.0959	-14724.6900	708599.0959	3517438.3100	10751179.9985	1.8752e+05
207	30732.1329	-14752.5628	708695.1329	3517410.4372	10751179.9985	1.8309e+05
208	30828.1699	-14780.4355	708791.1699	3517382.5645	10751179.9985	1.7877e+05
209	30924.2070	-14808.3082	708887.2070	3517354.6918	10751179.9985	1.7455e+05
210	31020.2440	-14836.1810	708983.2440	3517326.8190	10751179.9985	1.7043e+05
211	31116.2810	-14864.0537	709079.2810	3517298.9463	10751179.9985	1.6641e+05
212	31212.3181	-14891.9264	709175.3181	3517271.0736	10751179.9985	1.6249e+05
213	31308.3551	-14919.7991	709271.3551	3517243.2009	10751179.9985	1.5867e+05
214	31404.3921	-14947.6719	709367.3921	3517215.3281	10751179.9985	1.5493e+05
215	31500.4291	-14975.5446	709463.4291	3517187.4554	10751179.9985	1.5129e+05
216	31596.4662	-15003.4173	709559.4662	3517159.5827	10751179.9985	1.4773e+05
217	31692.5032	-15031.2901	709655.5032	3517131.7099	10751179.9985	1.4426e+05
218	31788.5402	-15059.1628	709751.5402	3517103.8372	10751179.9985	1.4087e+05
219	31884.5773	-15087.0355	709847.5773	3517075.9645	10751179.9985	1.3756e+05
220	31980.6143	-15114.9083	709943.6143	3517048.0917	10751179.9985	1.3433e+05
221	32076.6513	-15142.7810	710039.6513	3517020.2190	10751179.9985	1.3118e+05
222	32172.6883	-15170.6537	710135.6883	3516992.3463	10751179.9985	1.2810e+05
223	32268.7254	-15198.5264	710231.7254	3516964.4736	10751179.9985	1.2510e+05
224	32364.7624	-15226.3992	710327.7624	3516936.6008	10751179.9985	1.2216e+05
225	32460.7994	-15254.2719	710423.7994	3516908.7281	10751179.9985	1.1930e+05
226	32556.8365	-15282.1446	710519.8365	3516880.8554	10751179.9985	1.1651e+05
227	32652.8735	-15310.0174	710615.8735	3516852.9826	10751179.9985	1.1378e+05
228	32748.9105	-15337.8901	710711.9105	3516825.1099	10751179.9985	1.1112e+05
229	32844.9475	-15365.7628	710807.9475	3516797.2372	10751179.9985	1.0852e+05
230	32940.9846	-15393.6355	710903.9846	3516769.3645	10751179.9985	1.0598e+05
231	33037.0216	-15421.5083	711000.0216	3516741.4917	10751179.9985	1.0351e+05
232	33133.0586	-15449.3810	711096.0586	3516713.6190	10751179.9985	1.0109e+05
233	33229.0957	-15477.2537	711192.0957	3516685.7463	10751179.9985	9.8730e+04
234	33325.1327	-15505.1265	711288.1327	3516657.8735	10751179.9985	9.6426e+04
235	33421.1697	-15532.9992	711384.1697	3516630.0008	10751179.9985	9.4177e+04
236	33517.2067	-15560.8719	711480.2067	3516602.1281	10751179.9985	9.1981e+04
237	33613.2438	-15588.7447	711576.2438	3516574.2553	10751179.9985	8.9837e+04
238	33709.2808	-15616.6174	711672.2808	3516546.3826	10751179.9985	8.7744e+04
239	33805.3178	-15644.4901	711768.3178	3516518.5099	10751179.9985	8.5700e+04
240	33901.3549	-15672.3628	711864.3549	3516490.6372	10751179.9985	8.3705e+04
241	33997.3919	-15700.2356	711960.3919	3516462.7644	10751179.9985	8.1757e+04
242	34093.4289	-15728.1083	712056.4289	3516434.8917	10751179.9985	7.9856e+04
243	34189.4660	-15755.9810	712152.4660	3516407.0190	10751179.9985	7.7999e+04
244	34285.5030	-15783.8538	712248.5030	3516379.1462	10751179.9985	7.6186e+04
245	34381.5400	-15811.7265	712344.5400	3516351.2735	10751179.9985	7.4416e+04
246	34477.5770	-15839.5992	712440.5770	3516323.4008	10751179.9985	7.2688e+04
247	34573.6141	-15867.4719	712536.6141	3516295.5281	10751179.9985	7.1000e+04
248	34669.6511	-15895.3447	712632.6511	3516267.6553	10751179.9985	6.9353e+04
249	34765.6881	-15923.2174	712728.6881	3516239.7826	10751179.9985	6.7744e+04
250	34861.7252	-15951.0901	712824.7252	3516211.9099	10751179.9985	6.6173e+04
251	34957.7622	-15978.9629	712920.7622	3516184.0371	10751179.9985	6.4639e+04
252	35053.7992	-16006.8356	713016.7992	3516156.1644	10751179.9985	6.3142e+04
253	35149.8362	-16034.7083	713112.8362	3516128.2917	10751179.9985	6.1679e+04
254	35245.8733	-16062.5811	713208.8733	3516100.4189	10751179.9985	6.0251e+04
255	35341.9103	-16090.4538	713304.9103	3516072.5462	10751179.9985	5.8857e+04
256	35437.9473	-16118.3265	713400.9473	3516044.6735	10751179.9985	5.7495e+04
257	35533.9844	-16146.1992	713496.9844	3516016.8008	10751179.9985	5.6165e+04
258	35630.0214	-16174.0720	713593.0214	3515988.9280	10751179.9985	5.4867e+04
259	35726.0584	-16201.9447	713689.0584	3515961.0553	10751179.9985	5.3599e+04
260	35822.0954	-16229.8174	713785.0954	3515933.1826	10751179.9985	5.2361e+04
261	35918.1325	-16257.6902	713881.1325	3515905.3098	10751179.9985	5.1152e+04
262	36014.1695	-16285.5629	713977.1695	3515877.4371	10751179.9985	4.9971e+04
263	36110.2065	-16313.4356	714073.2065	3515849.5644	10751179.9985	4.8818e+04
264	36206.2436	-16341.3083	714169.2436	3515821.6917	10751179.9985	4.7692e+04
265	36302.2806	-16369.1811	714265.2806	3515793.8189	10751179.9985	4.6592e+04
266	36398.3176	-16397.0538	714361.3176	3515765.9462	10751179.9985	4.5518e+04
267	36494.3547	-16424.9265	714457.3547	3515738.0735	10751179.9985	4.4469e+04
268	36590.3917	-16452.7993	714553.3917	3515710.2007	10751179.9985	4.3445e+04
269	36686.4287	-16480.6720	714649.4287	3515682.3280	10751179.9985	4.2444e+04
270	36782.4657	-16508.5447	714745.4657	3515654.4553	10751179.9985	4.1467e+04
271	36878.5028	-16536.4175	714841.5028	3515626.5825	10751179.9985	4.0513e+04
272	36974.5398	-16564.2902	714937.5398	3515598.7098	10751179.9985	3.9581e+04
273	37070.5768	-16592.1629	715033.5768	3515570.8371	10751179.9985	3.8671e+04
274	37166.6139	-16620.0356	715129.6139	3515542.9644	10751179.9985	3.7782e+04
275	37262.6509	-16647.9084	715225.6509	3515515.0916	10751179.9985	3.6914e+04
276	37358.6879	-16675.7811	715321.6879	3515487.2189	10751179.9985	3.6066e+04
277	37454.7249	-16703.6538	715417.7249	3515459.3462	10751179.9985	3.5238e+04
278	37550.7620	-16731.5266	715513.7620	3515431.4734	10751179.9985	3.4429e+04
279	37646.7990	-16759.3993	715609.7990	3515403.6007	10751179.9985	3.3639e+04
280	37742.8360	-16787.2720	715705.8360	3515375.7280	10751179.9985	3.2867e+04
281	37838.8731	-16815.1448	715801.8731	3515347.8552	10751179.9985	3.2114e+04
282	37934.9101	-16843.0175	715897.9101	3515319.9825	10751179.9985	3.1377e+04
283	38030.9471	-16870.8902	715993.9471	3515292.1098	10751179.9985	3.0658e+04
284	38126.9841	-16898.7629	716089.9841	3515264.2371	10751179.9985	2.9956e+04
285	38223.0212	-16926.6357	716186.0212	3515236.3643	10751179.9985	2.9270e+04
286	38319.0582	-16954.5084	716282.0582	3515208.4916	10751179.9985	2.8600e+04
287	38415.0952	-16982.3811	716378.0952	3515180.6189	10751179.9985	2.7945e+04
288	38511.1323	-17010.2539	716474.1323	3515152.7461	10751179.9985	2.7306e+04
289	38607.1693	-17038.1266	716570.1693	3515124.8734	10751179.9985	2.6681e+04
290	38703.2063	-17065.9993	716666.2063	3515097.0007	10751179.9985	2.6071e+04
291	38799.2433	-17093.8720	716762.2433	3515069.1280	10751179.9985	2.5475e+04
292	38895.2804	-17121.7448	716858.2804	3515041.2552	10751179.9985	2.4893e+04
293	38991.3174	-17149.6175	716954.3174	3515013.3825	10751179.9985	2.4325e+04
294	39087.3544	-17177.4902	717050.3544	3514985.5098	10751179.9985	2.3769e+04
295	39183.3915	-17205.3630	717146.3915	3514957.6370	10751179.9985	2.3227e+04
296	39279.4285	-17233.2357	717242.4285	3514929.7643	10751179.9985	2.2696e+04
297	39375.4655	-17261.1084	717338.4655	3514901.8916	10751179.9985	2.2179e+04
298	39471.5026	-17288.9812	717434.5026	3514874.0188	10751179.9985	2.1673e+04
299	39567.5396	-17316.8539	717530.5396	3514846.1461	10751179.9985	2.1179e+04
300	39663.5766	-17344.7266	717626.5766	3514818.2734	10751179.9985	2.0696e+04
301	39759.6136	-17372.5993	717722.6136	3514790.4007	10751179.9985	2.0224e+04
302	39855.6507	-17400.4721	717818.6507	3514762.5279	10751179.9985	1.9764e+04
303	39951.6877	-17428.3448	717914.6877	3514734.6552	10751179.9985	1.9314e+04
304	40047.7247	-17456.2175	718010.7247	3514706.7825	10751179.9985	1.8874e+04
305	40143.7618	-17484.0903	718106.7618	3514678.9097	10751179.9985	1.8444e+04
306	40239.7988	-17511.9630	718202.7988	3514651.0370	10751179.9985	1.8025e+04
307	40335.8358	-17539.8357	718298.8358	3514623.1643	10751179.9985	1.7615e+04
308	40431.8728	-17567.7084	718394.8728	3514595.2916	10751179.9985	1.7214e+04
309	40527.9099	-17595.5812	718490.9099	3514567.4188	10751179.9985	1.6823e+04
310	40623.9469	-17623.4539	718586.9469	3514539.5461	10751179.9985	1.6441e+04
311	40719.9839	-17651.3266	718682.9839	3514511.6734	10751179.9985	1.6067e+04
312	40816.0210	-17679.1994	718779.0210	3514483.8006	10751179.9985	1.5702e+04
313	40912.0580	-17707.0721	718875.0580	3514455.9279	10751179.9985	1.5346e+04
314	41008.0950	-17734.9448	718971.0950	3514428.0552	10751179.9985	1.4997e+04
315	41104.1320	-17762.8176	719067.1320	3514400.1824	10751179.9985	1.4657e+04
316	41200.1691	-17790.6903	719163.1691	3514372.3097	10751179.9985	1.4324e+04
317	41296.2061	-17818.5630	719259.2061	3514344.4370	10751179.9985	1.3999e+04
318	41392.2431	-17846.4357	719355.2431	3514316.5643	10751179.9985	1.3682e+04
319	41488.2802	-17874.3085	719451.2802	3514288.6915	10751179.9985	1.3372e+04
320	41584.3172	-17902.1812	719547.3172	3514260.8188	10751179.9985	1.3069e+04
321	41680.3542	-17930.0539	719643.3542	3514232.9461	10751179.9985	1.2773e+04
322	41776.3912	-17957.9267	719739.3912	3514205.0733	10751179.9985	1.2484e+04
323	41872.4283	-17985.7994	719835.4283	3514177.2006	10751179.9985	1.2201e+04
324	41968.4653	-18013.6721	719931.4653	3514149.3279	10751179.9985	1.1925e+04
325	42064.5023	-18041.5448	720027.5023	3514121.4552	10751179.9985	1.1655e+04
326	42160.5394	-18069.4176	720123.5394	3514093.5824	10751179.9985	1.1391e+04
327	42256.5764	-18097.2903	720219.5764	3514065.7097	10751179.9985	1.1134e+04
328	42352.6134	-18125.1630	720315.6134	3514037.8370	10751179.9985	1.0882e+04
329	42448.6505	-18153.0358	720411.6505	3514009.9642	10751179.9985	1.0636e+04
330	42544.6875	-18180.9085	720507.6875	3513982.0915	10751179.9985	1.0395e+04
331	42640.7245	-18208.7812	720603.7245	3513954.2188	10751179.9985	1.0161e+04
332	42736.7615	-18236.6540	720699.7615	3513926.3460	10751179.9985	9.9310e+03
333	42832.7986	-18264.5267	720795.7986	3513898.4733	10751179.9985	9.7068e+03
334	42928.8356	-18292.3994	720891.8356	3513870.6006	10751179.9985	9.4876e+03
335	43024.8726	-18320.2721	720987.8726	3513842.7279	10751179.9985	9.2735e+03
336	43120.9097	-18348.1449	721083.9097	3513814.8551	10751179.9985	9.0642e+03
337	43216.9467	-18376.0176	721179.9467	3513786.9824	10751179.9985	8.8597e+03
338	43312.9837	-18403.8903	721275.9837	3513759.1097	10751179.9985	8.6599e+03
339	43409.0207	-18431.7631	721372.0207	3513731.2369	10751179.9985	8.4647e+03
340	43505.0578	-18459.6358	721468.0578	3513703.3642	10751179.9985	8.2739e+03
341	43601.0948	-18487.5085	721564.0948	3513675.4915	10751179.9985	8.0874e+03
342	43697.1318	-18515.3812	721660.1318	3513647.6188	10751179.9985	7.9052e+03
343	43793.1689	-18543.2540	721756.1689	3513619.7460	10751179.9985	7.7271e+03
344	43889.2059	-18571.1267	721852.2059	3513591.8733	10751179.9985	7.5531e+03
345	43985.2429	-18598.9994	721948.2429	3513564.0006	10751179.9985	7.3831e+03
346	44081.2799	-18626.8722	722044.2799	3513536.1278	10751179.9985	7.2169e+03
347	44177.3170	-18654.7449	722140.3170	3513508.2551	10751179.9985	7.0545e+03
348	44273.3540	-18682.6176	722236.3540	3513480.3824	10751179.9985	6.8958e+03
349	44369.3910	-18710.4904	722332.3910	3513452.5096	10751179.9985	6.7407e+03
350	44465.4281	-18738.3631	722428.4281	3513424.6369	10751179.9985	6.5891e+03
351	44561.4651	-18766.2358	722524.4651	3513396.7642	10751179.9985	6.4410e+03
352	44657.5021	-18794.1085	722620.5021	3513368.8915	10751179.9985	6.2963e+03
353	44753.5392	-18821.9813	722716.5392	3513341.0187	10751179.9985	6.1548e+03
354	44849.5762	-18849.8540	722812.5762	3513313.1460	10751179.9985	6.0165e+03
355	44945.6132	-18877.7267	722908.6132	3513285.2733	10751179.9985	5.8814e+03
356	45041.6502	-18905.5995	723004.6502	3513257.4005	10751179.9985	5.7493e+03
357	45137.6873	-18933.4722	723100.6873	3513229.5278	10751179.9985	5.6203e+03
358	45233.7243	-18961.3449	723196.7243	3513201.6551	10751179.9985	5.4941e+03
359	45329.7613	-18989.2176	723292.7613	3513173.7824	10751179.9985	5.3709e+03
360	45425.7984	-19017.0904	723388.7984	3513145.9096	10751179.9985	5.2504e+03
361	45521.8354	-19044.9631	723484.8354	3513118.0369	10751179.9985	5.1326e+03
362	45617.8724	-19072.8358	723580.8724	3513090.1642	10751179.9985	5.0175e+03
363	45713.9094	-19100.7086	723676.9094	3513062.2914	10751179.9985	4.9051e+03
364	45809.9465	-19128.5813	723772.9465	3513034.4187	10751179.9985	4.7951e+03
365	45905.9835	-19156.4540	723868.9835	3513006.5460	10751179.9985	4.6877e+03
366	46002.0205	-19184.3268	723965.0205	3512978.6732	10751179.9985	4.5827e+03
367	46098.0576	-19212.1995	724061.0576	3512950.8005	10751179.9985	4.4800e+03
368	46194.0946	-19240.0722	724157.0946	3512922.9278	10751179.9985	4.3797e+03
369	46290.1316	-19267.9449	724253.1316	3512895.0551	10751179.9985	4.2817e+03
370	46386.1686	-19295.8177	724349.1686	3512867.1823	10751179.9985	4.1858e+03
371	46482.2057	-19323.6904	724445.2057	3512839.3096	10751179.9985	4.0922e+03
372	46578.2427	-19351.5631	724541.2427	3512811.4369	10751179.9985	4.0006e+03
373	46674.2797	-19379.4359	724637.2797	3512783.5641	10751179.9985	3.9111e+03
374	46770.3168	-19407.3086	724733.3168	3512755.6914	10751179.9985	3.8237e+03
375	46866.3538	-19435.1813	724829.3538	3512727.8187	10751179.9985	3.7382e+03
376	46962.3908	-19463.0540	724925.3908	3512699.9460	10751179.9985	3.6546e+03
377	47058.4278	-19490.9268	725021.4278	3512672.0732	10751179.9985	3.5729e+03
378	47154.4649	-19518.7995	725117.4649	3512644.2005	10751179.9985	3.4931e+03
379	47250.5019	-19546.6722	725213.5019	3512616.3278	10751179.9985	3.4151e+03
380	47346.5389	-19574.5450	725309.5389	3512588.4550	10751179.9985	3.3388e+03
381	47442.5760	-19602.4177	725405.5760	3512560.5823	10751179.9985	3.2643e+03
382	47538.6130	-19630.2904	725501.6130	3512532.7096	10751179.9985	3.1914e+03
383	47634.6500	-19658.1632	725597.6500	3512504.8368	10751179.9985	3.1202e+03
384	47730.6871	-19686.0359	725693.6871	3512476.9641	10751179.9985	3.0505e+03
385	47826.7241	-19713.9086	725789.7241	3512449.0914	10751179.9985	2.9825e+03
386	47922.7611	-19741.7813	725885.7611	3512421.2187	10751179.9985	2.9159e+03
387	48018.7981	-19769.6541	725981.7981	3512393.3459	10751179.9985	2.8509e+03
388	48114.8352	-19797.5268	726077.8352	3512365.4732	10751179.9985	2.7873e+03
389	48210.8722	-19825.3995	726173.8722	3512337.6005	10751179.9985	2.7252e+03
390	48306.9092	-19853.2723	726269.9092	3512309.7277	10751179.9985	2.6645e+03
391	48402.9463	-19881.1450	726365.9463	3512281.8550	10751179.9985	2.6051e+03
392	48498.9833	-19909.0177	726461.9833	3512253.9823	10751179.9985	2.5471e+03
393	48595.0203	-19936.8904	726558.0203	3512226.1096	10751179.9985	2.4903e+03
394	48691.0573	-19964.7632	726654.0573	3512198.2368	10751179.9985	2.4349e+03
395	48787.0944	-19992.6359	726750.0944	3512170.3641	10751179.9985	2.3807e+03
396	48883.1314	-20020.5086	726846.1314	3512142.4914	10751179.9985	2.3277e+03
397	48979.1684	-20048.3814	726942.1684	3512114.6186	10751179.9985	2.2759e+03
398	49075.2055	-20076.2541	727038.2055	3512086.7459	10751179.9985	2.2252e+03
399	49171.2425	-20104.1268	727134.2425	3512058.8732	10751179.9985	2.1757e+03
400	49267.2795	-20131.9996	727230.2795	3512031.0004	10751179.9985	2.1273e+03
401	49363.3165	-20159.8723	727326.3165	3512003.1277	10751179.9985	2.0800e+03
402	49459.3536	-20187.7450	727422.3536	3511975.2550	10751179.9985	2.0337e+03
403	49555.3906	-20215.6177	727518.3906	3511947.3823	10751179.9985	1.9885e+03
404	49651.4276	-20243.4905	727614.4276	3511919.5095	10751179.9985	1.9443e+03
405	49747.4647	-20271.3632	727710.4647	3511891.6368	10751179.9985	1.9011e+03
406	49843.5017	-20299.2359	727806.5017	3511863.7641	10751179.9985	1.8589e+03
407	49939.5387	-20327.1087	727902.5387	3511835.8913	10751179.9985	1.8176e+03
408	50035.5758	-20354.9814	727998.5758	3511808.0186	10751179.9985	1.7772e+03
409	50131.6128	-20382.8541	728094.6128	3511780.1459	10751179.9985	1.7378e+03
410	50227.6498	-20410.7268	728190.6498	3511752.2732	10751179.9985	1.6992e+03
411	50323.6868	-20438.5996	728286.6868	3511724.4004	10751179.9985	1.6615e+03
412	50419.7239	-20466.4723	728382.7239	3511696.5277	10751179.9985	1.6246e+03
413	50515.7609	-20494.3450	728478.7609	3511668.6550	10751179.9985	1.5885e+03
414	50611.7979	-20522.2178	728574.7979	3511640.7822	10751179.9985	1.5533e+03
415	50707.8350	-20550.0905	728670.8350	3511612.9095	10751179.9985	1.5188e+03
416	50803.8720	-20577.9632	728766.8720	3511585.0368	10751179.9985	1.4852e+03
417	50899.9090	-20605.8360	728862.9090	3511557.1640	10751179.9985	1.4522e+03
418	50995.9460	-20633.7087	728958.9460	3511529.2913	10751179.9985	1.4200e+03
419	51091.9831	-20661.5814	729054.9831	3511501.4186	10751179.9985	1.3886e+03
420	51188.0201	-20689.4541	729151.0201	3511473.5459	10751179.9985	1.3578e+03
421	51284.0571	-20717.3269	729247.0571	3511445.6731	10751179.9985	1.3277e+03
422	51380.0942	-20745.1996	729343.0942	3511417.8004	10751179.9985	1.2983e+03
423	51476.1312	-20773.0723	729439.1312	3511389.9277	10751179.9985	1.2695e+03
424	51572.1682	-20800.9451	729535.1682	3511362.0549	10751179.9985	1.2414e+03
425	51668.2052	-20828.8178	729631.2052	3511334.1822	10751179.9985	1.2139e+03
426	51764.2423	-20856.6905	729727.2423	3511306.3095	10751179.9985	1.1871e+03
427	51860.2793	-20884.5632	729823.2793	3511278.4368	10751179.9985	1.1608e+03
428	51956.3163	-20912.4360	729919.3163	3511250.5640	10751179.9985	1.1351e+03
429	52052.3534	-20940.3087	730015.3534	3511222.6913	10751179.9985	1.1100e+03
430	52148.3904	-20968.1814	730111.3904	3511194.8186	10751179.9985	1.0854e+03
431	52244.4274	-20996.0542	730207.4274	3511166.9458	10751179.9985	1.0614e+03
432	52340.4644	-21023.9269	730303.4644	3511139.0731	10751179.9985	1.0379e+03
433	52436.5015	-21051.7996	730399.5015	3511111.2004	10751179.9985	1.0150e+03
434	52532.5385	-21079.6724	730495.5385	3511083.3276	10751179.9985	9.9255e+02
435	52628.5755	-21107.5451	730591.5755	3511055.4549	10751179.9985	9.7061e+02
436	52724.6126	-21135.4178	730687.6126	3511027.5822	10751179.9985	9.4916e+02
437	52820.6496	-21163.2905	730783.6496	3510999.7095	10751179.9985	9.2819e+02
438	52916.6866	-21191.1633	730879.6866	3510971.8367	10751179.9985	9.0768e+02
439	53012.7237	-21219.0360	730975.7237	3510943.9640	10751179.9985	8.8763e+02
440	53108.7607	-21246.9087	731071.7607	3510916.0913	10751179.9985	8.6803e+02
441	53204.7977	-21274.7815	731167.7977	3510888.2185	10751179.9985	8.4886e+02
442	53300.8347	-21302.6542	731263.8347	3510860.3458	10751179.9985	8.3012e+02
443	53396.8718	-21330.5269	731359.8718	3510832.4731	10751179.9985	8.1179e+02
444	53492.9088	-21358.3996	731455.9088	3510804.6004	10751179.9985	7.9388e+02
445	53588.9458	-21386.2724	731551.9458	3510776.7276	10751179.9985	7.7636e+02
446	53684.9829	-21414.1451	731647.9829	3510748.8549	10751179.9985	7.5923e+02
447	53781.0199	-21442.0178	731744.0199	3510720.9822	10751179.9985	7.4248e+02
448	53877.0569	-21469.8906	731840.0569	3510693.1094	10751179.9985	7.2610e+02
449	53973.0939	-21497.7633	731936.0939	3510665.2367	10751179.9985	7.1009e+02
450	54069.1310	-21525.6360	732032.1310	3510637.3640	10751179.9985	6.9443e+02
451	54165.1680	-21553.5088	732128.1680	3510609.4912	10751179.9985	6.7912e+02
452	54261.2050	-21581.3815	732224.2050	3510581.6185	10751179.9985	6.6415e+02
453	54357.2421	-21609.2542	732320.2421	3510553.7458	10751179.9985	6.4951e+02
454	54453.2791	-21637.1269	732416.2791	3510525.8731	10751179.9985	6.3520e+02
455	54549.3161	-21664.9997	732512.3161	3510498.0003	10751179.9985	6.2120e+02
456	54645.3531	-21692.8724	732608.3531	3510470.1276	10751179.9985	6.0752e+02
457	54741.3902	-21720.7451	732704.3902	3510442.2549	10751179.9985	5.9414e+02
458	54837.4272	-21748.6179	732800.4272	3510414.3821	10751179.9985	5.8105e+02
459	54933.4642	-21776.4906	732896.4642	3510386.5094	10751179.9985	5.6826e+02
460	55029.5013	-21804.3633	732992.5013	3510358.6367	10751179.9985	5.5575e+02
461	55125.5383	-21832.2360	733088.5383	3510330.7640	10751179.9985	5.4351e+02
462	55221.5753	-21860.1088	733184.5753	3510302.8912	10751179.9985	5.3155e+02
463	55317.6123	-21887.9815	733280.6123	3510275.0185	10751179.9985	5.1985e+02
464	55413.6494	-21915.8542	733376.6494	3510247.1458	10751179.9985	5.0841e+02
465	55509.6864	-21943.7270	733472.6864	3510219.2730	10751179.9985	4.9723e+02
466	55605.7234	-21971.5997	733568.7234	3510191.4003	10751179.9985	4.8629e+02
467	55701.7605	-21999.4724	733664.7605	3510163.5276	10751179.9985	4.7560e+02
468	55797.7975	-22027.3452	733760.7975	3510135.6548	10751179.9985	4.6514e+02
469	55893.8345	-22055.2179	733856.8345	3510107.7821	10751179.9985	4.5491e+02
470	55989.8716	-22083.0906	733952.8716	3510079.9094	10751179.9985	4.4491e+02
471	56085.9086	-22110.9633	734048.9086	3510052.0367	10751179.9985	4.3513e+02
472	56181.9456	-22138.8361	734144.9456	3510024.1639	10751179.9985	4.2557e+02
473	56277.9826	-22166.7088	734240.9826	3509996.2912	10751179.9985	4.1621e+02
474	56374.0197	-22194.5815	734337.0197	3509968.4185	10751179.9985	4.0707e+02
475	56470.0567	-22222.4543	734433.0567	3509940.5457	10751179.9985	3.9813e+02
476	56566.0937	-22250.3270	734529.0937	3509912.6730	10751179.9985	3.8938e+02
477	56662.1308	-22278.1997	734625.1308	3509884.8003	10751179.9985	3.8083e+02
478	56758.1678	-22306.0724	734721.1678	3509856.9276	10751179.9985	3.7247e+02
479	56854.2048	-22333.9452	734817.2048	3509829.0548	10751179.9985	3.6429e+02
480	56950.2418	-22361.8179	734913.2418	3509801.1821	10751179.9985	3.5629e+02
481	57046.2789	-22389.6906	735009.2789	3509773.3094	10751179.9985	3.4847e+02
482	57142.3159	-22417.5634	735105.3159	3509745.4366	10751179.9985	3.4083e+02
483	57238.3529	-22445.4361	735201.3529	3509717.5639	10751179.9985	3.3335e+02
484	57334.3900	-22473.3088	735297.3900	3509689.6912	10751179.9985	3.2603e+02
485	57430.4270	-22501.1816	735393.4270	3509661.8184	10751179.9985	3.1888e+02
486	57526.4640	-22529.0543	735489.4640	3509633.9457	10751179.9985	3.1189e+02
487	57622.5010	-22556.9270	735585.5010	3509606.0730	10751179.9985	3.0505e+02
488	57718.5381	-22584.7997	735681.5381	3509578.2003	10751179.9985	2.9836e+02
489	57814.5751	-22612.6725	735777.5751	3509550.3275	10751179.9985	2.9181e+02
490	57910.6121	-22640.5452	735873.6121	3509522.4548	10751179.9985	2.8542e+02
491	58006.6492	-22668.4179	735969.6492	3509494.5821	10751179.9985	2.7916e+02
492	58102.6862	-22696.2907	736065.6862	3509466.7093	10751179.9985	2.7304e+02
493	58198.7232	-22724.1634	736161.7232	3509438.8366	10751179.9985	2.6706e+02
494	58294.7603	-22752.0361	736257.7603	3509410.9639	10751179.9985	2.6121e+02
495	58390.7973	-22779.9088	736353.7973	3509383.0912	10751179.9985	2.5549e+02
496	58486.8343	-22807.7816	736449.8343	3509355.2184	10751179.9985	2.4989e+02
497	58582.8713	-22835.6543	736545.8713	3509327.3457	10751179.9985	2.4442e+02
498	58678.9084	-22863.5270	736641.9084	3509299.4730	10751179.9985	2.3906e+02
499	58774.9454	-22891.3998	736737.9454	3509271.6002	10751179.9985	2.3383e+02
500	58870.9824	-22919.2725	736833.9824	3509243.7275	10751179.9985	2.2871e+02
501	58967.0195	-22947.1452	736930.0195	3509215.8548	10751179.9985	2.2370e+02
502	59063.0565	-22975.0180	737026.0565	3509187.9820	10751179.9985	2.1881e+02
503	59159.0935	-23002.8907	737122.0935	3509160.1093	10751179.9985	2.1402e+02
504	59255.1305	-23030.7634	737218.1305	3509132.2366	10751179.9985	2.0933e+02
505	59351.1676	-23058.6361	737314.1676	3509104.3639	10751179.9985	2.0475e+02
506	59447.2046	-23086.5089	737410.2046	3509076.4911	10751179.9985	2.0027e+02
507	59543.2416	-23114.3816	737506.2416	3509048.6184	10751179.9985	1.9589e+02
508	59639.2787	-23142.2543	737602.2787	3509020.7457	10751179.9985	1.9161e+02
509	59735.3157	-23170.1271	737698.3157	3508992.8729	10751179.9985	1.8742e+02
510	59831.3527	-23197.9998	737794.3527	3508965.0002	10751179.9985	1.8332e+02
511	59927.3897	-23225.8725	737890.3897	3508937.1275	10751179.9985	1.7931e+02
512	60023.4268	-23253.7453	737986.4268	3508909.2547	10751179.9985	1.7539e+02
513	60119.4638	-23281.6180	738082.4638	3508881.3820	10751179.9985	1.7156e+02
514	60215.5008	-23309.4907	738178.5008	3508853.5093	10751179.9985	1.6781e+02
515	60311.5379	-23337.3634	738274.5379	3508825.6366	10751179.9985	1.6414e+02
516	60407.5749	-23365.2362	738370.5749	3508797.7638	10751179.9985	1.6056e+02
517	60503.6119	-23393.1089	738466.6119	3508769.8911	10751179.9985	1.5705e+02
518	60599.6489	-23420.9816	738562.6489	3508742.0184	10751179.9985	1.5362e+02
519	60695.6860	-23448.8544	738658.6860	3508714.1456	10751179.9985	1.5026e+02
520	60791.7230	-23476.7271	738754.7230	3508686.2729	10751179.9985	1.4698e+02
521	60887.7600	-23504.5998	738850.7600	3508658.4002	10751179.9985	1.4377e+02
522	60983.7971	-23532.4725	738946.7971	3508630.5275	10751179.9985	1.4063e+02
523	61079.8341	-23560.3453	739042.8341	3508602.6547	10751179.9985	1.3756e+02
524	61175.8711	-23588.2180	739138.8711	3508574.7820	10751179.9985	1.3456e+02
525	61271.9082	-23616.0907	739234.9082	3508546.9093	10751179.9985	1.3162e+02
526	61367.9452	-23643.9635	739330.9452	3508519.0365	10751179.9985	1.2875e+02
527	61463.9822	-23671.8362	739426.9822	3508491.1638	10751179.9985	1.2594e+02
528	61560.0192	-23699.7089	739523.0192	3508463.2911	10751179.9985	1.2319e+02
529	61656.0563	-23727.5817	739619.0563	3508435.4183	10751179.9985	1.2051e+02
530	61752.0933	-23755.4544	739715.0933	3508407.5456	10751179.9985	1.1788e+02
531	61848.1303	-23783.3271	739811.1303	3508379.6729	10751179.9985	1.1531e+02
532	61944.1674	-23811.1998	739907.1674	3508351.8002	10751179.9985	1.1279e+02
533	62040.2044	-23839.0726	740003.2044	3508323.9274	10751179.9985	1.1033e+02
534	62136.2414	-23866.9453	740099.2414	3508296.0547	10751179.9985	1.0793e+02
535	62232.2784	-23894.8180	740195.2784	3508268.1820	10751179.9985	1.0557e+02
536	62328.3155	-23922.6908	740291.3155	3508240.3092	10751179.9985	1.0327e+02
537	62424.3525	-23950.5635	740387.3525	3508212.4365	10751179.9985	1.0102e+02
538	62520.3895	-23978.4362	740483.3895	3508184.5638	10751179.9985	9.8819e+01
539	62616.4266	-24006.3089	740579.4266	3508156.6911	10751179.9985	9.6666e+01
540	62712.4636	-24034.1817	740675.4636	3508128.8183	10751179.9985	9.4560e+01
541	62808.5006	-24062.0544	740771.5006	3508100.9456	10751179.9985	9.2500e+01
542	62904.5376	-24089.9271	740867.5376	3508073.0729	10751179.9985	9.0485e+01
543	63000.5747	-24117.7999	740963.5747	3508045.2001	10751179.9985	8.8514e+01
544	63096.6117	-24145.6726	741059.6117	3508017.3274	10751179.9985	8.6586e+01
545	63192.6487	-24173.5453	741155.6487	3507989.4547	10751179.9985	8.4701e+01
546	63288.6858	-24201.4181	741251.6858	3507961.5819	10751179.9985	8.2856e+01
547	63384.7228	-24229.2908	741347.7228	3507933.7092	10751179.9985	8.1052e+01
548	63480.7598	-24257.1635	741443.7598	3507905.8365	10751179.9985	7.9288e+01
549	63576.7968	-24285.0362	741539.7968	3507877.9638	10751179.9985	7.7562e+01
550	63672.8339	-24312.9090	741635.8339	3507850.0910	10751179.9985	7.5874e+01
551	63768.8709	-24340.7817	741731.8709	3507822.2183	10751179.9985	7.4223e+01
552	63864.9079	-24368.6544	741827.9079	3507794.3456	10751179.9985	7.2608e+01
553	63960.9450	-24396.5272	741923.9450	3507766.4728	10751179.9985	7.1028e+01
554	64056.9820	-24424.3999	742019.9820	3507738.6001	10751179.9985	6.9483e+01
555	64153.0190	-24452.2726	742116.0190	3507710.7274	10751179.9985	6.7971e+01
556	64249.0561	-24480.1453	742212.0561	3507682.8547	10751179.9985	6.6493e+01
557	64345.0931	-24508.0181	742308.0931	3507654.9819	10751179.9985	6.5047e+01
558	64441.1301	-24535.8908	742404.1301	3507627.1092	10751179.9985	6.3632e+01
559	64537.1671	-24563.7635	742500.1671	3507599.2365	10751179.9985	6.2249e+01
560	64633.2042	-24591.6363	742596.2042	3507571.3637	10751179.9985	6.0895e+01
561	64729.2412	-24619.5090	742692.2412	3507543.4910	10751179.9985	5.9572e+01
562	64825.2782	-24647.3817	742788.2782	3507515.6183	10751179.9985	5.8277e+01
563	64921.3153	-24675.2545	742884.3153	3507487.7455	10751179.9985	5.7010e+01
564	65017.3523	-24703.1272	742980.3523	3507459.8728	10751179.9985	5.5771e+01
565	65113.3893	-24730.9999	743076.3893	3507432.0001	10751179.9985	5.4559e+01
566	65209.4263	-24758.8726	743172.4263	3507404.1274	10751179.9985	5.3374e+01
567	65305.4634	-24786.7454	743268.4634	3507376.2546	10751179.9985	5.2214e+01
568	65401.5004	-24814.6181	743364.5004	3507348.3819	10751179.9985	5.1080e+01
569	65497.5374	-24842.4908	743460.5374	3507320.5092	10751179.9985	4.9970e+01
570	65593.5745	-24870.3636	743556.5745	3507292.6364	10751179.9985	4.8885e+01
571	65689.6115	-24898.2363	743652.6115	3507264.7637	10751179.9985	4.7823e+01
572	65785.6485	-24926.1090	743748.6485	3507236.8910	10751179.9985	4.6785e+01
573	65881.6855	-24953.9817	743844.6855	3507209.0183	10751179.9985	4.5769e+01
574	65977.7226	-24981.8545	743940.7226	3507181.1455	10751179.9985	4.4776e+01
575	66073.7596	-25009.7272	744036.7596	3507153.2728	10751179.9985	4.3804e+01
576	66169.7966	-25037.5999	744132.7966	3507125.4001	10751179.9985	4.2853e+01
577	66265.8337	-25065.4727	744228.8337	3507097.5273	10751179.9985	4.1923e+01
578	66361.8707	-25093.3454	744324.8707	3507069.6546	10751179.9985	4.1013e+01
579	66457.9077	-25121.2181	744420.9077	3507041.7819	10751179.9985	4.0123e+01
580	66553.9448	-25149.0909	744516.9448	3507013.9091	10751179.9985	3.9252e+01
581	66649.9818	-25176.9636	744612.9818	3506986.0364	10751179.9985	3.8401e+01
582	66746.0188	-25204.8363	744709.0188	3506958.1637	10751179.9985	3.7568e+01
583	66842.0558	-25232.7090	744805.0558	3506930.2910	10751179.9985	3.6753e+01
584	66938.0929	-25260.5818	744901.0929	3506902.4182	10751179.9985	3.5956e+01
585	67034.1299	-25288.4545	744997.1299	3506874.5455	10751179.9985	3.5176e+01
586	67130.1669	-25316.3272	745093.1669	3506846.6728	10751179.9985	3.4413e+01
587	67226.2040	-25344.2000	745189.2040	3506818.8000	10751179.9985	3.3667e+01
588	67322.2410	-25372.0727	745285.2410	3506790.9273	10751179.9985	3.2937e+01
589	67418.2780	-25399.9454	745381.2780	3506763.0546	10751179.9985	3.2223e+01
590	67514.3150	-25427.8181	745477.3150	3506735.1819	10751179.9985	3.1525e+01
591	67610.3521	-25455.6909	745573.3521	3506707.3091	10751179.9985	3.0841e+01
592	67706.3891	-25483.5636	745669.3891	3506679.4364	10751179.9985	3.0173e+01
593	67802.4261	-25511.4363	745765.4261	3506651.5637	10751179.9985	2.9519e+01
594	67898.4632	-25539.3091	745861.4632	3506623.6909	10751179.9985	2.8879e+01
595	67994.5002	-25567.1818	745957.5002	3506595.8182	10751179.9985	2.8254e+01
596	68090.5372	-25595.0545	746053.5372	3506567.9455	10751179.9985	2.7642e+01
597	68186.5742	-25622.9273	746149.5742	3506540.0727	10751179.9985	2.7043e+01
598	68282.6113	-25650.8000	746245.6113	3506512.2000	10751179.9985	2.6457e+01
599	68378.6483	-25678.6727	746341.6483	3506484.3273	10751179.9985	2.5884e+01
600	68474.6853	-25706.5454	746437.6853	3506456.4546	10751179.9985	2.5324e+01
601	68570.7224	-25734.4182	746533.7224	3506428.5818	10751179.9985	2.4775e+01
602	68666.7594	-25762.2909	746629.7594	3506400.7091	10751179.9985	2.4239e+01
603	68762.7964	-25790.1636	746725.7964	3506372.8364	10751179.9985	2.3714e+01
604	68858.8334	-25818.0364	746821.8334	3506344.9636	10751179.9985	2.3201e+01
605	68954.8705	-25845.9091	746917.8705	3506317.0909	10751179.9985	2.2698e+01
606	69050.9075	-25873.7818	747013.9075	3506289.2182	10751179.9985	2.2207e+01
607	69146.9445	-25901.6545	747109.9445	3506261.3455	10751179.9985	2.1726e+01
608	69242.9816	-25929.5273	747205.9816	3506233.4727	10751179.9985	2.1256e+01
609	69339.0186	-25957.4000	747302.0186	3506205.6000	10751179.9985	2.0796e+01
610	69435.0556	-25985.2727	747398.0556	3506177.7273	10751179.9985	2.0346e+01
611	69531.0927	-26013.1455	747494.0927	3506149.8545	10751179.9985	1.9906e+01
612	69627.1297	-26041.0182	747590.1297	3506121.9818	10751179.9985	1.9476e+01
613	69723.1667	-26068.8909	747686.1667	3506094.1091	10751179.9985	1.9054e+01
614	69819.2037	-26096.7637	747782.2037	3506066.2363	10751179.9985	1.8642e+01
615	69915.2408	-26124.6364	747878.2408	3506038.3636	10751179.9985	1.8239e+01
616	70011.2778	-26152.5091	747974.2778	3506010.4909	10751179.9985	1.7845e+01
617	70107.3148	-26180.3818	748070.3148	3505982.6182	10751179.9985	1.7459e+01
618	70203.3519	-26208.2546	748166.3519	3505954.7454	10751179.9985	1.7081e+01
619	70299.3889	-26236.1273	748262.3889	3505926.8727	10751179.9985	1.6712e+01
620	70395.4259	-26264.0000	748358.4259	3505899.0000	10751179.9985	1.6351e+01
621	70491.4629	-26291.8728	748454.4629	3505871.1272	10751179.9985	1.5997e+01
622	70587.5000	-26319.7455	748550.5000	3505843.2545	10751179.9985	1.5651e+01
623	70683.5370	-26347.6182	748646.5370	3505815.3818	10751179.9985	1.5313e+01
624	70779.5740	-26375.4909	748742.5740	3505787.5091	10751179.9985	1.4982e+01
625	70875.6111	-26403.3637	748838.6111	3505759.6363	10751179.9985	1.4659e+01
626	70971.6481	-26431.2364	748934.6481	3505731.7636	10751179.9985	1.4342e+01
627	71067.6851	-26459.1091	749030.6851	3505703.8909	10751179.9985	1.4032e+01
628	71163.7221	-26486.9819	749126.7221	3505676.0181	10751179.9985	1.3729e+01
629	71259.7592	-26514.8546	749222.7592	3505648.1454	10751179.9985	1.3432e+01
630	71355.7962	-26542.7273	749318.7962	3505620.2727	10751179.9985	1.3142e+01
631	71451.8332	-26570.6001	749414.8332	3505592.3999	10751179.9985	1.2858e+01
632	71547.8703	-26598.4728	749510.8703	3505564.5272	10751179.9985	1.2581e+01
633	71643.9073	-26626.3455	749606.9073	3505536.6545	10751179.9985	1.2309e+01
634	71739.9443	-26654.2182	749702.9443	3505508.7818	10751179.9985	1.2043e+01
635	71835.9814	-26682.0910	749798.9814	3505480.9090	10751179.9985	1.1783e+01
636	71932.0184	-26709.9637	749895.0184	3505453.0363	10751179.9985	1.1529e+01
637	72028.0554	-26737.8364	749991.0554	3505425.1636	10751179.9985	1.1280e+01
638	72124.0924	-26765.7092	750087.0924	3505397.2908	10751179.9985	1.1036e+01
639	72220.1295	-26793.5819	750183.1295	3505369.4181	10751179.9985	1.0798e+01
640	72316.1665	-26821.4546	750279.1665	3505341.5454	10751179.9985	1.0565e+01
641	72412.2035	-26849.3273	750375.2035	3505313.6727	10751179.9985	1.0337e+01
642	72508.2406	-26877.2001	750471.2406	3505285.7999	10751179.9985	1.0114e+01
643	72604.2776	-26905.0728	750567.2776	3505257.9272	10751179.9985	9.8959e+00
644	72700.3146	-26932.9455	750663.3146	3505230.0545	10751179.9985	9.6824e+00
645	72796.3516	-26960.8183	750759.3516	3505202.1817	10751179.9985	9.4735e+00
646	72892.3887	-26988.6910	750855.3887	3505174.3090	10751179.9985	9.2691e+00
647	72988.4257	-27016.5637	750951.4257	3505146.4363	10751179.9985	9.0692e+00
648	73084.4627	-27044.4365	751047.4627	3505118.5635	10751179.9985	8.8736e+00
649	73180.4998	-27072.3092	751143.4998	3505090.6908	10751179.9985	8.6822e+00
650	73276.5368	-27100.1819	751239.5368	3505062.8181	10751179.9985	8.4950e+00
651	73372.5738	-27128.0546	751335.5738	3505034.9454	10751179.9985	8.3118e+00
652	73468.6108	-27155.9274	751431.6108	3505007.0726	10751179.9985	8.1326e+00
653	73564.6479	-27183.8001	751527.6479	3504979.1999	10751179.9985	7.9573e+00
654	73660.6849	-27211.6728	751623.6849	3504951.3272	10751179.9985	7.7857e+00
655	73756.7219	-27239.5456	751719.7219	3504923.4544	10751179.9985	7.6179e+00
656	73852.7590	-27267.4183	751815.7590	3504895.5817	10751179.9985	7.4537e+00
657	73948.7960	-27295.2910	751911.7960	3504867.7090	10751179.9985	7.2931e+00
658	74044.8330	-27323.1637	752007.8330	3504839.8363	10751179.9985	7.1359e+00
659	74140.8700	-27351.0365	752103.8700	3504811.9635	10751179.9985	6.9821e+00
660	74236.9071	-27378.9092	752199.9071	3504784.0908	10751179.9985	6.8317e+00
661	74332.9441	-27406.7819	752295.9441	3504756.2181	10751179.9985	6.6845e+00
662	74428.9811	-27434.6547	752391.9811	3504728.3453	10751179.9985	6.5405e+00
663	74525.0182	-27462.5274	752488.0182	3504700.4726	10751179.9985	6.3996e+00
664	74621.0552	-27490.4001	752584.0552	3504672.5999	10751179.9985	6.2617e+00
665	74717.0922	-27518.2729	752680.0922	3504644.7271	10751179.9985	6.1268e+00
666	74813.1293	-27546.1456	752776.1293	3504616.8544	10751179.9985	5.9949e+00
667	74909.1663	-27574.0183	752872.1663	3504588.9817	10751179.9985	5.8658e+00
668	75005.2033	-27601.8910	752968.2033	3504561.1090	10751179.9985	5.7395e+00
669	75101.2403	-27629.7638	753064.2403	3504533.2362	10751179.9985	5.6159e+00
670	75197.2774	-27657.6365	753160.2774	3504505.3635	10751179.9985	5.4949e+00
671	75293.3144	-27685.5092	753256.3144	3504477.4908	10751179.9985	5.3766e+00
672	75389.3514	-27713.3820	753352.3514	3504449.6180	10751179.9985	5.2609e+00
673	75485.3885	-27741.2547	753448.3885	3504421.7453	10751179.9985	5.1476e+00
674	75581.4255	-27769.1274	753544.4255	3504393.8726	10751179.9985	5.0368e+00
675	75677.4625	-27797.0001	753640.4625	3504365.9999	10751179.9985	4.9284e+00
676	75773.4995	-27824.8729	753736.4995	3504338.1271	10751179.9985	4.8224e+00
677	75869.5366	-27852.7456	753832.5366	3504310.2544	10751179.9985	4.7186e+00
678	75965.5736	-27880.6183	753928.5736	3504282.3817	10751179.9985	4.6170e+00
679	76061.6106	-27908.4911	754024.6106	3504254.5089	10751179.9985	4.5177e+00
680	76157.6477	-27936.3638	754120.6477	3504226.6362	10751179.9985	4.4205e+00
681	76253.6847	-27964.2365	754216.6847	3504198.7635	10751179.9985	4.3254e+00
682	76349.7217	-27992.1093	754312.7217	3504170.8907	10751179.9985	4.2323e+00
683	76445.7587	-28019.9820	754408.7587	3504143.0180	10751179.9985	4.1413e+00
684	76541.7958	-28047.8547	754504.7958	3504115.1453	10751179.9985	4.0522e+00
685	76637.8328	-28075.7274	754600.8328	3504087.2726	10751179.9985	3.9651e+00
686	76733.8698	-28103.6002	754696.8698	3504059.3998	10751179.9985	3.8798e+00
687	76829.9069	-28131.4729	754792.9069	3504031.5271	10751179.9985	3.7964e+00
688	76925.9439	-28159.3456	754888.9439	3504003.6544	10751179.9985	3.7147e+00
689	77021.9809	-28187.2184	754984.9809	3503975.7816	10751179.9985	3.6348e+00
690	77118.0179	-28215.0911	755081.0179	3503947.9089	10751179.9985	3.5567e+00
691	77214.0550	-28242.9638	755177.0550	3503920.0362	10751179.9985	3.4802e+00
692	77310.0920	-28270.8365	755273.0920	3503892.1635	10751179.9985	3.4054e+00
693	77406.1290	-28298.7093	755369.1290	3503864.2907	10751179.9985	3.3322e+00
694	77502.1661	-28326.5820	755465.1661	3503836.4180	10751179.9985	3.2606e+00
695	77598.2031	-28354.4547	755561.2031	3503808.5453	10751179.9985	3.1905e+00
696	77694.2401	-28382.3275	755657.2401	3503780.6725	10751179.9985	3.1219e+00
697	77790.2772	-28410.2002	755753.2772	3503752.7998	10751179.9985	3.0548e+00
698	77886.3142	-28438.0729	755849.3142	3503724.9271	10751179.9985	2.9892e+00
699	77982.3512	-28465.9457	755945.3512	3503697.0543	10751179.9985	2.9250e+00
700	78078.3882	-28493.8184	756041.3882	3503669.1816	10751179.9985	2.8621e+00
701	78174.4253	-28521.6911	756137.4253	3503641.3089	10751179.9985	2.8006e+00
702	78270.4623	-28549.5638	756233.4623	3503613.4362	10751179.9985	2.7405e+00
703	78366.4993	-28577.4366	756329.4993	3503585.5634	10751179.9985	2.6816e+00
704	78462.5364	-28605.3093	756425.5364	3503557.6907	10751179.9985	2.6240e+00
705	78558.5734	-28633.1820	756521.5734	3503529.8180	10751179.9985	2.5676e+00
706	78654.6104	-28661.0548	756617.6104	3503501.9452	10751179.9985	2.5125e+00
707	78750.6474	-28688.9275	756713.6474	3503474.0725	10751179.9985	2.4585e+00
708	78846.6845	-28716.8002	756809.6845	3503446.1998	10751179.9985	2.4057e+00
709	78942.7215	-28744.6729	756905.7215	3503418.3271	10751179.9985	2.3541e+00
710	79038.7585	-28772.5457	757001.7585	3503390.4543	10751179.9985	2.3035e+00
711	79134.7956	-28800.4184	757097.7956	3503362.5816	10751179.9985	2.2541e+00
712	79230.8326	-28828.2911	757193.8326	3503334.7089	10751179.9985	2.2057e+00
713	79326.8696	-28856.1639	757289.8696	3503306.8361	10751179.9985	2.1583e+00
714	79422.9066	-28884.0366	757385.9066	3503278.9634	10751179.9985	2.1120e+00
715	79518.9437	-28911.9093	757481.9437	3503251.0907	10751179.9985	2.0667e+00
716	79614.9807	-28939.7821	757577.9807	3503223.2179	10751179.9985	2.0223e+00
717	79711.0177	-28967.6548	757674.0177	3503195.3452	10751179.9985	1.9789e+00
718	79807.0548	-28995.5275	757770.0548	3503167.4725	10751179.9985	1.9365e+00
719	79903.0918	-29023.4002	757866.0918	3503139.5998	10751179.9985	1.8949e+00
720	79999.1288	-29051.2730	757962.1288	3503111.7270	10751179.9985	1.8542e+00
721	80095.1659	-29079.1457	758058.1659	3503083.8543	10751179.9985	1.8145e+00
722	80191.2029	-29107.0184	758154.2029	3503055.9816	10751179.9985	1.7755e+00
723	80287.2399	-29134.8912	758250.2399	3503028.1088	10751179.9985	1.7374e+00
724	80383.2769	-29162.7639	758346.2769	3503000.2361	10751179.9985	1.7002e+00
725	80479.3140	-29190.6366	758442.3140	3502972.3634	10751179.9985	1.6637e+00
726	80575.3510	-29218.5094	758538.3510	3502944.4906	10751179.9985	1.6280e+00
727	80671.3880	-29246.3821	758634.3880	3502916.6179	10751179.9985	1.5931e+00
728	80767.4251	-29274.2548	758730.4251	3502888.7452	10751179.9985	1.5589e+00
729	80863.4621	-29302.1275	758826.4621	3502860.8725	10751179.9985	1.5255e+00
730	80959.4991	-29330.0003	758922.4991	3502832.9997	10751179.9985	1.4928e+00
731	81055.5361	-29357.8730	759018.5361	3502805.1270	10751179.9985	1.4608e+00
732	81151.5732	-29385.7457	759114.5732	3502777.2543	10751179.9985	1.4295e+00
733	81247.6102	-29413.6185	759210.6102	3502749.3815	10751179.9985	1.3988e+00
734	81343.6472	-29441.4912	759306.6472	3502721.5088	10751179.9985	1.3688e+00
735	81439.6843	-29469.3639	759402.6843	3502693.6361	10751179.9985	1.3395e+00
736	81535.7213	-29497.2366	759498.7213	3502665.7634	10751179.9985	1.3108e+00
737	81631.7583	-29525.1094	759594.7583	3502637.8906	10751179.9985	1.2827e+00
738	81727.7953	-29552.9821	759690.7953	3502610.0179	10751179.9985	1.2552e+00
739	81823.8324	-29580.8548	759786.8324	3502582.1452	10751179.9985	1.2283e+00
740	81919.8694	-29608.7276	759882.8694	3502554.2724	10751179.9985	1.2020e+00
741	82015.9064	-29636.6003	759978.9064	3502526.3997	10751179.9985	1.1762e+00
742	82111.9435	-29664.4730	760074.9435	3502498.5270	10751179.9985	1.1510e+00
743	82207.9805	-29692.3458	760170.9805	3502470.6542	10751179.9985	1.1263e+00
744	82304.0175	-29720.2185	760267.0175	3502442.7815	10751179.9985	1.1022e+00
745	82400.0545	-29748.0912	760363.0545	3502414.9088	10751179.9985	1.0786e+00
746	82496.0916	-29775.9639	760459.0916	3502387.0361	10751179.9985	1.0555e+00
747	82592.1286	-29803.8367	760555.1286	3502359.1633	10751179.9985	1.0329e+00
748	82688.1656	-29831.7094	760651.1656	3502331.2906	10751179.9985	1.0108e+00
749	82784.2027	-29859.5821	760747.2027	3502303.4179	10751179.9985	9.8911e-01
750	82880.2397	-29887.4549	760843.2397	3502275.5451	10751179.9985	9.6792e-01
751	82976.2767	-29915.3276	760939.2767	3502247.6724	10751179.9985	9.4719e-01
752	83072.3138	-29943.2003	761035.3138	3502219.7997	10751179.9985	9.2691e-01
753	83168.3508	-29971.0730	761131.3508	3502191.9270	10751179.9985	9.0706e-01
754	83264.3878	-29998.9458	761227.3878	3502164.0542	10751179.9985	8.8764e-01
755	83360.4248	-30026.8185	761323.4248	3502136.1815	10751179.9985	8.6863e-01
756	83456.4619	-30054.6912	761419.4619	3502108.3088	10751179.9985	8.5004e-01
757	83552.4989	-30082.5640	761515.4989	3502080.4360	10751179.9985	8.3184e-01
758	83648.5359	-30110.4367	761611.5359	3502052.5633	10751179.9985	8.1403e-01
759	83744.5730	-30138.3094	761707.5730	3502024.6906	10751179.9985	7.9661e-01
760	83840.6100	-30166.1822	761803.6100	3501996.8178	10751179.9985	7.7956e-01
761	83936.6470	-30194.0549	761899.6470	3501968.9451	10751179.9985	7.6287e-01
762	84032.6840	-30221.9276	761995.6840	3501941.0724	10751179.9985	7.4654e-01
763	84128.7211	-30249.8003	762091.7211	3501913.1997	10751179.9985	7.3057e-01
764	84224.7581	-30277.6731	762187.7581	3501885.3269	10751179.9985	7.1493e-01
765	84320.7951	-30305.5458	762283.7951	3501857.4542	10751179.9985	6.9963e-01
766	84416.8322	-30333.4185	762379.8322	3501829.5815	10751179.9985	6.8466e-01
767	84512.8692	-30361.2913	762475.8692	3501801.7087	10751179.9985	6.7001e-01
768	84608.9062	-30389.1640	762571.9062	3501773.8360	10751179.9985	6.5568e-01
769	84704.9432	-30417.0367	762667.9432	3501745.9633	10751179.9985	6.4165e-01
770	84800.9803	-30444.9094	762763.9803	3501718.0906	10751179.9985	6.2793e-01
771	84897.0173	-30472.7822	762860.0173	3501690.2178	10751179.9985	6.1449e-01
772	84993.0543	-30500.6549	762956.0543	3501662.3451	10751179.9985	6.0135e-01
773	85089.0914	-30528.5276	763052.0914	3501634.4724	10751179.9985	5.8849e-01
774	85185.1284	-30556.4004	763148.1284	3501606.5996	10751179.9985	5.7590e-01
775	85281.1654	-30584.2731	763244.1654	3501578.7269	10751179.9985	5.6358e-01
776	85377.2025	-30612.1458	763340.2025	3501550.8542	10751179.9985	5.5153e-01
777	85473.2395	-30640.0186	763436.2395	3501522.9814	10751179.9985	5.3974e-01
778	85569.2765	-30667.8913	763532.2765	3501495.1087	10751179.9985	5.2820e-01
779	85665.3135	-30695.7640	763628.3135	3501467.2360	10751179.9985	5.1690e-01
780	85761.3506	-30723.6367	763724.3506	3501439.3633	10751179.9985	5.0585e-01
781	85857.3876	-30751.5095	763820.3876	3501411.4905	10751179.9985	4.9504e-01
782	85953.4246	-30779.3822	763916.4246	3501383.6178	10751179.9985	4.8445e-01
783	86049.4617	-30807.2549	764012.4617	3501355.7451	10751179.9985	4.7410e-01
784	86145.4987	-30835.1277	764108.4987	3501327.8723	10751179.9985	4.6396e-01
785	86241.5357	-30863.0004	764204.5357	3501299.9996	10751179.9985	4.5405e-01
786	86337.5727	-30890.8731	764300.5727	3501272.1269	10751179.9985	4.4434e-01
787	86433.6098	-30918.7458	764396.6098	3501244.2542	10751179.9985	4.3485e-01
788	86529.6468	-30946.6186	764492.6468	3501216.3814	10751179.9985	4.2555e-01
789	86625.6838	-30974.4913	764588.6838	3501188.5087	10751179.9985	4.1646e-01
790	86721.7209	-31002.3640	764684.7209	3501160.6360	10751179.9985	4.0756e-01
791	86817.7579	-31030.2368	764780.7579	3501132.7632	10751179.9985	3.9885e-01
792	86913.7949	-31058.1095	764876.7949	3501104.8905	10751179.9985	3.9033e-01
793	87009.8319	-31085.9822	764972.8319	3501077.0178	10751179.9985	3.8199e-01
794	87105.8690	-31113.8550	765068.8690	3501049.1450	10751179.9985	3.7383e-01
795	87201.9060	-31141.7277	765164.9060	3501021.2723	10751179.9985	3.6584e-01
796	87297.9430	-31169.6004	765260.9430	3500993.3996	10751179.9985	3.5803e-01
797	87393.9801	-31197.4731	765356.9801	3500965.5269	10751179.9985	3.5038e-01
798	87490.0171	-31225.3459	765453.0171	3500937.6541	10751179.9985	3.4289e-01
799	87586.0541	-31253.2186	765549.0541	3500909.7814	10751179.9985	3.3557e-01
800	87682.0911	-31281.0913	765645.0911	3500881.9087	10751179.9985	3.2840e-01
801	87778.1282	-31308.9641	765741.1282	3500854.0359	10751179.9985	3.2139e-01
802	87874.1652	-31336.8368	765837.1652	3500826.1632	10751179.9985	3.1453e-01
803	87970.2022	-31364.7095	765933.2022	3500798.2905	10751179.9985	3.0781e-01
804	88066.2393	-31392.5822	766029.2393	3500770.4178	10751179.9985	3.0124e-01
805	88162.2763	-31420.4550	766125.2763	3500742.5450	10751179.9985	2.9481e-01
806	88258.3133	-31448.3277	766221.3133	3500714.6723	10751179.9985	2.8851e-01
807	88354.3504	-31476.2004	766317.3504	3500686.7996	10751179.9985	2.8235e-01
808	88450.3874	-31504.0732	766413.3874	3500658.9268	10751179.9985	2.7632e-01
809	88546.4244	-31531.9459	766509.4244	3500631.0541	10751179.9985	2.7042e-01
810	88642.4614	-31559.8186	766605.4614	3500603.1814	10751179.9985	2.6465e-01
811	88738.4985	-31587.6914	766701.4985	3500575.3086	10751179.9985	2.5900e-01
812	88834.5355	-31615.5641	766797.5355	3500547.4359	10751179.9985	2.5347e-01
813	88930.5725	-31643.4368	766893.5725	3500519.5632	10751179.9985	2.4806e-01
814	89026.6096	-31671.3095	766989.6096	3500491.6905	10751179.9985	2.4277e-01
815	89122.6466	-31699.1823	767085.6466	3500463.8177	10751179.9985	2.3759e-01
816	89218.6836	-31727.0550	767181.6836	3500435.9450	10751179.9985	2.3252e-01
817	89314.7206	-31754.9277	767277.7206	3500408.0723	10751179.9985	2.2756e-01
818	89410.7577	-31782.8005	767373.7577	3500380.1995	10751179.9985	2.2270e-01
819	89506.7947	-31810.6732	767469.7947	3500352.3268	10751179.9985	2.1795e-01
820	89602.8317	-31838.5459	767565.8317	3500324.4541	10751179.9985	2.1330e-01
821	89698.8688	-31866.4186	767661.8688	3500296.5814	10751179.9985	2.0875e-01
822	89794.9058	-31894.2914	767757.9058	3500268.7086	10751179.9985	2.0430e-01
823	89890.9428	-31922.1641	767853.9428	3500240.8359	10751179.9985	1.9994e-01
824	89986.9798	-31950.0368	767949.9798	3500212.9632	10751179.9985	1.9567e-01
825	90083.0169	-31977.9096	768046.0169	3500185.0904	10751179.9985	1.9150e-01
826	90179.0539	-32005.7823	768142.0539	3500157.2177	10751179.9985	1.8741e-01
827	90275.0909	-32033.6550	768238.0909	3500129.3450	10751179.9985	1.8342e-01
828	90371.1280	-32061.5278	768334.1280	3500101.4722	10751179.9985	1.7951e-01
829	90467.1650	-32089.4005	768430.1650	3500073.5995	10751179.9985	1.7568e-01
830	90563.2020	-32117.2732	768526.2020	3500045.7268	10751179.9985	1.7193e-01
831	90659.2390	-32145.1459	768622.2390	3500017.8541	10751179.9985	1.6826e-01
832	90755.2761	-32173.0187	768718.2761	3499989.9813	10751179.9985	1.6468e-01
833	90851.3131	-32200.8914	768814.3131	3499962.1086	10751179.9985	1.6117e-01
834	90947.3501	-32228.7641	768910.3501	3499934.2359	10751179.9985	1.5773e-01
835	91043.3872	-32256.6369	769006.3872	3499906.3631	10751179.9985	1.5437e-01
836	91139.4242	-32284.5096	769102.4242	3499878.4904	10751179.9985	1.5108e-01
837	91235.4612	-32312.3823	769198.4612	3499850.6177	10751179.9985	1.4785e-01
838	91331.4983	-32340.2550	769294.4983	3499822.7450	10751179.9985	1.4470e-01
839	91427.5353	-32368.1278	769390.5353	3499794.8722	10751179.9985	1.4162e-01
840	91523.5723	-32396.0005	769486.5723	3499766.9995	10751179.9985	1.3860e-01
841	91619.6093	-32423.8732	769582.6093	3499739.1268	10751179.9985	1.3565e-01
842	91715.6464	-32451.7460	769678.6464	3499711.2540	10751179.9985	1.3275e-01
843	91811.6834	-32479.6187	769774.6834	3499683.3813	10751179.9985	1.2993e-01
844	91907.7204	-32507.4914	769870.7204	3499655.5086	10751179.9985	1.2716e-01
845	92003.7575	-32535.3642	769966.7575	3499627.6358	10751179.9985	1.2445e-01
846	92099.7945	-32563.2369	770062.7945	3499599.7631	10751179.9985	1.2179e-01
847	92195.8315	-32591.1096	770158.8315	3499571.8904	10751179.9985	1.1920e-01
848	92291.8685	-32618.9823	770254.8685	3499544.0177	10751179.9985	1.1666e-01
849	92387.9056	-32646.8551	770350.9056	3499516.1449	10751179.9985	1.1417e-01
850	92483.9426	-32674.7278	770446.9426	3499488.2722	10751179.9985	1.1174e-01
851	92579.9796	-32702.6005	770542.9796	3499460.3995	10751179.9985	1.0936e-01
852	92676.0167	-32730.4733	770639.0167	3499432.5267	10751179.9985	1.0703e-01
853	92772.0537	-32758.3460	770735.0537	3499404.6540	10751179.9985	1.0475e-01
854	92868.0907	-32786.2187	770831.0907	3499376.7813	10751179.9985	1.0252e-01
855	92964.1277	-32814.0914	770927.1277	3499348.9086	10751179.9985	1.0034e-01
856	93060.1648	-32841.9642	771023.1648	3499321.0358	10751179.9985	9.8199e-02
857	93156.2018	-32869.8369	771119.2018	3499293.1631	10751179.9985	9.6108e-02
858	93252.2388	-32897.7096	771215.2388	3499265.2904	10751179.9985	9.4061e-02
859	93348.2759	-32925.5824	771311.2759	3499237.4176	10751179.9985	9.2058e-02
860	93444.3129	-32953.4551	771407.3129	3499209.5449	10751179.9985	9.0097e-02
861	93540.3499	-32981.3278	771503.3499	3499181.6722	10751179.9985	8.8179e-02
862	93636.3870	-33009.2006	771599.3870	3499153.7994	10751179.9985	8.6301e-02
863	93732.4240	-33037.0733	771695.4240	3499125.9267	10751179.9985	8.4464e-02
864	93828.4610	-33064.9460	771791.4610	3499098.0540	10751179.9985	8.2665e-02
865	93924.4980	-33092.8187	771887.4980	3499070.1813	10751179.9985	8.0905e-02
866	94020.5351	-33120.6915	771983.5351	3499042.3085	10751179.9985	7.9183e-02
867	94116.5721	-33148.5642	772079.5721	3499014.4358	10751179.9985	7.7497e-02
868	94212.6091	-33176.4369	772175.6091	3498986.5631	10751179.9985	7.5847e-02
869	94308.6462	-33204.3097	772271.6462	3498958.6903	10751179.9985	7.4233e-02
870	94404.6832	-33232.1824	772367.6832	3498930.8176	10751179.9985	7.2653e-02
871	94500.7202	-33260.0551	772463.7202	3498902.9449	10751179.9985	7.1106e-02
872	94596.7572	-33287.9278	772559.7572	3498875.0722	10751179.9985	6.9593e-02
873	94692.7943	-33315.8006	772655.7943	3498847.1994	10751179.9985	6.8112e-02
874	94788.8313	-33343.6733	772751.8313	3498819.3267	10751179.9985	6.6662e-02
875	94884.8683	-33371.5460	772847.8683	3498791.4540	10751179.9985	6.5243e-02
876	94980.9054	-33399.4188	772943.9054	3498763.5812	10751179.9985	6.3855e-02
877	95076.9424	-33427.2915	773039.9424	3498735.7085	10751179.9985	6.2496e-02
878	95172.9794	-33455.1642	773135.9794	3498707.8358	10751179.9985	6.1166e-02
879	95269.0164	-33483.0370	773232.0164	3498679.9630	10751179.9985	5.9865e-02
880	95365.0535	-33510.9097	773328.0535	3498652.0903	10751179.9985	5.8591e-02
881	95461.0905	-33538.7824	773424.0905	3498624.2176	10751179.9985	5.7345e-02
882	95557.1275	-33566.6551	773520.1275	3498596.3449	10751179.9985	5.6125e-02
883	95653.1646	-33594.5279	773616.1646	3498568.4721	10751179.9985	5.4931e-02
884	95749.2016	-33622.4006	773712.2016	3498540.5994	10751179.9985	5.3762e-02
885	95845.2386	-33650.2733	773808.2386	3498512.7267	10751179.9985	5.2619e-02
886	95941.2756	-33678.1461	773904.2756	3498484.8539	10751179.9985	5.1499e-02
887	96037.3127	-33706.0188	774000.3127	3498456.9812	10751179.9985	5.0404e-02
888	96133.3497	-33733.8915	774096.3497	3498429.1085	10751179.9985	4.9332e-02
889	96229.3867	-33761.7642	774192.3867	3498401.2358	10751179.9985	4.8283e-02
890	96325.4238	-33789.6370	774288.4238	3498373.3630	10751179.9985	4.7256e-02
891	96421.4608	-33817.5097	774384.4608	3498345.4903	10751179.9985	4.6251e-02
892	96517.4978	-33845.3824	774480.4978	3498317.6176	10751179.9985	4.5267e-02
893	96613.5349	-33873.2552	774576.5349	3498289.7448	10751179.9985	4.4305e-02
894	96709.5719	-33901.1279	774672.5719	3498261.8721	10751179.9985	4.3363e-02
895	96805.6089	-33929.0006	774768.6089	3498233.9994	10751179.9985	4.2440e-02
896	96901.6459	-33956.8734	774864.6459	3498206.1266	10751179.9985	4.1538e-02
897	96997.6830	-33984.7461	774960.6830	3498178.2539	10751179.9985	4.0655e-02
898	97093.7200	-34012.6188	775056.7200	3498150.3812	10751179.9985	3.9791e-02
899	97189.7570	-34040.4915	775152.7570	3498122.5085	10751179.9985	3.8945e-02
900	97285.7941	-34068.3643	775248.7941	3498094.6357	10751179.9985	3.8117e-02
901	97381.8311	-34096.2370	775344.8311	3498066.7630	10751179.9985	3.7306e-02
902	97477.8681	-34124.1097	775440.8681	3498038.8903	10751179.9985	3.6513e-02
903	97573.9051	-34151.9825	775536.9051	3498011.0175	10751179.9985	3.5737e-02
904	97669.9422	-34179.8552	775632.9422	3497983.1448	10751179.9985	3.4978e-02
905	97765.9792	-34207.7279	775728.9792	3497955.2721	10751179.9985	3.4234e-02
906	97862.0162	-34235.6006	775825.0162	3497927.3994	10751179.9985	3.3507e-02
907	97958.0533	-34263.4734	775921.0533	3497899.5266	10751179.9985	3.2795e-02
908	98054.0903	-34291.3461	776017.0903	3497871.6539	10751179.9985	3.2098e-02
909	98150.1273	-34319.2188	776113.1273	3497843.7812	10751179.9985	3.1416e-02
910	98246.1643	-34347.0916	776209.1643	3497815.9084	10751179.9985	3.0748e-02
911	98342.2014	-34374.9643	776305.2014	3497788.0357	10751179.9985	3.0095e-02
912	98438.2384	-34402.8370	776401.2384	3497760.1630	10751179.9985	2.9455e-02
913	98534.2754	-34430.7098	776497.2754	3497732.2902	10751179.9985	2.8829e-02
914	98630.3125	-34458.5825	776593.3125	3497704.4175	10751179.9985	2.8217e-02
915	98726.3495	-34486.4552	776689.3495	3497676.5448	10751179.9985	2.7617e-02
916	98822.3865	-34514.3279	776785.3865	3497648.6721	10751179.9985	2.7031e-02
917	98918.4235	-34542.2007	776881.4235	3497620.7993	10751179.9985	2.6456e-02
918	99014.4606	-34570.0734	776977.4606	3497592.9266	10751179.9985	2.5894e-02
919	99110.4976	-34597.9461	777073.4976	3497565.0539	10751179.9985	2.5344e-02
920	99206.5346	-34625.8189	777169.5346	3497537.1811	10751179.9985	2.4806e-02
921	99302.5717	-34653.6916	777265.5717	3497509.3084	10751179.9985	2.4279e-02
922	99398.6087	-34681.5643	777361.6087	3497481.4357	10751179.9985	2.3763e-02
923	99494.6457	-34709.4370	777457.6457	3497453.5630	10751179.9985	2.3259e-02
924	99590.6828	-34737.3098	777553.6828	3497425.6902	10751179.9985	2.2765e-02
925	99686.7198	-34765.1825	777649.7198	3497397.8175	10751179.9985	2.2281e-02
926	99782.7568	-34793.0552	777745.7568	3497369.9448	10751179.9985	2.1808e-02
927	99878.7938	-34820.9280	777841.7938	3497342.0720	10751179.9985	2.1345e-02
928	99974.8309	-34848.8007	777937.8309	3497314.1993	10751179.9985	2.0892e-02
929	100070.8679	-34876.6734	778033.8679	3497286.3266	10751179.9985	2.0448e-02
930	100166.9049	-34904.5462	778129.9049	3497258.4538	10751179.9985	2.0014e-02
931	100262.9420	-34932.4189	778225.9420	3497230.5811	10751179.9985	1.9589e-02
932	100358.9790	-34960.2916	778321.9790	3497202.7084	10751179.9985	1.9173e-02
933	100455.0160	-34988.1643	778418.0160	3497174.8357	10751179.9985	1.8766e-02
934	100551.0530	-35016.0371	778514.0530	3497146.9629	10751179.9985	1.8367e-02
935	100647.0901	-35043.9098	778610.0901	3497119.0902	10751179.9985	1.7978e-02
936	100743.1271	-35071.7825	778706.1271	3497091.2175	10751179.9985	1.7596e-02
937	100839.1641	-35099.6553	778802.1641	3497063.3447	10751179.9985	1.7222e-02
938	100935.2012	-35127.5280	778898.2012	3497035.4720	10751179.9985	1.6857e-02
939	101031.2382	-35155.4007	778994.2382	3497007.5993	10751179.9985	1.6499e-02
940	101127.2752	-35183.2734	779090.2752	3496979.7266	10751179.9985	1.6149e-02
941	101223.3122	-35211.1462	779186.3122	3496951.8538	10751179.9985	1.5806e-02
942	101319.3493	-35239.0189	779282.3493	3496923.9811	10751179.9985	1.5471e-02
943	101415.3863	-35266.8916	779378.3863	3496896.1084	10751179.9985	1.5142e-02
944	101511.4233	-35294.7644	779474.4233	3496868.2356	10751179.9985	1.4821e-02
945	101607.4604	-35322.6371	779570.4604	3496840.3629	10751179.9985	1.4506e-02
946	101703.4974	-35350.5098	779666.4974	3496812.4902	10751179.9985	1.4199e-02
947	101799.5344	-35378.3826	779762.5344	3496784.6174	10751179.9985	1.3897e-02
948	101895.5715	-35406.2553	779858.5715	3496756.7447	10751179.9985	1.3602e-02
949	101991.6085	-35434.1280	779954.6085	3496728.8720	10751179.9985	1.3314e-02
950	102087.6455	-35462.0007	780050.6455	3496700.9993	10751179.9985	1.3031e-02
951	102183.6825	-35489.8735	780146.6825	3496673.1265	10751179.9985	1.2755e-02
952	102279.7196	-35517.7462	780242.7196	3496645.2538	10751179.9985	1.2484e-02
953	102375.7566	-35545.6189	780338.7566	3496617.3811	10751179.9985	1.2219e-02
954	102471.7936	-35573.4917	780434.7936	3496589.5083	10751179.9985	1.1960e-02
955	102567.8307	-35601.3644	780530.8307	3496561.6356	10751179.9985	1.1706e-02
956	102663.8677	-35629.2371	780626.8677	3496533.7629	10751179.9985	1.1458e-02
957	102759.9047	-35657.1099	780722.9047	3496505.8901	10751179.9985	1.1215e-02
958	102855.9417	-35684.9826	780818.9417	3496478.0174	10751179.9985	1.0977e-02
959	102951.9788	-35712.8553	780914.9788	3496450.1447	10751179.9985	1.0744e-02
960	103048.0158	-35740.7280	781011.0158	3496422.2720	10751179.9985	1.0516e-02
961	103144.0528	-35768.6008	781107.0528	3496394.3992	10751179.9985	1.0293e-02
962	103240.0899	-35796.4735	781203.0899	3496366.5265	10751179.9985	1.0075e-02
963	103336.1269	-35824.3462	781299.1269	3496338.6538	10751179.9985	9.8614e-03
964	103432.1639	-35852.2190	781395.1639	3496310.7810	10751179.9985	9.6523e-03
965	103528.2009	-35880.0917	781491.2009	3496282.9083	10751179.9985	9.4476e-03
966	103624.2380	-35907.9644	781587.2380	3496255.0356	10751179.9985	9.2473e-03
967	103720.2750	-35935.8371	781683.2750	3496227.1629	10751179.9985	9.0512e-03
968	103816.3120	-35963.7099	781779.3120	3496199.2901	10751179.9985	8.8593e-03
969	103912.3491	-35991.5826	781875.3491	3496171.4174	10751179.9985	8.6714e-03
970	104008.3861	-36019.4553	781971.3861	3496143.5447	10751179.9985	8.4876e-03
971	104104.4231	-36047.3281	782067.4231	3496115.6719	10751179.9985	8.3076e-03
972	104200.4601	-36075.2008	782163.4601	3496087.7992	10751179.9985	8.1315e-03
973	104296.4972	-36103.0735	782259.4972	3496059.9265	10751179.9985	7.9591e-03
974	104392.5342	-36130.9463	782355.5342	3496032.0537	10751179.9985	7.7904e-03
975	104488.5712	-36158.8190	782451.5712	3496004.1810	10751179.9985	7.6252e-03
976	104584.6083	-36186.6917	782547.6083	3495976.3083	10751179.9985	7.4636e-03
977	104680.6453	-36214.5644	782643.6453	3495948.4356	10751179.9985	7.3054e-03
978	104776.6823	-36242.4372	782739.6823	3495920.5628	10751179.9985	7.1505e-03
979	104872.7194	-36270.3099	782835.7194	3495892.6901	10751179.9985	6.9990e-03
980	104968.7564	-36298.1826	782931.7564	3495864.8174	10751179.9985	6.8506e-03
981	105064.7934	-36326.0554	783027.7934	3495836.9446	10751179.9985	6.7054e-03
982	105160.8304	-36353.9281	783123.8304	3495809.0719	10751179.9985	6.5633e-03
983	105256.8675	-36381.8008	783219.8675	3495781.1992	10751179.9985	6.4242e-03
984	105352.9045	-36409.6735	783315.9045	3495753.3265	10751179.9985	6.2881e-03
985	105448.9415	-36437.5463	783411.9415	3495725.4537	10751179.9985	6.1548e-03
986	105544.9786	-36465.4190	783507.9786	3495697.5810	10751179.9985	6.0244e-03
987	105641.0156	-36493.2917	783604.0156	3495669.7083	10751179.9985	5.8968e-03
988	105737.0526	-36521.1645	783700.0526	3495641.8355	10751179.9985	5.7718e-03
989	105833.0896	-36549.0372	783796.0896	3495613.9628	10751179.9985	5.6495e-03
990	105929.1267	-36576.9099	783892.1267	3495586.0901	10751179.9985	5.5298e-03
991	106025.1637	-36604.7827	783988.1637	3495558.2173	10751179.9985	5.4127e-03
992	106121.2007	-36632.6554	784084.2007	3495530.3446	10751179.9985	5.2980e-03
993	106217.2378	-36660.5281	784180.2378	3495502.4719	10751179.9985	5.1857e-03
994	106313.2748	-36688.4008	784276.2748	3495474.5992	10751179.9985	5.0759e-03
995	106409.3118	-36716.2736	784372.3118	3495446.7264	10751179.9985	4.9683e-03
996	106505.3488	-36744.1463	784468.3488	3495418.8537	10751179.9985	4.8631e-03
997	106601.3859	-36772.0190	784564.3859	3495390.9810	10751179.9985	4.7601e-03
998	106697.4229	-36799.8918	784660.4229	3495363.1082	10751179.9985	4.6593e-03
999	106793.4599	-36827.7645	784756.4599	3495335.2355	10751179.9985	4.5606e-03
