i	x_from_vent	y_from_vent	x_coord	y_coord	sigma_square	mass_released
0	1800.8496	-2617.8624	679763.8496	3529545.1376	1113564.1492	4.8257e+07
1	2092.2601	-3095.9331	680055.2601	3529067.0669	1209045.0878	4.7549e+07
2	2399.4591	-3608.2812	680362.4591	3528554.7188	1318092.3834	4.6852e+07
3	2725.4003	-4142.1890	680688.4003	3528020.8110	1429681.0256	4.6165e+07
4	3080.6333	-4687.2088	681043.6333	3527475.7912	1543071.9772	4.5489e+07
5	3469.6221	-5238.2886	681432.6221	3526924.7114	1660849.8674	4.4823e+07
6	3889.1263	-5791.0509	681852.1263	3526371.9491	1784823.0476	4.4167e+07
7	4336.9926	-6341.9199	682299.9926	3525821.0801	1916009.2927	4.3521e+07
8	4806.8645	-6884.1237	682769.8645	3525278.8763	2054586.9842	4.2884e+07
9	5292.1633	-7411.9645	683255.1633	3524751.0355	2199772.3815	4.2258e+07
10	5788.4628	-7922.5150	683751.4628	3524240.4850	2351351.3142	4.1641e+07
11	6296.1481	-8414.4641	684259.1481	3523748.5359	2509385.8187	4.1033e+07
12	6815.7176	-8886.8011	684778.7176	3523276.1989	2673825.1966	4.0435e+07
13	7341.7037	-9341.4873	685304.7037	3522821.5127	2844596.1880	3.9845e+07
14	7872.6150	-9779.0374	685835.6150	3522383.9626	3021513.3613	3.9265e+07
15	8410.5077	-10197.9164	686373.5077	3521965.0836	3204297.5455	3.8693e+07
16	8955.4482	-10597.2410	686918.4482	3521565.7590	3392648.7686	3.8130e+07
17	9501.3296	-10980.4848	687464.3296	3521182.5152	3586305.9134	3.7575e+07
18	10049.2131	-11346.8199	688012.2131	3520816.1801	3784899.1690	3.7029e+07
19	10602.5593	-11692.9756	688565.5593	3520470.0244	3988006.7230	3.6491e+07
20	11153.1603	-12024.8669	689116.1603	3520138.1331	4195330.3366	3.5961e+07
21	11705.0153	-12339.1554	689668.0153	3519823.8446	4406412.5554	3.5439e+07
22	12256.8450	-12637.9835	690219.8450	3519525.0165	4620853.8719	3.4925e+07
23	12802.9364	-12925.6987	690765.9364	3519237.3013	4835142.4398	3.4418e+07
24	13351.5168	-13201.7491	691314.5168	3518961.2509	5054463.3699	3.3920e+07
25	13891.6141	-13470.8669	691854.6141	3518692.1331	5275484.5500	3.3428e+07
26	14430.7604	-13732.1652	692393.7604	3518430.8348	5497631.4876	3.2945e+07
27	14962.4573	-13986.5557	692925.4573	3518176.4443	5720543.1680	3.2468e+07
28	15491.0129	-14233.4214	693454.0129	3517929.5786	5943736.6776	3.1999e+07
29	16012.2304	-14473.4845	693975.2304	3517689.5155	6166867.4556	3.1536e+07
30	16529.5432	-14706.1901	694492.5432	3517456.8099	6389510.3791	3.1081e+07
31	17038.3817	-14932.5026	695001.3817	3517230.4974	6611370.4715	3.0632e+07
32	17543.8910	-15151.3797	695506.8910	3517011.6203	6832041.1792	3.0190e+07
33	18038.5976	-15364.6638	696001.5976	3516798.3362	7051307.2475	2.9755e+07
34	18531.8019	-15570.0832	696494.8019	3516592.9168	7268742.1332	2.9326e+07
35	19013.8642	-15770.2792	696976.8642	3516392.7208	7484195.6447	2.8904e+07
36	19491.1794	-15963.5408	697454.1794	3516199.4592	7697313.0683	2.8488e+07
37	19960.5574	-16150.9268	697923.5574	3516012.0732	7908063.2137	2.8078e+07
38	20419.9868	-16333.0890	698382.9868	3515829.9110	8116979.9737	2.7674e+07
39	20876.0521	-16508.0029	698839.0521	3515654.9971	8323771.2969	2.7276e+07
40	21321.1312	-16678.1966	699284.1312	3515484.8034	8528265.5131	2.6885e+07
41	21757.9589	-16842.8045	699720.9589	3515320.1955	8730162.0944	2.6499e+07
42	22189.0021	-17001.0578	700152.0021	3515161.9422	8929178.4727	2.6118e+07
43	22609.1527	-17154.8481	700572.1527	3515008.1519	9125151.2964	2.5744e+07
44	23020.4809	-17303.4865	700983.4809	3514859.5135	9317829.5528	2.5375e+07
45	23425.9921	-17445.9265	701388.9921	3514717.0735	9506961.1361	2.5012e+07
46	23820.7306	-17584.1655	701783.7306	3514578.8345	9692417.3088	2.4653e+07
47	24204.8175	-17718.2583	702167.8175	3514444.7417	9874008.7216	2.4301e+07
48	24583.4918	-17846.1377	702546.4918	3514316.8623	10051483.6536	2.3953e+07
49	24952.4082	-17969.7056	702915.4082	3514193.2944	10224735.9925	2.3611e+07
50	25310.7936	-18089.3819	703273.7936	3514073.6181	10393618.1608	2.3274e+07
51	25658.7607	-18205.2172	703621.7607	3513957.7828	10557978.7703	2.2941e+07
52	26001.3059	-18315.4024	703964.3059	3513847.5976	10717611.8189	2.2614e+07
53	26333.9110	-18421.7407	704296.9110	3513741.2593	10863451.9525	2.2291e+07
54	26655.9577	-18524.4166	704618.9577	3513638.5834	11013777.0017	2.1974e+07
55	26967.1084	-18623.3403	704930.1084	3513539.6597	11159291.5076	2.1661e+07
56	27267.6960	-18718.2120	705230.6960	3513444.7880	11299500.0858	2.1352e+07
57	27560.6307	-18807.9046	705523.6307	3513355.0954	11433903.1371	2.1048e+07
58	27841.5575	-18893.7095	705804.5575	3513269.2905	11562117.3660	2.0749e+07
59	28110.2555	-18975.5735	706073.2555	3513187.4265	11683737.6925	2.0454e+07
60	28366.5316	-19053.4524	706329.5316	3513109.5476	11798387.7803	2.0164e+07
61	28610.2184	-19127.3099	706573.2184	3513035.6901	11905720.5306	1.9877e+07
62	28841.1724	-19197.1175	706804.1724	3512965.8825	12005418.4922	1.9595e+07
63	29039.0160	-19256.4708	707002.0160	3512906.5292	12095846.6016	1.9317e+07
64	29189.6474	-19300.9432	707152.6474	3512862.0568	12175816.1617	1.9043e+07
65	29333.7887	-19343.3828	707296.7887	3512819.6172	12247814.8537	1.8774e+07
66	29471.3996	-19383.7938	707434.3996	3512779.2062	12311647.8806	1.8508e+07
67	29602.4486	-19422.1828	707565.4486	3512740.8172	12367150.4629	1.8246e+07
68	29726.9123	-19458.5591	707689.9123	3512704.4409	12414187.8744	1.7988e+07
69	29844.7755	-19492.9342	707807.7755	3512670.0658	12452655.4229	1.7733e+07
70	29956.0307	-19525.3223	707919.0307	3512637.6777	12482478.3787	1.7483e+07
71	30060.6780	-19555.7395	708023.6780	3512607.2605	12503611.8566	1.7236e+07
72	30158.8506	-19584.2411	708121.8506	3512578.7589	12515188.6641	1.6993e+07
73	30254.8877	-19612.1139	708217.8877	3512550.8861	12515188.6641	1.6753e+07
74	30350.9247	-19639.9866	708313.9247	3512523.0134	12515188.6641	1.6517e+07
75	30446.9617	-19667.8593	708409.9617	3512495.1407	12515188.6641	1.6284e+07
76	30542.9987	-19695.7321	708505.9987	3512467.2679	12515188.6641	1.6055e+07
77	30639.0358	-19723.6048	708602.0358	3512439.3952	12515188.6641	1.5829e+07
78	30735.0728	-19751.4775	708698.0728	3512411.5225	12515188.6641	1.5606e+07
79	30831.1098	-19779.3503	708794.1098	3512383.6497	12515188.6641	1.5386e+07
80	30927.1469	-19807.2230	708890.1469	3512355.7770	12515188.6641	1.5170e+07
81	31023.1839	-19835.0957	708986.1839	3512327.9043	12515188.6641	1.4957e+07
82	31119.2209	-19862.9684	709082.2209	3512300.0316	12515188.6641	1.4747e+07
83	31215.2579	-19890.8412	709178.2579	3512272.1588	12515188.6641	1.4540e+07
84	31311.2950	-19918.7139	709274.2950	3512244.2861	12515188.6641	1.4336e+07
85	31407.3320	-19946.5866	709370.3320	3512216.4134	12515188.6641	1.4135e+07
86	31503.3690	-19974.4594	709466.3690	3512188.5406	12515188.6641	1.3937e+07
87	31599.4061	-20002.3321	709562.4061	3512160.6679	12515188.6641	1.3742e+07
88	31695.4431	-20030.2048	709658.4431	3512132.7952	12515188.6641	1.3550e+07
89	31791.4801	-20058.0775	709754.4801	3512104.9225	12515188.6641	1.3360e+07
90	31887.5171	-20085.9503	709850.5171	3512077.0497	12515188.6641	1.3174e+07
91	31983.5542	-20113.8230	709946.5542	3512049.1770	12515188.6641	1.2990e+07
92	32079.5912	-20141.6957	710042.5912	3512021.3043	12515188.6641	1.2808e+07
93	32175.6282	-20169.5685	710138.6282	3511993.4315	12515188.6641	1.2629e+07
94	32271.6653	-20197.4412	710234.6653	3511965.5588	12515188.6641	1.2453e+07
95	32367.7023	-20225.3139	710330.7023	3511937.6861	12515188.6641	1.2280e+07
96	32463.7393	-20253.1867	710426.7393	3511909.8133	12515188.6641	1.2108e+07
97	32559.7763	-20281.0594	710522.7763	3511881.9406	12515188.6641	1.1940e+07
98	32655.8134	-20308.9321	710618.8134	3511854.0679	12515188.6641	1.1774e+07
99	32751.8504	-20336.8048	710714.8504	3511826.1952	12515188.6641	1.1610e+07
100	32847.8874	-20364.6776	710810.8874	3511798.3224	12515188.6641	1.1448e+07
101	32943.9245	-20392.5503	710906.9245	3511770.4497	12515188.6641	1.1289e+07
102	33039.9615	-20420.4230	711002.9615	3511742.5770	12515188.6641	1.1132e+07
103	33135.9985	-20448.2958	711098.9985	3511714.7042	12515188.6641	1.0978e+07
104	33232.0356	-20476.1685	711195.0356	3511686.8315	12515188.6641	1.0826e+07
105	33328.0726	-20504.0412	711291.0726	3511658.9588	12515188.6641	1.0675e+07
106	33424.1096	-20531.9139	711387.1096	3511631.0861	12515188.6641	1.0528e+07
107	33520.1466	-20559.7867	711483.1466	3511603.2133	12515188.6641	1.0382e+07
108	33616.1837	-20587.6594	711579.1837	3511575.3406	12515188.6641	1.0238e+07
109	33712.2207	-20615.5321	711675.2207	3511547.4679	12515188.6641	1.0096e+07
110	33808.2577	-20643.4049	711771.2577	3511519.5951	12515188.6641	9.9566e+06
111	33904.2948	-20671.2776	711867.2948	3511491.7224	12515188.6641	9.8189e+06
112	34000.3318	-20699.1503	711963.3318	3511463.8497	12515188.6641	9.6833e+06
113	34096.3688	-20727.0231	712059.3688	3511435.9769	12515188.6641	9.5495e+06
114	34192.4058	-20754.8958	712155.4058	3511408.1042	12515188.6641	9.4177e+06
115	34288.4429	-20782.7685	712251.4429	3511380.2315	12515188.6641	9.2878e+06
116	34384.4799	-20810.6412	712347.4799	3511352.3588	12515188.6641	9.1597e+06
117	34480.5169	-20838.5140	712443.5169	3511324.4860	12515188.6641	9.0335e+06
118	34576.5540	-20866.3867	712539.5540	3511296.6133	12515188.6641	8.9091e+06
119	34672.5910	-20894.2594	712635.5910	3511268.7406	12515188.6641	8.7864e+06
120	34768.6280	-20922.1322	712731.6280	3511240.8678	12515188.6641	8.6655e+06
121	34864.6650	-20950.0049	712827.6650	3511212.9951	12515188.6641	8.5463e+06
122	34960.7021	-20977.8776	712923.7021	3511185.1224	12515188.6641	8.4289e+06
123	35056.7391	-21005.7503	713019.7391	3511157.2497	12515188.6641	8.3131e+06
124	35152.7761	-21033.6231	713115.7761	3511129.3769	12515188.6641	8.1989e+06
125	35248.8132	-21061.4958	713211.8132	3511101.5042	12515188.6641	8.0864e+06
126	35344.8502	-21089.3685	713307.8502	3511073.6315	12515188.6641	7.9755e+06
127	35440.8872	-21117.2413	713403.8872	3511045.7587	12515188.6641	7.8661e+06
128	35536.9242	-21145.1140	713499.9242	3511017.8860	12515188.6641	7.7583e+06
129	35632.9613	-21172.9867	713595.9613	3510990.0133	12515188.6641	7.6521e+06
130	35728.9983	-21200.8595	713691.9983	3510962.1405	12515188.6641	7.5473e+06
131	35825.0353	-21228.7322	713788.0353	3510934.2678	12515188.6641	7.4441e+06
132	35921.0724	-21256.6049	713884.0724	3510906.3951	12515188.6641	7.3423e+06
133	36017.1094	-21284.4776	713980.1094	3510878.5224	12515188.6641	7.2419e+06
134	36113.1464	-21312.3504	714076.1464	3510850.6496	12515188.6641	7.1430e+06
135	36209.1835	-21340.2231	714172.1835	3510822.7769	12515188.6641	7.0455e+06
136	36305.2205	-21368.0958	714268.2205	3510794.9042	12515188.6641	6.9493e+06
137	36401.2575	-21395.9686	714364.2575	3510767.0314	12515188.6641	6.8545e+06
138	36497.2945	-21423.8413	714460.2945	3510739.1587	12515188.6641	6.7611e+06
139	36593.3316	-21451.7140	714556.3316	3510711.2860	12515188.6641	6.6690e+06
140	36689.3686	-21479.5868	714652.3686	3510683.4132	12515188.6641	6.5781e+06
141	36785.4056	-21507.4595	714748.4056	3510655.5405	12515188.6641	6.4886e+06
142	36881.4427	-21535.3322	714844.4427	3510627.6678	12515188.6641	6.4003e+06
143	36977.4797	-21563.2049	714940.4797	3510599.7951	12515188.6641	6.3133e+06
144	37073.5167	-21591.0777	715036.5167	3510571.9223	12515188.6641	6.2275e+06
145	37169.5537	-21618.9504	715132.5537	3510544.0496	12515188.6641	6.1429e+06
146	37265.5908	-21646.8231	715228.5908	3510516.1769	12515188.6641	6.0595e+06
147	37361.6278	-21674.6959	715324.6278	3510488.3041	12515188.6641	5.9772e+06
148	37457.6648	-21702.5686	715420.6648	3510460.4314	12515188.6641	5.8962e+06
149	37553.7019	-21730.4413	715516.7019	3510432.5587	12515188.6641	5.8162e+06
150	37649.7389	-21758.3140	715612.7389	3510404.6860	12515188.6641	5.7374e+06
151	37745.7759	-21786.1868	715708.7759	3510376.8132	12515188.6641	5.6597e+06
152	37841.8129	-21814.0595	715804.8129	3510348.9405	12515188.6641	5.5831e+06
153	37937.8500	-21841.9322	715900.8500	3510321.0678	12515188.6641	5.5075e+06
154	38033.8870	-21869.8050	715996.8870	3510293.1950	12515188.6641	5.4331e+06
155	38129.9240	-21897.6777	716092.9240	3510265.3223	12515188.6641	5.3596e+06
156	38225.9611	-21925.5504	716188.9611	3510237.4496	12515188.6641	5.2872e+06
157	38321.9981	-21953.4232	716284.9981	3510209.5768	12515188.6641	5.2158e+06
158	38418.0351	-21981.2959	716381.0351	3510181.7041	12515188.6641	5.1454e+06
159	38514.0722	-22009.1686	716477.0722	3510153.8314	12515188.6641	5.0760e+06
160	38610.1092	-22037.0413	716573.1092	3510125.9587	12515188.6641	5.0076e+06
161	38706.1462	-22064.9141	716669.1462	3510098.0859	12515188.6641	4.9401e+06
162	38802.1832	-22092.7868	716765.1832	3510070.2132	12515188.6641	4.8735e+06
163	38898.2203	-22120.6595	716861.2203	3510042.3405	12515188.6641	4.8079e+06
164	38994.2573	-22148.5323	716957.2573	3510014.4677	12515188.6641	4.7432e+06
165	39090.2943	-22176.4050	717053.2943	3509986.5950	12515188.6641	4.6794e+06
166	39186.3314	-22204.2777	717149.3314	3509958.7223	12515188.6641	4.6165e+06
167	39282.3684	-22232.1504	717245.3684	3509930.8496	12515188.6641	4.5545e+06
168	39378.4054	-22260.0232	717341.4054	3509902.9768	12515188.6641	4.4933e+06
169	39474.4424	-22287.8959	717437.4424	3509875.1041	12515188.6641	4.4330e+06
170	39570.4795	-22315.7686	717533.4795	3509847.2314	12515188.6641	4.3735e+06
171	39666.5165	-22343.6414	717629.5165	3509819.3586	12515188.6641	4.3149e+06
172	39762.5535	-22371.5141	717725.5535	3509791.4859	12515188.6641	4.2570e+06
173	39858.5906	-22399.3868	717821.5906	3509763.6132	12515188.6641	4.2000e+06
174	39954.6276	-22427.2596	717917.6276	3509735.7404	12515188.6641	4.1438e+06
175	40050.6646	-22455.1323	718013.6646	3509707.8677	12515188.6641	4.0883e+06
176	40146.7016	-22483.0050	718109.7016	3509679.9950	12515188.6641	4.0336e+06
177	40242.7387	-22510.8777	718205.7387	3509652.1223	12515188.6641	3.9797e+06
178	40338.7757	-22538.7505	718301.7757	3509624.2495	12515188.6641	3.9265e+06
179	40434.8127	-22566.6232	718397.8127	3509596.3768	12515188.6641	3.8740e+06
180	40530.8498	-22594.4959	718493.8498	3509568.5041	12515188.6641	3.8223e+06
181	40626.8868	-22622.3687	718589.8868	3509540.6313	12515188.6641	3.7713e+06
182	40722.9238	-22650.2414	718685.9238	3509512.7586	12515188.6641	3.7210e+06
183	40818.9608	-22678.1141	718781.9608	3509484.8859	12515188.6641	3.6714e+06
184	40914.9979	-22705.9868	718877.9979	3509457.0132	12515188.6641	3.6225e+06
185	41011.0349	-22733.8596	718974.0349	3509429.1404	12515188.6641	3.5742e+06
186	41107.0719	-22761.7323	719070.0719	3509401.2677	12515188.6641	3.5266e+06
187	41203.1090	-22789.6050	719166.1090	3509373.3950	12515188.6641	3.4797e+06
188	41299.1460	-22817.4778	719262.1460	3509345.5222	12515188.6641	3.4334e+06
189	41395.1830	-22845.3505	719358.1830	3509317.6495	12515188.6641	3.3878e+06
190	41491.2201	-22873.2232	719454.2201	3509289.7768	12515188.6641	3.3427e+06
191	41587.2571	-22901.0960	719550.2571	3509261.9040	12515188.6641	3.2983e+06
192	41683.2941	-22928.9687	719646.2941	3509234.0313	12515188.6641	3.2546e+06
193	41779.3311	-22956.8414	719742.3311	3509206.1586	12515188.6641	3.2114e+06
194	41875.3682	-22984.7141	719838.3682	3509178.2859	12515188.6641	3.1688e+06
195	41971.4052	-23012.5869	719934.4052	3509150.4131	12515188.6641	3.1268e+06
196	42067.4422	-23040.4596	720030.4422	3509122.5404	12515188.6641	3.0853e+06
197	42163.4793	-23068.3323	720126.4793	3509094.6677	12515188.6641	3.0445e+06
198	42259.5163	-23096.2051	720222.5163	3509066.7949	12515188.6641	3.0042e+06
199	42355.5533	-23124.0778	720318.5533	3509038.9222	12515188.6641	2.9644e+06
200	42451.5903	-23151.9505	720414.5903	3509011.0495	12515188.6641	2.9252e+06
201	42547.6274	-23179.8232	720510.6274	3508983.1768	12515188.6641	2.8865e+06
202	42643.6644	-23207.6960	720606.6644	3508955.3040	12515188.6641	2.8484e+06
203	42739.7014	-23235.5687	720702.7014	3508927.4313	12515188.6641	2.8108e+06
204	42835.7385	-23263.4414	720798.7385	3508899.5586	12515188.6641	2.7737e+06
205	42931.7755	-23291.3142	720894.7755	3508871.6858	12515188.6641	2.7371e+06
206	43027.8125	-23319.1869	720990.8125	3508843.8131	12515188.6641	2.7010e+06
207	43123.8495	-23347.0596	721086.8495	3508815.9404	12515188.6641	2.6654e+06
208	43219.8866	-23374.9324	721182.8866	3508788.0676	12515188.6641	2.6302e+06
209	43315.9236	-23402.8051	721278.9236	3508760.1949	12515188.6641	2.5956e+06
210	43411.9606	-23430.6778	721374.9606	3508732.3222	12515188.6641	2.5614e+06
211	43507.9977	-23458.5505	721470.9977	3508704.4495	12515188.6641	2.5277e+06
212	43604.0347	-23486.4233	721567.0347	3508676.5767	12515188.6641	2.4945e+06
213	43700.0717	-23514.2960	721663.0717	3508648.7040	12515188.6641	2.4617e+06
214	43796.1087	-23542.1687	721759.1087	3508620.8313	12515188.6641	2.4293e+06
215	43892.1458	-23570.0415	721855.1458	3508592.9585	12515188.6641	2.3974e+06
216	43988.1828	-23597.9142	721951.1828	3508565.0858	12515188.6641	2.3659e+06
217	44084.2198	-23625.7869	722047.2198	3508537.2131	12515188.6641	2.3349e+06
218	44180.2569	-23653.6596	722143.2569	3508509.3404	12515188.6641	2.3043e+06
219	44276.2939	-23681.5324	722239.2939	3508481.4676	12515188.6641	2.2740e+06
220	44372.3309	-23709.4051	722335.3309	3508453.5949	12515188.6641	2.2442e+06
221	44468.3680	-23737.2778	722431.3680	3508425.7222	12515188.6641	2.2148e+06
222	44564.4050	-23765.1506	722527.4050	3508397.8494	12515188.6641	2.1858e+06
223	44660.4420	-23793.0233	722623.4420	3508369.9767	12515188.6641	2.1572e+06
224	44756.4790	-23820.8960	722719.4790	3508342.1040	12515188.6641	2.1290e+06
225	44852.5161	-23848.7688	722815.5161	3508314.2312	12515188.6641	2.1012e+06
226	44948.5531	-23876.6415	722911.5531	3508286.3585	12515188.6641	2.0737e+06
227	45044.5901	-23904.5142	723007.5901	3508258.4858	12515188.6641	2.0466e+06
228	45140.6272	-23932.3869	723103.6272	3508230.6131	12515188.6641	2.0199e+06
229	45236.6642	-23960.2597	723199.6642	3508202.7403	12515188.6641	1.9935e+06
230	45332.7012	-23988.1324	723295.7012	3508174.8676	12515188.6641	1.9675e+06
231	45428.7382	-24016.0051	723391.7382	3508146.9949	12515188.6641	1.9419e+06
232	45524.7753	-24043.8779	723487.7753	3508119.1221	12515188.6641	1.9166e+06
233	45620.8123	-24071.7506	723583.8123	3508091.2494	12515188.6641	1.8916e+06
234	45716.8493	-24099.6233	723679.8493	3508063.3767	12515188.6641	1.8669e+06
235	45812.8864	-24127.4960	723775.8864	3508035.5040	12515188.6641	1.8426e+06
236	45908.9234	-24155.3688	723871.9234	3508007.6312	12515188.6641	1.8187e+06
237	46004.9604	-24183.2415	723967.9604	3507979.7585	12515188.6641	1.7950e+06
238	46100.9974	-24211.1142	724063.9974	3507951.8858	12515188.6641	1.7717e+06
239	46197.0345	-24238.9870	724160.0345	3507924.0130	12515188.6641	1.7486e+06
240	46293.0715	-24266.8597	724256.0715	3507896.1403	12515188.6641	1.7259e+06
241	46389.1085	-24294.7324	724352.1085	3507868.2676	12515188.6641	1.7035e+06
242	46485.1456	-24322.6052	724448.1456	3507840.3948	12515188.6641	1.6814e+06
243	46581.1826	-24350.4779	724544.1826	3507812.5221	12515188.6641	1.6596e+06
244	46677.2196	-24378.3506	724640.2196	3507784.6494	12515188.6641	1.6381e+06
245	46773.2567	-24406.2233	724736.2567	3507756.7767	12515188.6641	1.6168e+06
246	46869.2937	-24434.0961	724832.2937	3507728.9039	12515188.6641	1.5959e+06
247	46965.3307	-24461.9688	724928.3307	3507701.0312	12515188.6641	1.5752e+06
248	47061.3677	-24489.8415	725024.3677	3507673.1585	12515188.6641	1.5548e+06
249	47157.4048	-24517.7143	725120.4048	3507645.2857	12515188.6641	1.5347e+06
250	47253.4418	-24545.5870	725216.4418	3507617.4130	12515188.6641	1.5149e+06
251	47349.4788	-24573.4597	725312.4788	3507589.5403	12515188.6641	1.4953e+06
252	47445.5159	-24601.3324	725408.5159	3507561.6676	12515188.6641	1.4760e+06
253	47541.5529	-24629.2052	725504.5529	3507533.7948	12515188.6641	1.4569e+06
254	47637.5899	-24657.0779	725600.5899	3507505.9221	12515188.6641	1.4381e+06
255	47733.6269	-24684.9506	725696.6269	3507478.0494	12515188.6641	1.4195e+06
256	47829.6640	-24712.8234	725792.6640	3507450.1766	12515188.6641	1.4012e+06
257	47925.7010	-24740.6961	725888.7010	3507422.3039	12515188.6641	1.3831e+06
258	48021.7380	-24768.5688	725984.7380	3507394.4312	12515188.6641	1.3653e+06
259	48117.7751	-24796.4416	726080.7751	3507366.5584	12515188.6641	1.3477e+06
260	48213.8121	-24824.3143	726176.8121	3507338.6857	12515188.6641	1.3304e+06
261	48309.8491	-24852.1870	726272.8491	3507310.8130	12515188.6641	1.3132e+06
262	48405.8861	-24880.0597	726368.8861	3507282.9403	12515188.6641	1.2963e+06
263	48501.9232	-24907.9325	726464.9232	3507255.0675	12515188.6641	1.2797e+06
264	48597.9602	-24935.8052	726560.9602	3507227.1948	12515188.6641	1.2632e+06
265	48693.9972	-24963.6779	726656.9972	3507199.3221	12515188.6641	1.2470e+06
266	48790.0343	-24991.5507	726753.0343	3507171.4493	12515188.6641	1.2310e+06
267	48886.0713	-25019.4234	726849.0713	3507143.5766	12515188.6641	1.2151e+06
268	48982.1083	-25047.2961	726945.1083	3507115.7039	12515188.6641	1.1995e+06
269	49078.1453	-25075.1688	727041.1453	3507087.8312	12515188.6641	1.1842e+06
270	49174.1824	-25103.0416	727137.1824	3507059.9584	12515188.6641	1.1690e+06
271	49270.2194	-25130.9143	727233.2194	3507032.0857	12515188.6641	1.1540e+06
272	49366.2564	-25158.7870	727329.2564	3507004.2130	12515188.6641	1.1392e+06
273	49462.2935	-25186.6598	727425.2935	3506976.3402	12515188.6641	1.1246e+06
274	49558.3305	-25214.5325	727521.3305	3506948.4675	12515188.6641	1.1102e+06
275	49654.3675	-25242.4052	727617.3675	3506920.5948	12515188.6641	1.0960e+06
276	49750.4046	-25270.2780	727713.4046	3506892.7220	12515188.6641	1.0820e+06
277	49846.4416	-25298.1507	727809.4416	3506864.8493	12515188.6641	1.0681e+06
278	49942.4786	-25326.0234	727905.4786	3506836.9766	12515188.6641	1.0545e+06
279	50038.5156	-25353.8961	728001.5156	3506809.1039	12515188.6641	1.0410e+06
280	50134.5527	-25381.7689	728097.5527	3506781.2311	12515188.6641	1.0277e+06
281	50230.5897	-25409.6416	728193.5897	3506753.3584	12515188.6641	1.0146e+06
282	50326.6267	-25437.5143	728289.6267	3506725.4857	12515188.6641	1.0016e+06
283	50422.6638	-25465.3871	728385.6638	3506697.6129	12515188.6641	9.8885e+05
284	50518.7008	-25493.2598	728481.7008	3506669.7402	12515188.6641	9.7624e+05
285	50614.7378	-25521.1325	728577.7378	3506641.8675	12515188.6641	9.6379e+05
286	50710.7748	-25549.0052	728673.7748	3506613.9948	12515188.6641	9.5151e+05
287	50806.8119	-25576.8780	728769.8119	3506586.1220	12515188.6641	9.3939e+05
288	50902.8489	-25604.7507	728865.8489	3506558.2493	12515188.6641	9.2743e+05
289	50998.8859	-25632.6234	728961.8859	3506530.3766	12515188.6641	9.1562e+05
290	51094.9230	-25660.4962	729057.9230	3506502.5038	12515188.6641	9.0397e+05
291	51190.9600	-25688.3689	729153.9600	3506474.6311	12515188.6641	8.9248e+05
292	51286.9970	-25716.2416	729249.9970	3506446.7584	12515188.6641	8.8113e+05
293	51383.0340	-25744.1144	729346.0340	3506418.8856	12515188.6641	8.6993e+05
294	51479.0711	-25771.9871	729442.0711	3506391.0129	12515188.6641	8.5888e+05
295	51575.1081	-25799.8598	729538.1081	3506363.1402	12515188.6641	8.4797e+05
296	51671.1451	-25827.7325	729634.1451	3506335.2675	12515188.6641	8.3721e+05
297	51767.1822	-25855.6053	729730.1822	3506307.3947	12515188.6641	8.2659e+05
298	51863.2192	-25883.4780	729826.2192	3506279.5220	12515188.6641	8.1610e+05
299	51959.2562	-25911.3507	729922.2562	3506251.6493	12515188.6641	8.0576e+05
300	52055.2933	-25939.2235	730018.2933	3506223.7765	12515188.6641	7.9554e+05
301	52151.3303	-25967.0962	730114.3303	3506195.9038	12515188.6641	7.8547e+05
302	52247.3673	-25994.9689	730210.3673	3506168.0311	12515188.6641	7.7552e+05
303	52343.4043	-26022.8416	730306.4043	3506140.1584	12515188.6641	7.6570e+05
304	52439.4414	-26050.7144	730402.4414	3506112.2856	12515188.6641	7.5601e+05
305	52535.4784	-26078.5871	730498.4784	3506084.4129	12515188.6641	7.4645e+05
306	52631.5154	-26106.4598	730594.5154	3506056.5402	12515188.6641	7.3701e+05
307	52727.5525	-26134.3326	730690.5525	3506028.6674	12515188.6641	7.2769e+05
308	52823.5895	-26162.2053	730786.5895	3506000.7947	12515188.6641	7.1850e+05
309	52919.6265	-26190.0780	730882.6265	3505972.9220	12515188.6641	7.0943e+05
310	53015.6635	-26217.9508	730978.6635	3505945.0492	12515188.6641	7.0047e+05
311	53111.7006	-26245.8235	731074.7006	3505917.1765	12515188.6641	6.9163e+05
312	53207.7376	-26273.6962	731170.7376	3505889.3038	12515188.6641	6.8290e+05
313	53303.7746	-26301.5689	731266.7746	3505861.4311	12515188.6641	6.7429e+05
314	53399.8117	-26329.4417	731362.8117	3505833.5583	12515188.6641	6.6579e+05
315	53495.8487	-26357.3144	731458.8487	3505805.6856	12515188.6641	6.5740e+05
316	53591.8857	-26385.1871	731554.8857	3505777.8129	12515188.6641	6.4912e+05
317	53687.9227	-26413.0599	731650.9227	3505749.9401	12515188.6641	6.4094e+05
318	53783.9598	-26440.9326	731746.9598	3505722.0674	12515188.6641	6.3288e+05
319	53879.9968	-26468.8053	731842.9968	3505694.1947	12515188.6641	6.2491e+05
320	53976.0338	-26496.6780	731939.0338	3505666.3220	12515188.6641	6.1705e+05
321	54072.0709	-26524.5508	732035.0709	3505638.4492	12515188.6641	6.0929e+05
322	54168.1079	-26552.4235	732131.1079	3505610.5765	12515188.6641	6.0163e+05
323	54264.1449	-26580.2962	732227.1449	3505582.7038	12515188.6641	5.9408e+05
324	54360.1819	-26608.1690	732323.1819	3505554.8310	12515188.6641	5.8661e+05
325	54456.2190	-26636.0417	732419.2190	3505526.9583	12515188.6641	5.7925e+05
326	54552.2560	-26663.9144	732515.2560	3505499.0856	12515188.6641	5.7198e+05
327	54648.2930	-26691.7872	732611.2930	3505471.2128	12515188.6641	5.6480e+05
328	54744.3301	-26719.6599	732707.3301	3505443.3401	12515188.6641	5.5772e+05
329	54840.3671	-26747.5326	732803.3671	3505415.4674	12515188.6641	5.5073e+05
330	54936.4041	-26775.4053	732899.4041	3505387.5947	12515188.6641	5.4382e+05
331	55032.4412	-26803.2781	732995.4412	3505359.7219	12515188.6641	5.3701e+05
332	55128.4782	-26831.1508	733091.4782	3505331.8492	12515188.6641	5.3029e+05
333	55224.5152	-26859.0235	733187.5152	3505303.9765	12515188.6641	5.2365e+05
334	55320.5522	-26886.8963	733283.5522	3505276.1037	12515188.6641	5.1709e+05
335	55416.5893	-26914.7690	733379.5893	3505248.2310	12515188.6641	5.1063e+05
336	55512.6263	-26942.6417	733475.6263	3505220.3583	12515188.6641	5.0424e+05
337	55608.6633	-26970.5144	733571.6633	3505192.4856	12515188.6641	4.9794e+05
338	55704.7004	-26998.3872	733667.7004	3505164.6128	12515188.6641	4.9171e+05
339	55800.7374	-27026.2599	733763.7374	3505136.7401	12515188.6641	4.8557e+05
340	55896.7744	-27054.1326	733859.7744	3505108.8674	12515188.6641	4.7951e+05
341	55992.8114	-27082.0054	733955.8114	3505080.9946	12515188.6641	4.7352e+05
342	56088.8485	-27109.8781	734051.8485	3505053.1219	12515188.6641	4.6761e+05
343	56184.8855	-27137.7508	734147.8855	3505025.2492	12515188.6641	4.6178e+05
344	56280.9225	-27165.6236	734243.9225	3504997.3764	12515188.6641	4.5602e+05
345	56376.9596	-27193.4963	734339.9596	3504969.5037	12515188.6641	4.5033e+05
346	56472.9966	-27221.3690	734435.9966	3504941.6310	12515188.6641	4.4472e+05
347	56569.0336	-27249.2417	734532.0336	3504913.7583	12515188.6641	4.3918e+05
348	56665.0706	-27277.1145	734628.0706	3504885.8855	12515188.6641	4.3371e+05
349	56761.1077	-27304.9872	734724.1077	3504858.0128	12515188.6641	4.2831e+05
350	56857.1447	-27332.8599	734820.1447	3504830.1401	12515188.6641	4.2298e+05
351	56953.1817	-27360.7327	734916.1817	3504802.2673	12515188.6641	4.1772e+05
352	57049.2188	-27388.6054	735012.2188	3504774.3946	12515188.6641	4.1253e+05
353	57145.2558	-27416.4781	735108.2558	3504746.5219	12515188.6641	4.0740e+05
354	57241.2928	-27444.3508	735204.2928	3504718.6492	12515188.6641	4.0234e+05
355	57337.3298	-27472.2236	735300.3298	3504690.7764	12515188.6641	3.9734e+05
356	57433.3669	-27500.0963	735396.3669	3504662.9037	12515188.6641	3.9240e+05
357	57529.4039	-27527.9690	735492.4039	3504635.0310	12515188.6641	3.8753e+05
358	57625.4409	-27555.8418	735588.4409	3504607.1582	12515188.6641	3.8272e+05
359	57721.4780	-27583.7145	735684.4780	3504579.2855	12515188.6641	3.7797e+05
360	57817.5150	-27611.5872	735780.5150	3504551.4128	12515188.6641	3.7329e+05
361	57913.5520	-27639.4600	735876.5520	3504523.5400	12515188.6641	3.6866e+05
362	58009.5891	-27667.3327	735972.5891	3504495.6673	12515188.6641	3.6409e+05
363	58105.6261	-27695.2054	736068.6261	3504467.7946	12515188.6641	3.5958e+05
364	58201.6631	-27723.0781	736164.6631	3504439.9219	12515188.6641	3.5513e+05
365	58297.7001	-27750.9509	736260.7001	3504412.0491	12515188.6641	3.5073e+05
366	58393.7372	-27778.8236	736356.7372	3504384.1764	12515188.6641	3.4639e+05
367	58489.7742	-27806.6963	736452.7742	3504356.3037	12515188.6641	3.4210e+05
368	58585.8112	-27834.5691	736548.8112	3504328.4309	12515188.6641	3.3787e+05
369	58681.8483	-27862.4418	736644.8483	3504300.5582	12515188.6641	3.3369e+05
370	58777.8853	-27890.3145	736740.8853	3504272.6855	12515188.6641	3.2957e+05
371	58873.9223	-27918.1873	736836.9223	3504244.8127	12515188.6641	3.2550e+05
372	58969.9593	-27946.0600	736932.9593	3504216.9400	12515188.6641	3.2147e+05
373	59065.9964	-27973.9327	737028.9964	3504189.0673	12515188.6641	3.1750e+05
374	59162.0334	-28001.8054	737125.0334	3504161.1946	12515188.6641	3.1359e+05
375	59258.0704	-28029.6782	737221.0704	3504133.3218	12515188.6641	3.0972e+05
376	59354.1075	-28057.5509	737317.1075	3504105.4491	12515188.6641	3.0589e+05
377	59450.1445	-28085.4236	737413.1445	3504077.5764	12515188.6641	3.0212e+05
378	59546.1815	-28113.2964	737509.1815	3504049.7036	12515188.6641	2.9840e+05
379	59642.2185	-28141.1691	737605.2185	3504021.8309	12515188.6641	2.9472e+05
380	59738.2556	-28169.0418	737701.2556	3503993.9582	12515188.6641	2.9109e+05
381	59834.2926	-28196.9145	737797.2926	3503966.0855	12515188.6641	2.8750e+05
382	59930.3296	-28224.7873	737893.3296	3503938.2127	12515188.6641	2.8396e+05
383	60026.3667	-28252.6600	737989.3667	3503910.3400	12515188.6641	2.8047e+05
384	60122.4037	-28280.5327	738085.4037	3503882.4673	12515188.6641	2.7702e+05
385	60218.4407	-28308.4055	738181.4407	3503854.5945	12515188.6641	2.7361e+05
386	60314.4778	-28336.2782	738277.4778	3503826.7218	12515188.6641	2.7024e+05
387	60410.5148	-28364.1509	738373.5148	3503798.8491	12515188.6641	2.6692e+05
388	60506.5518	-28392.0237	738469.5518	3503770.9763	12515188.6641	2.6364e+05
389	60602.5888	-28419.8964	738565.5888	3503743.1036	12515188.6641	2.6040e+05
390	60698.6259	-28447.7691	738661.6259	3503715.2309	12515188.6641	2.5721e+05
391	60794.6629	-28475.6418	738757.6629	3503687.3582	12515188.6641	2.5405e+05
392	60890.6999	-28503.5146	738853.6999	3503659.4854	12515188.6641	2.5093e+05
393	60986.7370	-28531.3873	738949.7370	3503631.6127	12515188.6641	2.4785e+05
394	61082.7740	-28559.2600	739045.7740	3503603.7400	12515188.6641	2.4481e+05
395	61178.8110	-28587.1328	739141.8110	3503575.8672	12515188.6641	2.4181e+05
396	61274.8480	-28615.0055	739237.8480	3503547.9945	12515188.6641	2.3884e+05
397	61370.8851	-28642.8782	739333.8851	3503520.1218	12515188.6641	2.3592e+05
398	61466.9221	-28670.7509	739429.9221	3503492.2491	12515188.6641	2.3303e+05
399	61562.9591	-28698.6237	739525.9591	3503464.3763	12515188.6641	2.3017e+05
400	61658.9962	-28726.4964	739621.9962	3503436.5036	12515188.6641	2.2735e+05
401	61755.0332	-28754.3691	739718.0332	3503408.6309	12515188.6641	2.2457e+05
402	61851.0702	-28782.2419	739814.0702	3503380.7581	12515188.6641	2.2182e+05
403	61947.1072	-28810.1146	739910.1072	3503352.8854	12515188.6641	2.1911e+05
404	62043.1443	-28837.9873	740006.1443	3503325.0127	12515188.6641	2.1643e+05
405	62139.1813	-28865.8601	740102.1813	3503297.1399	12515188.6641	2.1379e+05
406	62235.2183	-28893.7328	740198.2183	3503269.2672	12515188.6641	2.1117e+05
407	62331.2554	-28921.6055	740294.2554	3503241.3945	12515188.6641	2.0859e+05
408	62427.2924	-28949.4782	740390.2924	3503213.5218	12515188.6641	2.0604e+05
409	62523.3294	-28977.3510	740486.3294	3503185.6490	12515188.6641	2.0353e+05
410	62619.3664	-29005.2237	740582.3664	3503157.7763	12515188.6641	2.0104e+05
411	62715.4035	-29033.0964	740678.4035	3503129.9036	12515188.6641	1.9859e+05
412	62811.4405	-29060.9692	740774.4405	3503102.0308	12515188.6641	1.9617e+05
413	62907.4775	-29088.8419	740870.4775	3503074.1581	12515188.6641	1.9378e+05
414	63003.5146	-29116.7146	740966.5146	3503046.2854	12515188.6641	1.9141e+05
415	63099.5516	-29144.5873	741062.5516	3503018.4127	12515188.6641	1.8908e+05
416	63195.5886	-29172.4601	741158.5886	3502990.5399	12515188.6641	1.8678e+05
417	63291.6257	-29200.3328	741254.6257	3502962.6672	12515188.6641	1.8450e+05
418	63387.6627	-29228.2055	741350.6627	3502934.7945	12515188.6641	1.8225e+05
419	63483.6997	-29256.0783	741446.6997	3502906.9217	12515188.6641	1.8004e+05
420	63579.7367	-29283.9510	741542.7367	3502879.0490	12515188.6641	1.7785e+05
421	63675.7738	-29311.8237	741638.7738	3502851.1763	12515188.6641	1.7568e+05
422	63771.8108	-29339.6965	741734.8108	3502823.3035	12515188.6641	1.7354e+05
423	63867.8478	-29367.5692	741830.8478	3502795.4308	12515188.6641	1.7143e+05
424	63963.8849	-29395.4419	741926.8849	3502767.5581	12515188.6641	1.6935e+05
425	64059.9219	-29423.3146	742022.9219	3502739.6854	12515188.6641	1.6729e+05
426	64155.9589	-29451.1874	742118.9589	3502711.8126	12515188.6641	1.6526e+05
427	64251.9959	-29479.0601	742214.9959	3502683.9399	12515188.6641	1.6325e+05
428	64348.0330	-29506.9328	742311.0330	3502656.0672	12515188.6641	1.6127e+05
429	64444.0700	-29534.8056	742407.0700	3502628.1944	12515188.6641	1.5931e+05
430	64540.1070	-29562.6783	742503.1070	3502600.3217	12515188.6641	1.5738e+05
431	64636.1441	-29590.5510	742599.1441	3502572.4490	12515188.6641	1.5547e+05
432	64732.1811	-29618.4237	742695.1811	3502544.5763	12515188.6641	1.5358e+05
433	64828.2181	-29646.2965	742791.2181	3502516.7035	12515188.6641	1.5172e+05
434	64924.2551	-29674.1692	742887.2551	3502488.8308	12515188.6641	1.4988e+05
435	65020.2922	-29702.0419	742983.2922	3502460.9581	12515188.6641	1.4807e+05
436	65116.3292	-29729.9147	743079.3292	3502433.0853	12515188.6641	1.4627e+05
437	65212.3662	-29757.7874	743175.3662	3502405.2126	12515188.6641	1.4450e+05
438	65308.4033	-29785.6601	743271.4033	3502377.3399	12515188.6641	1.4275e+05
439	65404.4403	-29813.5329	743367.4403	3502349.4671	12515188.6641	1.4102e+05
440	65500.4773	-29841.4056	743463.4773	3502321.5944	12515188.6641	1.3932e+05
441	65596.5143	-29869.2783	743559.5143	3502293.7217	12515188.6641	1.3763e+05
442	65692.5514	-29897.1510	743655.5514	3502265.8490	12515188.6641	1.3597e+05
443	65788.5884	-29925.0238	743751.5884	3502237.9762	12515188.6641	1.3432e+05
444	65884.6254	-29952.8965	743847.6254	3502210.1035	12515188.6641	1.3270e+05
445	65980.6625	-29980.7692	743943.6625	3502182.2308	12515188.6641	1.3110e+05
446	66076.6995	-30008.6420	744039.6995	3502154.3580	12515188.6641	1.2951e+05
447	66172.7365	-30036.5147	744135.7365	3502126.4853	12515188.6641	1.2795e+05
448	66268.7736	-30064.3874	744231.7736	3502098.6126	12515188.6641	1.2640e+05
449	66364.8106	-30092.2601	744327.8106	3502070.7399	12515188.6641	1.2488e+05
450	66460.8476	-30120.1329	744423.8476	3502042.8671	12515188.6641	1.2337e+05
451	66556.8846	-30148.0056	744519.8846	3502014.9944	12515188.6641	1.2188e+05
452	66652.9217	-30175.8783	744615.9217	3501987.1217	12515188.6641	1.2041e+05
453	66748.9587	-30203.7511	744711.9587	3501959.2489	12515188.6641	1.1896e+05
454	66844.9957	-30231.6238	744807.9957	3501931.3762	12515188.6641	1.1753e+05
455	66941.0328	-30259.4965	744904.0328	3501903.5035	12515188.6641	1.1611e+05
456	67037.0698	-30287.3693	745000.0698	3501875.6307	12515188.6641	1.1471e+05
457	67133.1068	-30315.2420	745096.1068	3501847.7580	12515188.6641	1.1333e+05
458	67229.1438	-30343.1147	745192.1438	3501819.8853	12515188.6641	1.1196e+05
459	67325.1809	-30370.9874	745288.1809	3501792.0126	12515188.6641	1.1062e+05
460	67421.2179	-30398.8602	745384.2179	3501764.1398	12515188.6641	1.0928e+05
461	67517.2549	-30426.7329	745480.2549	3501736.2671	12515188.6641	1.0797e+05
462	67613.2920	-30454.6056	745576.2920	3501708.3944	12515188.6641	1.0667e+05
463	67709.3290	-30482.4784	745672.3290	3501680.5216	12515188.6641	1.0539e+05
464	67805.3660	-30510.3511	745768.3660	3501652.6489	12515188.6641	1.0412e+05
465	67901.4030	-30538.2238	745864.4030	3501624.7762	12515188.6641	1.0287e+05
466	67997.4401	-30566.0965	745960.4401	3501596.9035	12515188.6641	1.0163e+05
467	68093.4771	-30593.9693	746056.4771	3501569.0307	12515188.6641	1.0041e+05
468	68189.5141	-30621.8420	746152.5141	3501541.1580	12515188.6641	9.9206e+04
469	68285.5512	-30649.7147	746248.5512	3501513.2853	12515188.6641	9.8015e+04
470	68381.5882	-30677.5875	746344.5882	3501485.4125	12515188.6641	9.6838e+04
471	68477.6252	-30705.4602	746440.6252	3501457.5398	12515188.6641	9.5676e+04
472	68573.6623	-30733.3329	746536.6623	3501429.6671	12515188.6641	9.4528e+04
473	68669.6993	-30761.2057	746632.6993	3501401.7943	12515188.6641	9.3394e+04
474	68765.7363	-30789.0784	746728.7363	3501373.9216	12515188.6641	9.2274e+04
475	68861.7733	-30816.9511	746824.7733	3501346.0489	12515188.6641	9.1168e+04
476	68957.8104	-30844.8238	746920.8104	3501318.1762	12515188.6641	9.0075e+04
477	69053.8474	-30872.6966	747016.8474	3501290.3034	12515188.6641	8.8996e+04
478	69149.8844	-30900.5693	747112.8844	3501262.4307	12515188.6641	8.7930e+04
479	69245.9215	-30928.4420	747208.9215	3501234.5580	12515188.6641	8.6877e+04
480	69341.9585	-30956.3148	747304.9585	3501206.6852	12515188.6641	8.5837e+04
481	69437.9955	-30984.1875	747400.9955	3501178.8125	12515188.6641	8.4809e+04
482	69534.0325	-31012.0602	747497.0325	3501150.9398	12515188.6641	8.3794e+04
483	69630.0696	-31039.9329	747593.0696	3501123.0671	12515188.6641	8.2792e+04
484	69726.1066	-31067.8057	747689.1066	3501095.1943	12515188.6641	8.1801e+04
485	69822.1436	-31095.6784	747785.1436	3501067.3216	12515188.6641	8.0823e+04
486	69918.1807	-31123.5511	747881.1807	3501039.4489	12515188.6641	7.9857e+04
487	70014.2177	-31151.4239	747977.2177	3501011.5761	12515188.6641	7.8902e+04
488	70110.2547	-31179.2966	748073.2547	3500983.7034	12515188.6641	7.7959e+04
489	70206.2917	-31207.1693	748169.2917	3500955.8307	12515188.6641	7.7028e+04
490	70302.3288	-31235.0421	748265.3288	3500927.9579	12515188.6641	7.6108e+04
491	70398.3658	-31262.9148	748361.3658	3500900.0852	12515188.6641	7.5199e+04
492	70494.4028	-31290.7875	748457.4028	3500872.2125	12515188.6641	7.4301e+04
493	70590.4399	-31318.6602	748553.4399	3500844.3398	12515188.6641	7.3415e+04
494	70686.4769	-31346.5330	748649.4769	3500816.4670	12515188.6641	7.2539e+04
495	70782.5139	-31374.4057	748745.5139	3500788.5943	12515188.6641	7.1673e+04
496	70878.5509	-31402.2784	748841.5509	3500760.7216	12515188.6641	7.0819e+04
497	70974.5880	-31430.1512	748937.5880	3500732.8488	12515188.6641	6.9974e+04
498	71070.6250	-31458.0239	749033.6250	3500704.9761	12515188.6641	6.9140e+04
499	71166.6620	-31485.8966	749129.6620	3500677.1034	12515188.6641	6.8316e+04
500	71262.6991	-31513.7693	749225.6991	3500649.2307	12515188.6641	6.7502e+04
501	71358.7361	-31541.6421	749321.7361	3500621.3579	12515188.6641	6.6698e+04
502	71454.7731	-31569.5148	749417.7731	3500593.4852	12515188.6641	6.5904e+04
503	71550.8102	-31597.3875	749513.8102	3500565.6125	12515188.6641	6.5119e+04
504	71646.8472	-31625.2603	749609.8472	3500537.7397	12515188.6641	6.4344e+04
505	71742.8842	-31653.1330	749705.8842	3500509.8670	12515188.6641	6.3578e+04
506	71838.9212	-31681.0057	749801.9212	3500481.9943	12515188.6641	6.2822e+04
507	71934.9583	-31708.8785	749897.9583	3500454.1215	12515188.6641	6.2074e+04
508	72030.9953	-31736.7512	749993.9953	3500426.2488	12515188.6641	6.1336e+04
509	72127.0323	-31764.6239	750090.0323	3500398.3761	12515188.6641	6.0607e+04
510	72223.0694	-31792.4966	750186.0694	3500370.5034	12515188.6641	5.9886e+04
511	72319.1064	-31820.3694	750282.1064	3500342.6306	12515188.6641	5.9175e+04
512	72415.1434	-31848.2421	750378.1434	3500314.7579	12515188.6641	5.8472e+04
513	72511.1804	-31876.1148	750474.1804	3500286.8852	12515188.6641	5.7777e+04
514	72607.2175	-31903.9876	750570.2175	3500259.0124	12515188.6641	5.7091e+04
515	72703.2545	-31931.8603	750666.2545	3500231.1397	12515188.6641	5.6413e+04
516	72799.2915	-31959.7330	750762.2915	3500203.2670	12515188.6641	5.5744e+04
517	72895.3286	-31987.6057	750858.3286	3500175.3943	12515188.6641	5.5082e+04
518	72991.3656	-32015.4785	750954.3656	3500147.5215	12515188.6641	5.4428e+04
519	73087.4026	-32043.3512	751050.4026	3500119.6488	12515188.6641	5.3783e+04
520	73183.4396	-32071.2239	751146.4396	3500091.7761	12515188.6641	5.3145e+04
521	73279.4767	-32099.0967	751242.4767	3500063.9033	12515188.6641	5.2515e+04
522	73375.5137	-32126.9694	751338.5137	3500036.0306	12515188.6641	5.1892e+04
523	73471.5507	-32154.8421	751434.5507	3500008.1579	12515188.6641	5.1277e+04
524	73567.5878	-32182.7149	751530.5878	3499980.2851	12515188.6641	5.0670e+04
525	73663.6248	-32210.5876	751626.6248	3499952.4124	12515188.6641	5.0070e+04
526	73759.6618	-32238.4603	751722.6618	3499924.5397	12515188.6641	4.9477e+04
527	73855.6989	-32266.3330	751818.6989	3499896.6670	12515188.6641	4.8891e+04
528	73951.7359	-32294.2058	751914.7359	3499868.7942	12515188.6641	4.8312e+04
529	74047.7729	-32322.0785	752010.7729	3499840.9215	12515188.6641	4.7740e+04
530	74143.8099	-32349.9512	752106.8099	3499813.0488	12515188.6641	4.7175e+04
531	74239.8470	-32377.8240	752202.8470	3499785.1760	12515188.6641	4.6617e+04
532	74335.8840	-32405.6967	752298.8840	3499757.3033	12515188.6641	4.6066e+04
533	74431.9210	-32433.5694	752394.9210	3499729.4306	12515188.6641	4.5521e+04
534	74527.9581	-32461.4421	752490.9581	3499701.5579	12515188.6641	4.4983e+04
535	74623.9951	-32489.3149	752586.9951	3499673.6851	12515188.6641	4.4451e+04
536	74720.0321	-32517.1876	752683.0321	3499645.8124	12515188.6641	4.3926e+04
537	74816.0691	-32545.0603	752779.0691	3499617.9397	12515188.6641	4.3407e+04
538	74912.1062	-32572.9331	752875.1062	3499590.0669	12515188.6641	4.2894e+04
539	75008.1432	-32600.8058	752971.1432	3499562.1942	12515188.6641	4.2388e+04
540	75104.1802	-32628.6785	753067.1802	3499534.3215	12515188.6641	4.1887e+04
541	75200.2173	-32656.5513	753163.2173	3499506.4487	12515188.6641	4.1393e+04
542	75296.2543	-32684.4240	753259.2543	3499478.5760	12515188.6641	4.0904e+04
543	75392.2913	-32712.2967	753355.2913	3499450.7033	12515188.6641	4.0422e+04
544	75488.3283	-32740.1694	753451.3283	3499422.8306	12515188.6641	3.9945e+04
545	75584.3654	-32768.0422	753547.3654	3499394.9578	12515188.6641	3.9474e+04
546	75680.4024	-32795.9149	753643.4024	3499367.0851	12515188.6641	3.9008e+04
547	75776.4394	-32823.7876	753739.4394	3499339.2124	12515188.6641	3.8549e+04
548	75872.4765	-32851.6604	753835.4765	3499311.3396	12515188.6641	3.8094e+04
549	75968.5135	-32879.5331	753931.5135	3499283.4669	12515188.6641	3.7645e+04
550	76064.5505	-32907.4058	754027.5505	3499255.5942	12515188.6641	3.7202e+04
551	76160.5875	-32935.2785	754123.5875	3499227.7215	12515188.6641	3.6764e+04
552	76256.6246	-32963.1513	754219.6246	3499199.8487	12515188.6641	3.6331e+04
553	76352.6616	-32991.0240	754315.6616	3499171.9760	12515188.6641	3.5903e+04
554	76448.6986	-33018.8967	754411.6986	3499144.1033	12515188.6641	3.5480e+04
555	76544.7357	-33046.7695	754507.7357	3499116.2305	12515188.6641	3.5063e+04
556	76640.7727	-33074.6422	754603.7727	3499088.3578	12515188.6641	3.4650e+04
557	76736.8097	-33102.5149	754699.8097	3499060.4851	12515188.6641	3.4243e+04
558	76832.8468	-33130.3877	754795.8468	3499032.6123	12515188.6641	3.3840e+04
559	76928.8838	-33158.2604	754891.8838	3499004.7396	12515188.6641	3.3442e+04
560	77024.9208	-33186.1331	754987.9208	3498976.8669	12515188.6641	3.3049e+04
561	77120.9578	-33214.0058	755083.9578	3498948.9942	12515188.6641	3.2660e+04
562	77216.9949	-33241.8786	755179.9949	3498921.1214	12515188.6641	3.2276e+04
563	77313.0319	-33269.7513	755276.0319	3498893.2487	12515188.6641	3.1897e+04
564	77409.0689	-33297.6240	755372.0689	3498865.3760	12515188.6641	3.1523e+04
565	77505.1060	-33325.4968	755468.1060	3498837.5032	12515188.6641	3.1152e+04
566	77601.1430	-33353.3695	755564.1430	3498809.6305	12515188.6641	3.0786e+04
567	77697.1800	-33381.2422	755660.1800	3498781.7578	12515188.6641	3.0425e+04
568	77793.2170	-33409.1149	755756.2170	3498753.8851	12515188.6641	3.0068e+04
569	77889.2541	-33436.9877	755852.2541	3498726.0123	12515188.6641	2.9715e+04
570	77985.2911	-33464.8604	755948.2911	3498698.1396	12515188.6641	2.9366e+04
571	78081.3281	-33492.7331	756044.3281	3498670.2669	12515188.6641	2.9022e+04
572	78177.3652	-33520.6059	756140.3652	3498642.3941	12515188.6641	2.8682e+04
573	78273.4022	-33548.4786	756236.4022	3498614.5214	12515188.6641	2.8345e+04
574	78369.4392	-33576.3513	756332.4392	3498586.6487	12515188.6641	2.8013e+04
575	78465.4762	-33604.2241	756428.4762	3498558.7759	12515188.6641	2.7685e+04
576	78561.5133	-33632.0968	756524.5133	3498530.9032	12515188.6641	2.7360e+04
577	78657.5503	-33659.9695	756620.5503	3498503.0305	12515188.6641	2.7040e+04
578	78753.5873	-33687.8422	756716.5873	3498475.1578	12515188.6641	2.6723e+04
579	78849.6244	-33715.7150	756812.6244	3498447.2850	12515188.6641	2.6410e+04
580	78945.6614	-33743.5877	756908.6614	3498419.4123	12515188.6641	2.6101e+04
581	79041.6984	-33771.4604	757004.6984	3498391.5396	12515188.6641	2.5795e+04
582	79137.7354	-33799.3332	757100.7354	3498363.6668	12515188.6641	2.5493e+04
583	79233.7725	-33827.2059	757196.7725	3498335.7941	12515188.6641	2.5195e+04
584	79329.8095	-33855.0786	757292.8095	3498307.9214	12515188.6641	2.4900e+04
585	79425.8465	-33882.9514	757388.8465	3498280.0486	12515188.6641	2.4609e+04
586	79521.8836	-33910.8241	757484.8836	3498252.1759	12515188.6641	2.4321e+04
587	79617.9206	-33938.6968	757580.9206	3498224.3032	12515188.6641	2.4037e+04
588	79713.9576	-33966.5695	757676.9576	3498196.4305	12515188.6641	2.3756e+04
589	79809.9947	-33994.4423	757772.9947	3498168.5577	12515188.6641	2.3478e+04
590	79906.0317	-34022.3150	757869.0317	3498140.6850	12515188.6641	2.3204e+04
591	80002.0687	-34050.1877	757965.0687	3498112.8123	12515188.6641	2.2932e+04
592	80098.1057	-34078.0605	758061.1057	3498084.9395	12515188.6641	2.2665e+04
593	80194.1428	-34105.9332	758157.1428	3498057.0668	12515188.6641	2.2400e+04
594	80290.1798	-34133.8059	758253.1798	3498029.1941	12515188.6641	2.2138e+04
595	80386.2168	-34161.6786	758349.2168	3498001.3214	12515188.6641	2.1880e+04
596	80482.2539	-34189.5514	758445.2539	3497973.4486	12515188.6641	2.1624e+04
597	80578.2909	-34217.4241	758541.2909	3497945.5759	12515188.6641	2.1372e+04
598	80674.3279	-34245.2968	758637.3279	3497917.7032	12515188.6641	2.1123e+04
599	80770.3649	-34273.1696	758733.3649	3497889.8304	12515188.6641	2.0876e+04
600	80866.4020	-34301.0423	758829.4020	3497861.9577	12515188.6641	2.0633e+04
601	80962.4390	-34328.9150	758925.4390	3497834.0850	12515188.6641	2.0392e+04
602	81058.4760	-34356.7878	759021.4760	3497806.2122	12515188.6641	2.0154e+04
603	81154.5131	-34384.6605	759117.5131	3497778.3395	12515188.6641	1.9919e+04
604	81250.5501	-34412.5332	759213.5501	3497750.4668	12515188.6641	1.9687e+04
605	81346.5871	-34440.4059	759309.5871	3497722.5941	12515188.6641	1.9458e+04
606	81442.6241	-34468.2787	759405.6241	3497694.7213	12515188.6641	1.9231e+04
607	81538.6612	-34496.1514	759501.6612	3497666.8486	12515188.6641	1.9007e+04
608	81634.6982	-34524.0241	759597.6982	3497638.9759	12515188.6641	1.8786e+04
609	81730.7352	-34551.8969	759693.7352	3497611.1031	12515188.6641	1.8567e+04
610	81826.7723	-34579.7696	759789.7723	3497583.2304	12515188.6641	1.8351e+04
611	81922.8093	-34607.6423	759885.8093	3497555.3577	12515188.6641	1.8137e+04
612	82018.8463	-34635.5150	759981.8463	3497527.4850	12515188.6641	1.7926e+04
613	82114.8834	-34663.3878	760077.8834	3497499.6122	12515188.6641	1.7717e+04
614	82210.9204	-34691.2605	760173.9204	3497471.7395	12515188.6641	1.7511e+04
615	82306.9574	-34719.1332	760269.9574	3497443.8668	12515188.6641	1.7308e+04
616	82402.9944	-34747.0060	760365.9944	3497415.9940	12515188.6641	1.7106e+04
617	82499.0315	-34774.8787	760462.0315	3497388.1213	12515188.6641	1.6907e+04
618	82595.0685	-34802.7514	760558.0685	3497360.2486	12515188.6641	1.6711e+04
619	82691.1055	-34830.6242	760654.1055	3497332.3758	12515188.6641	1.6517e+04
620	82787.1426	-34858.4969	760750.1426	3497304.5031	12515188.6641	1.6325e+04
621	82883.1796	-34886.3696	760846.1796	3497276.6304	12515188.6641	1.6135e+04
622	82979.2166	-34914.2423	760942.2166	3497248.7577	12515188.6641	1.5947e+04
623	83075.2536	-34942.1151	761038.2536	3497220.8849	12515188.6641	1.5762e+04
624	83171.2907	-34969.9878	761134.2907	3497193.0122	12515188.6641	1.5579e+04
625	83267.3277	-34997.8605	761230.3277	3497165.1395	12515188.6641	1.5398e+04
626	83363.3647	-35025.7333	761326.3647	3497137.2667	12515188.6641	1.5219e+04
627	83459.4018	-35053.6060	761422.4018	3497109.3940	12515188.6641	1.5043e+04
628	83555.4388	-35081.4787	761518.4388	3497081.5213	12515188.6641	1.4868e+04
629	83651.4758	-35109.3514	761614.4758	3497053.6486	12515188.6641	1.4696e+04
630	83747.5128	-35137.2242	761710.5128	3497025.7758	12515188.6641	1.4525e+04
631	83843.5499	-35165.0969	761806.5499	3496997.9031	12515188.6641	1.4357e+04
632	83939.5869	-35192.9696	761902.5869	3496970.0304	12515188.6641	1.4190e+04
633	84035.6239	-35220.8424	761998.6239	3496942.1576	12515188.6641	1.4026e+04
634	84131.6610	-35248.7151	762094.6610	3496914.2849	12515188.6641	1.3863e+04
635	84227.6980	-35276.5878	762190.6980	3496886.4122	12515188.6641	1.3702e+04
636	84323.7350	-35304.4606	762286.7350	3496858.5394	12515188.6641	1.3544e+04
637	84419.7720	-35332.3333	762382.7720	3496830.6667	12515188.6641	1.3387e+04
638	84515.8091	-35360.2060	762478.8091	3496802.7940	12515188.6641	1.3232e+04
639	84611.8461	-35388.0787	762574.8461	3496774.9213	12515188.6641	1.3078e+04
640	84707.8831	-35415.9515	762670.8831	3496747.0485	12515188.6641	1.2927e+04
641	84803.9202	-35443.8242	762766.9202	3496719.1758	12515188.6641	1.2777e+04
642	84899.9572	-35471.6969	762862.9572	3496691.3031	12515188.6641	1.2629e+04
643	84995.9942	-35499.5697	762958.9942	3496663.4303	12515188.6641	1.2483e+04
644	85092.0313	-35527.4424	763055.0313	3496635.5576	12515188.6641	1.2339e+04
645	85188.0683	-35555.3151	763151.0683	3496607.6849	12515188.6641	1.2196e+04
646	85284.1053	-35583.1878	763247.1053	3496579.8122	12515188.6641	1.2055e+04
647	85380.1423	-35611.0606	763343.1423	3496551.9394	12515188.6641	1.1915e+04
648	85476.1794	-35638.9333	763439.1794	3496524.0667	12515188.6641	1.1777e+04
649	85572.2164	-35666.8060	763535.2164	3496496.1940	12515188.6641	1.1641e+04
650	85668.2534	-35694.6788	763631.2534	3496468.3212	12515188.6641	1.1507e+04
651	85764.2905	-35722.5515	763727.2905	3496440.4485	12515188.6641	1.1374e+04
652	85860.3275	-35750.4242	763823.3275	3496412.5758	12515188.6641	1.1242e+04
653	85956.3645	-35778.2970	763919.3645	3496384.7030	12515188.6641	1.1112e+04
654	86052.4015	-35806.1697	764015.4015	3496356.8303	12515188.6641	1.0984e+04
655	86148.4386	-35834.0424	764111.4386	3496328.9576	12515188.6641	1.0857e+04
656	86244.4756	-35861.9151	764207.4756	3496301.0849	12515188.6641	1.0732e+04
657	86340.5126	-35889.7879	764303.5126	3496273.2121	12515188.6641	1.0608e+04
658	86436.5497	-35917.6606	764399.5497	3496245.3394	12515188.6641	1.0485e+04
659	86532.5867	-35945.5333	764495.5867	3496217.4667	12515188.6641	1.0364e+04
660	86628.6237	-35973.4061	764591.6237	3496189.5939	12515188.6641	1.0244e+04
661	86724.6607	-36001.2788	764687.6607	3496161.7212	12515188.6641	1.0126e+04
662	86820.6978	-36029.1515	764783.6978	3496133.8485	12515188.6641	1.0009e+04
663	86916.7348	-36057.0242	764879.7348	3496105.9758	12515188.6641	9.8939e+03
664	87012.7718	-36084.8970	764975.7718	3496078.1030	12515188.6641	9.7798e+03
665	87108.8089	-36112.7697	765071.8089	3496050.2303	12515188.6641	9.6670e+03
666	87204.8459	-36140.6424	765167.8459	3496022.3576	12515188.6641	9.5555e+03
667	87300.8829	-36168.5152	765263.8829	3495994.4848	12515188.6641	9.4453e+03
668	87396.9200	-36196.3879	765359.9200	3495966.6121	12515188.6641	9.3364e+03
669	87492.9570	-36224.2606	765455.9570	3495938.7394	12515188.6641	9.2288e+03
670	87588.9940	-36252.1334	765551.9940	3495910.8666	12515188.6641	9.1225e+03
671	87685.0310	-36280.0061	765648.0310	3495882.9939	12515188.6641	9.0173e+03
672	87781.0681	-36307.8788	765744.0681	3495855.1212	12515188.6641	8.9135e+03
673	87877.1051	-36335.7515	765840.1051	3495827.2485	12515188.6641	8.8108e+03
674	87973.1421	-36363.6243	765936.1421	3495799.3757	12515188.6641	8.7093e+03
675	88069.1792	-36391.4970	766032.1792	3495771.5030	12515188.6641	8.6090e+03
676	88165.2162	-36419.3697	766128.2162	3495743.6303	12515188.6641	8.5099e+03
677	88261.2532	-36447.2425	766224.2532	3495715.7575	12515188.6641	8.4119e+03
678	88357.2902	-36475.1152	766320.2902	3495687.8848	12515188.6641	8.3151e+03
679	88453.3273	-36502.9879	766416.3273	3495660.0121	12515188.6641	8.2194e+03
680	88549.3643	-36530.8606	766512.3643	3495632.1394	12515188.6641	8.1248e+03
681	88645.4013	-36558.7334	766608.4013	3495604.2666	12515188.6641	8.0314e+03
682	88741.4384	-36586.6061	766704.4384	3495576.3939	12515188.6641	7.9390e+03
683	88837.4754	-36614.4788	766800.4754	3495548.5212	12515188.6641	7.8477e+03
684	88933.5124	-36642.3516	766896.5124	3495520.6484	12515188.6641	7.7574e+03
685	89029.5494	-36670.2243	766992.5494	3495492.7757	12515188.6641	7.6682e+03
686	89125.5865	-36698.0970	767088.5865	3495464.9030	12515188.6641	7.5801e+03
687	89221.6235	-36725.9698	767184.6235	3495437.0302	12515188.6641	7.4930e+03
688	89317.6605	-36753.8425	767280.6605	3495409.1575	12515188.6641	7.4069e+03
689	89413.6976	-36781.7152	767376.6976	3495381.2848	12515188.6641	7.3217e+03
690	89509.7346	-36809.5879	767472.7346	3495353.4121	12515188.6641	7.2376e+03
691	89605.7716	-36837.4607	767568.7716	3495325.5393	12515188.6641	7.1545e+03
692	89701.8086	-36865.3334	767664.8086	3495297.6666	12515188.6641	7.0723e+03
693	89797.8457	-36893.2061	767760.8457	3495269.7939	12515188.6641	6.9911e+03
694	89893.8827	-36921.0789	767856.8827	3495241.9211	12515188.6641	6.9108e+03
695	89989.9197	-36948.9516	767952.9197	3495214.0484	12515188.6641	6.8315e+03
696	90085.9568	-36976.8243	768048.9568	3495186.1757	12515188.6641	6.7531e+03
697	90181.9938	-37004.6970	768144.9938	3495158.3030	12515188.6641	6.6756e+03
698	90278.0308	-37032.5698	768241.0308	3495130.4302	12515188.6641	6.5990e+03
699	90374.0679	-37060.4425	768337.0679	3495102.5575	12515188.6641	6.5233e+03
700	90470.1049	-37088.3152	768433.1049	3495074.6848	12515188.6641	6.4484e+03
701	90566.1419	-37116.1880	768529.1419	3495046.8120	12515188.6641	6.3745e+03
702	90662.1789	-37144.0607	768625.1789	3495018.9393	12515188.6641	6.3014e+03
703	90758.2160	-37171.9334	768721.2160	3494991.0666	12515188.6641	6.2291e+03
704	90854.2530	-37199.8062	768817.2530	3494963.1938	12515188.6641	6.1577e+03
705	90950.2900	-37227.6789	768913.2900	3494935.3211	12515188.6641	6.0871e+03
706	91046.3271	-37255.5516	769009.3271	3494907.4484	12515188.6641	6.0173e+03
707	91142.3641	-37283.4243	769105.3641	3494879.5757	12515188.6641	5.9484e+03
708	91238.4011	-37311.2971	769201.4011	3494851.7029	12515188.6641	5.8802e+03
709	91334.4381	-37339.1698	769297.4381	3494823.8302	12515188.6641	5.8129e+03
710	91430.4752	-37367.0425	769393.4752	3494795.9575	12515188.6641	5.7463e+03
711	91526.5122	-37394.9153	769489.5122	3494768.0847	12515188.6641	5.6805e+03
712	91622.5492	-37422.7880	769585.5492	3494740.2120	12515188.6641	5.6154e+03
713	91718.5863	-37450.6607	769681.5863	3494712.3393	12515188.6641	5.5511e+03
714	91814.6233	-37478.5334	769777.6233	3494684.4666	12515188.6641	5.4876e+03
715	91910.6603	-37506.4062	769873.6603	3494656.5938	12515188.6641	5.4247e+03
716	92006.6973	-37534.2789	769969.6973	3494628.7211	12515188.6641	5.3627e+03
717	92102.7344	-37562.1516	770065.7344	3494600.8484	12515188.6641	5.3013e+03
718	92198.7714	-37590.0244	770161.7714	3494572.9756	12515188.6641	5.2406e+03
719	92294.8084	-37617.8971	770257.8084	3494545.1029	12515188.6641	5.1807e+03
720	92390.8455	-37645.7698	770353.8455	3494517.2302	12515188.6641	5.1214e+03
721	92486.8825	-37673.6426	770449.8825	3494489.3574	12515188.6641	5.0628e+03
722	92582.9195	-37701.5153	770545.9195	3494461.4847	12515188.6641	5.0049e+03
723	92678.9565	-37729.3880	770641.9565	3494433.6120	12515188.6641	4.9477e+03
724	92774.9936	-37757.2607	770737.9936	3494405.7393	12515188.6641	4.8912e+03
725	92871.0306	-37785.1335	770834.0306	3494377.8665	12515188.6641	4.8353e+03
726	92967.0676	-37813.0062	770930.0676	3494349.9938	12515188.6641	4.7800e+03
727	93063.1047	-37840.8789	771026.1047	3494322.1211	12515188.6641	4.7254e+03
728	93159.1417	-37868.7517	771122.1417	3494294.2483	12515188.6641	4.6714e+03
729	93255.1787	-37896.6244	771218.1787	3494266.3756	12515188.6641	4.6180e+03
730	93351.2158	-37924.4971	771314.2158	3494238.5029	12515188.6641	4.5653e+03
731	93447.2528	-37952.3698	771410.2528	3494210.6302	12515188.6641	4.5131e+03
732	93543.2898	-37980.2426	771506.2898	3494182.7574	12515188.6641	4.4616e+03
733	93639.3268	-38008.1153	771602.3268	3494154.8847	12515188.6641	4.4106e+03
734	93735.3639	-38035.9880	771698.3639	3494127.0120	12515188.6641	4.3603e+03
735	93831.4009	-38063.8608	771794.4009	3494099.1392	12515188.6641	4.3105e+03
736	93927.4379	-38091.7335	771890.4379	3494071.2665	12515188.6641	4.2613e+03
737	94023.4750	-38119.6062	771986.4750	3494043.3938	12515188.6641	4.2127e+03
738	94119.5120	-38147.4790	772082.5120	3494015.5210	12515188.6641	4.1646e+03
739	94215.5490	-38175.3517	772178.5490	3493987.6483	12515188.6641	4.1171e+03
740	94311.5860	-38203.2244	772274.5860	3493959.7756	12515188.6641	4.0701e+03
741	94407.6231	-38231.0971	772370.6231	3493931.9029	12515188.6641	4.0237e+03
742	94503.6601	-38258.9699	772466.6601	3493904.0301	12515188.6641	3.9778e+03
743	94599.6971	-38286.8426	772562.6971	3493876.1574	12515188.6641	3.9325e+03
744	94695.7342	-38314.7153	772658.7342	3493848.2847	12515188.6641	3.8876e+03
745	94791.7712	-38342.5881	772754.7712	3493820.4119	12515188.6641	3.8433e+03
746	94887.8082	-38370.4608	772850.8082	3493792.5392	12515188.6641	3.7995e+03
747	94983.8452	-38398.3335	772946.8452	3493764.6665	12515188.6641	3.7562e+03
748	95079.8823	-38426.2062	773042.8823	3493736.7938	12515188.6641	3.7134e+03
749	95175.9193	-38454.0790	773138.9193	3493708.9210	12515188.6641	3.6711e+03
750	95271.9563	-38481.9517	773234.9563	3493681.0483	12515188.6641	3.6293e+03
751	95367.9934	-38509.8244	773330.9934	3493653.1756	12515188.6641	3.5880e+03
752	95464.0304	-38537.6972	773427.0304	3493625.3028	12515188.6641	3.5471e+03
753	95560.0674	-38565.5699	773523.0674	3493597.4301	12515188.6641	3.5067e+03
754	95656.1045	-38593.4426	773619.1045	3493569.5574	12515188.6641	3.4668e+03
755	95752.1415	-38621.3154	773715.1415	3493541.6846	12515188.6641	3.4273e+03
756	95848.1785	-38649.1881	773811.1785	3493513.8119	12515188.6641	3.3883e+03
757	95944.2155	-38677.0608	773907.2155	3493485.9392	12515188.6641	3.3497e+03
758	96040.2526	-38704.9335	774003.2526	3493458.0665	12515188.6641	3.3116e+03
759	96136.2896	-38732.8063	774099.2896	3493430.1937	12515188.6641	3.2739e+03
760	96232.3266	-38760.6790	774195.3266	3493402.3210	12515188.6641	3.2367e+03
761	96328.3637	-38788.5517	774291.3637	3493374.4483	12515188.6641	3.1999e+03
762	96424.4007	-38816.4245	774387.4007	3493346.5755	12515188.6641	3.1635e+03
763	96520.4377	-38844.2972	774483.4377	3493318.7028	12515188.6641	3.1275e+03
764	96616.4747	-38872.1699	774579.4747	3493290.8301	12515188.6641	3.0919e+03
765	96712.5118	-38900.0426	774675.5118	3493262.9574	12515188.6641	3.0568e+03
766	96808.5488	-38927.9154	774771.5488	3493235.0846	12515188.6641	3.0220e+03
767	96904.5858	-38955.7881	774867.5858	3493207.2119	12515188.6641	2.9877e+03
768	97000.6229	-38983.6608	774963.6229	3493179.3392	12515188.6641	2.9537e+03
769	97096.6599	-39011.5336	775059.6599	3493151.4664	12515188.6641	2.9201e+03
770	97192.6969	-39039.4063	775155.6969	3493123.5937	12515188.6641	2.8870e+03
771	97288.7339	-39067.2790	775251.7339	3493095.7210	12515188.6641	2.8542e+03
772	97384.7710	-39095.1518	775347.7710	3493067.8482	12515188.6641	2.8217e+03
773	97480.8080	-39123.0245	775443.8080	3493039.9755	12515188.6641	2.7897e+03
774	97576.8450	-39150.8972	775539.8450	3493012.1028	12515188.6641	2.7580e+03
775	97672.8821	-39178.7699	775635.8821	3492984.2301	12515188.6641	2.7267e+03
776	97768.9191	-39206.6427	775731.9191	3492956.3573	12515188.6641	2.6957e+03
777	97864.9561	-39234.5154	775827.9561	3492928.4846	12515188.6641	2.6651e+03
778	97960.9931	-39262.3881	775923.9931	3492900.6119	12515188.6641	2.6349e+03
779	98057.0302	-39290.2609	776020.0302	3492872.7391	12515188.6641	2.6050e+03
780	98153.0672	-39318.1336	776116.0672	3492844.8664	12515188.6641	2.5754e+03
781	98249.1042	-39346.0063	776212.1042	3492816.9937	12515188.6641	2.5462e+03
782	98345.1413	-39373.8790	776308.1413	3492789.1210	12515188.6641	2.5173e+03
783	98441.1783	-39401.7518	776404.1783	3492761.2482	12515188.6641	2.4887e+03
784	98537.2153	-39429.6245	776500.2153	3492733.3755	12515188.6641	2.4605e+03
785	98633.2524	-39457.4972	776596.2524	3492705.5028	12515188.6641	2.4326e+03
786	98729.2894	-39485.3700	776692.2894	3492677.6300	12515188.6641	2.4050e+03
787	98825.3264	-39513.2427	776788.3264	3492649.7573	12515188.6641	2.3778e+03
788	98921.3634	-39541.1154	776884.3634	3492621.8846	12515188.6641	2.3508e+03
789	99017.4005	-39568.9882	776980.4005	3492594.0118	12515188.6641	2.3242e+03
790	99113.4375	-39596.8609	777076.4375	3492566.1391	12515188.6641	2.2978e+03
791	99209.4745	-39624.7336	777172.4745	3492538.2664	12515188.6641	2.2718e+03
792	99305.5116	-39652.6063	777268.5116	3492510.3937	12515188.6641	2.2460e+03
793	99401.5486	-39680.4791	777364.5486	3492482.5209	12515188.6641	2.2206e+03
794	99497.5856	-39708.3518	777460.5856	3492454.6482	12515188.6641	2.1954e+03
795	99593.6226	-39736.2245	777556.6226	3492426.7755	12515188.6641	2.1706e+03
796	99689.6597	-39764.0973	777652.6597	3492398.9027	12515188.6641	2.1460e+03
797	99785.6967	-39791.9700	777748.6967	3492371.0300	12515188.6641	2.1217e+03
798	99881.7337	-39819.8427	777844.7337	3492343.1573	12515188.6641	2.0976e+03
799	99977.7708	-39847.7154	777940.7708	3492315.2846	12515188.6641	2.0739e+03
800	100073.8078	-39875.5882	778036.8078	3492287.4118	12515188.6641	2.0504e+03
801	100169.8448	-39903.4609	778132.8448	3492259.5391	12515188.6641	2.0272e+03
802	100265.8818	-39931.3336	778228.8818	3492231.6664	12515188.6641	2.0043e+03
803	100361.9189	-39959.2064	778324.9189	3492203.7936	12515188.6641	1.9816e+03
804	100457.9559	-39987.0791	778420.9559	3492175.9209	12515188.6641	1.9592e+03
805	100553.9929	-40014.9518	778516.9929	3492148.0482	12515188.6641	1.9370e+03
806	100650.0300	-40042.8246	778613.0300	3492120.1754	12515188.6641	1.9151e+03
807	100746.0670	-40070.6973	778709.0670	3492092.3027	12515188.6641	1.8934e+03
808	100842.1040	-40098.5700	778805.1040	3492064.4300	12515188.6641	1.8720e+03
809	100938.1410	-40126.4427	778901.1410	3492036.5573	12515188.6641	1.8508e+03
810	101034.1781	-40154.3155	778997.1781	3492008.6845	12515188.6641	1.8299e+03
811	101130.2151	-40182.1882	779093.2151	3491980.8118	12515188.6641	1.8092e+03
812	101226.2521	-40210.0609	779189.2521	3491952.9391	12515188.6641	1.7888e+03
813	101322.2892	-40237.9337	779285.2892	3491925.0663	12515188.6641	1.7685e+03
814	101418.3262	-40265.8064	779381.3262	3491897.1936	12515188.6641	1.7485e+03
815	101514.3632	-40293.6791	779477.3632	3491869.3209	12515188.6641	1.7288e+03
816	101610.4003	-40321.5519	779573.4003	3491841.4481	12515188.6641	1.7092e+03
817	101706.4373	-40349.4246	779669.4373	3491813.5754	12515188.6641	1.6899e+03
818	101802.4743	-40377.2973	779765.4743	3491785.7027	12515188.6641	1.6708e+03
819	101898.5113	-40405.1700	779861.5113	3491757.8300	12515188.6641	1.6520e+03
820	101994.5484	-40433.0428	779957.5484	3491729.9572	12515188.6641	1.6333e+03
821	102090.5854	-40460.9155	780053.5854	3491702.0845	12515188.6641	1.6149e+03
822	102186.6224	-40488.7882	780149.6224	3491674.2118	12515188.6641	1.5966e+03
823	102282.6595	-40516.6610	780245.6595	3491646.3390	12515188.6641	1.5786e+03
824	102378.6965	-40544.5337	780341.6965	3491618.4663	12515188.6641	1.5608e+03
825	102474.7335	-40572.4064	780437.7335	3491590.5936	12515188.6641	1.5432e+03
826	102570.7705	-40600.2791	780533.7705	3491562.7209	12515188.6641	1.5257e+03
827	102666.8076	-40628.1519	780629.8076	3491534.8481	12515188.6641	1.5085e+03
828	102762.8446	-40656.0246	780725.8446	3491506.9754	12515188.6641	1.4915e+03
829	102858.8816	-40683.8973	780821.8816	3491479.1027	12515188.6641	1.4747e+03
830	102954.9187	-40711.7701	780917.9187	3491451.2299	12515188.6641	1.4580e+03
831	103050.9557	-40739.6428	781013.9557	3491423.3572	12515188.6641	1.4416e+03
832	103146.9927	-40767.5155	781109.9927	3491395.4845	12515188.6641	1.4253e+03
833	103243.0297	-40795.3883	781206.0297	3491367.6117	12515188.6641	1.4093e+03
834	103339.0668	-40823.2610	781302.0668	3491339.7390	12515188.6641	1.3934e+03
835	103435.1038	-40851.1337	781398.1038	3491311.8663	12515188.6641	1.3776e+03
836	103531.1408	-40879.0064	781494.1408	3491283.9936	12515188.6641	1.3621e+03
837	103627.1779	-40906.8792	781590.1779	3491256.1208	12515188.6641	1.3468e+03
838	103723.2149	-40934.7519	781686.2149	3491228.2481	12515188.6641	1.3316e+03
839	103819.2519	-40962.6246	781782.2519	3491200.3754	12515188.6641	1.3166e+03
840	103915.2890	-40990.4974	781878.2890	3491172.5026	12515188.6641	1.3017e+03
841	104011.3260	-41018.3701	781974.3260	3491144.6299	12515188.6641	1.2871e+03
842	104107.3630	-41046.2428	782070.3630	3491116.7572	12515188.6641	1.2726e+03
843	104203.4000	-41074.1155	782166.4000	3491088.8845	12515188.6641	1.2582e+03
844	104299.4371	-41101.9883	782262.4371	3491061.0117	12515188.6641	1.2441e+03
845	104395.4741	-41129.8610	782358.4741	3491033.1390	12515188.6641	1.2300e+03
846	104491.5111	-41157.7337	782454.5111	3491005.2663	12515188.6641	1.2162e+03
847	104587.5482	-41185.6065	782550.5482	3490977.3935	12515188.6641	1.2025e+03
848	104683.5852	-41213.4792	782646.5852	3490949.5208	12515188.6641	1.1890e+03
849	104779.6222	-41241.3519	782742.6222	3490921.6481	12515188.6641	1.1756e+03
850	104875.6592	-41269.2247	782838.6592	3490893.7753	12515188.6641	1.1623e+03
851	104971.6963	-41297.0974	782934.6963	3490865.9026	12515188.6641	1.1492e+03
852	105067.7333	-41324.9701	783030.7333	3490838.0299	12515188.6641	1.1363e+03
853	105163.7703	-41352.8428	783126.7703	3490810.1572	12515188.6641	1.1235e+03
854	105259.8074	-41380.7156	783222.8074	3490782.2844	12515188.6641	1.1109e+03
855	105355.8444	-41408.5883	783318.8444	3490754.4117	12515188.6641	1.0984e+03
856	105451.8814	-41436.4610	783414.8814	3490726.5390	12515188.6641	1.0860e+03
857	105547.9184	-41464.3338	783510.9184	3490698.6662	12515188.6641	1.0738e+03
858	105643.9555	-41492.2065	783606.9555	3490670.7935	12515188.6641	1.0617e+03
859	105739.9925	-41520.0792	783702.9925	3490642.9208	12515188.6641	1.0498e+03
860	105836.0295	-41547.9519	783799.0295	3490615.0481	12515188.6641	1.0380e+03
861	105932.0666	-41575.8247	783895.0666	3490587.1753	12515188.6641	1.0263e+03
862	106028.1036	-41603.6974	783991.1036	3490559.3026	12515188.6641	1.0148e+03
863	106124.1406	-41631.5701	784087.1406	3490531.4299	12515188.6641	1.0034e+03
864	106220.1776	-41659.4429	784183.1776	3490503.5571	12515188.6641	9.9208e+02
865	106316.2147	-41687.3156	784279.2147	3490475.6844	12515188.6641	9.8093e+02
866	106412.2517	-41715.1883	784375.2517	3490447.8117	12515188.6641	9.6991e+02
867	106508.2887	-41743.0611	784471.2887	3490419.9389	12515188.6641	9.5901e+02
868	106604.3258	-41770.9338	784567.3258	3490392.0662	12515188.6641	9.4823e+02
869	106700.3628	-41798.8065	784663.3628	3490364.1935	12515188.6641	9.3758e+02
870	106796.3998	-41826.6792	784759.3998	3490336.3208	12515188.6641	9.2704e+02
871	106892.4369	-41854.5520	784855.4369	3490308.4480	12515188.6641	9.1663e+02
872	106988.4739	-41882.4247	784951.4739	3490280.5753	12515188.6641	9.0634e+02
873	107084.5109	-41910.2974	785047.5109	3490252.7026	12515188.6641	8.9616e+02
874	107180.5479	-41938.1702	785143.5479	3490224.8298	12515188.6641	8.8609e+02
875	107276.5850	-41966.0429	785239.5850	3490196.9571	12515188.6641	8.7614e+02
876	107372.6220	-41993.9156	785335.6220	3490169.0844	12515188.6641	8.6631e+02
877	107468.6590	-42021.7883	785431.6590	3490141.2117	12515188.6641	8.5658e+02
878	107564.6961	-42049.6611	785527.6961	3490113.3389	12515188.6641	8.4697e+02
879	107660.7331	-42077.5338	785623.7331	3490085.4662	12515188.6641	8.3746e+02
880	107756.7701	-42105.4065	785719.7701	3490057.5935	12515188.6641	8.2806e+02
881	107852.8071	-42133.2793	785815.8071	3490029.7207	12515188.6641	8.1877e+02
882	107948.8442	-42161.1520	785911.8442	3490001.8480	12515188.6641	8.0958e+02
883	108044.8812	-42189.0247	786007.8812	3489973.9753	12515188.6641	8.0050e+02
884	108140.9182	-42216.8975	786103.9182	3489946.1025	12515188.6641	7.9152e+02
885	108236.9553	-42244.7702	786199.9553	3489918.2298	12515188.6641	7.8264e+02
886	108332.9923	-42272.6429	786295.9923	3489890.3571	12515188.6641	7.7386e+02
887	108429.0293	-42300.5156	786392.0293	3489862.4844	12515188.6641	7.6518e+02
888	108525.0663	-42328.3884	786488.0663	3489834.6116	12515188.6641	7.5660e+02
889	108621.1034	-42356.2611	786584.1034	3489806.7389	12515188.6641	7.4812e+02
890	108717.1404	-42384.1338	786680.1404	3489778.8662	12515188.6641	7.3973e+02
891	108813.1774	-42412.0066	786776.1774	3489750.9934	12515188.6641	7.3144e+02
892	108909.2145	-42439.8793	786872.2145	3489723.1207	12515188.6641	7.2324e+02
893	109005.2515	-42467.7520	786968.2515	3489695.2480	12515188.6641	7.1513e+02
894	109101.2885	-42495.6247	787064.2885	3489667.3753	12515188.6641	7.0712e+02
895	109197.3256	-42523.4975	787160.3256	3489639.5025	12515188.6641	6.9919e+02
896	109293.3626	-42551.3702	787256.3626	3489611.6298	12515188.6641	6.9136e+02
897	109389.3996	-42579.2429	787352.3996	3489583.7571	12515188.6641	6.8361e+02
898	109485.4366	-42607.1157	787448.4366	3489555.8843	12515188.6641	6.7595e+02
899	109581.4737	-42634.9884	787544.4737	3489528.0116	12515188.6641	6.6838e+02
900	109677.5107	-42662.8611	787640.5107	3489500.1389	12515188.6641	6.6089e+02
901	109773.5477	-42690.7339	787736.5477	3489472.2661	12515188.6641	6.5349e+02
902	109869.5848	-42718.6066	787832.5848	3489444.3934	12515188.6641	6.4617e+02
903	109965.6218	-42746.4793	787928.6218	3489416.5207	12515188.6641	6.3894e+02
904	110061.6588	-42774.3520	788024.6588	3489388.6480	12515188.6641	6.3178e+02
905	110157.6958	-42802.2248	788120.6958	3489360.7752	12515188.6641	6.2471e+02
906	110253.7329	-42830.0975	788216.7329	3489332.9025	12515188.6641	6.1772e+02
907	110349.7699	-42857.9702	788312.7699	3489305.0298	12515188.6641	6.1080e+02
908	110445.8069	-42885.8430	788408.8069	3489277.1570	12515188.6641	6.0397e+02
909	110541.8440	-42913.7157	788504.8440	3489249.2843	12515188.6641	5.9721e+02
910	110637.8810	-42941.5884	788600.8810	3489221.4116	12515188.6641	5.9052e+02
911	110733.9180	-42969.4611	788696.9180	3489193.5389	12515188.6641	5.8392e+02
912	110829.9550	-42997.3339	788792.9550	3489165.6661	12515188.6641	5.7738e+02
913	110925.9921	-43025.2066	788888.9921	3489137.7934	12515188.6641	5.7092e+02
914	111022.0291	-43053.0793	788985.0291	3489109.9207	12515188.6641	5.6454e+02
915	111118.0661	-43080.9521	789081.0661	3489082.0479	12515188.6641	5.5822e+02
916	111214.1032	-43108.8248	789177.1032	3489054.1752	12515188.6641	5.5198e+02
917	111310.1402	-43136.6975	789273.1402	3489026.3025	12515188.6641	5.4581e+02
918	111406.1772	-43164.5703	789369.1772	3488998.4297	12515188.6641	5.3970e+02
919	111502.2142	-43192.4430	789465.2142	3488970.5570	12515188.6641	5.3367e+02
920	111598.2513	-43220.3157	789561.2513	3488942.6843	12515188.6641	5.2770e+02
921	111694.2883	-43248.1884	789657.2883	3488914.8116	12515188.6641	5.2180e+02
922	111790.3253	-43276.0612	789753.3253	3488886.9388	12515188.6641	5.1597e+02
923	111886.3624	-43303.9339	789849.3624	3488859.0661	12515188.6641	5.1020e+02
924	111982.3994	-43331.8066	789945.3994	3488831.1934	12515188.6641	5.0450e+02
925	112078.4364	-43359.6794	790041.4364	3488803.3206	12515188.6641	4.9886e+02
926	112174.4735	-43387.5521	790137.4735	3488775.4479	12515188.6641	4.9329e+02
927	112270.5105	-43415.4248	790233.5105	3488747.5752	12515188.6641	4.8778e+02
928	112366.5475	-43443.2975	790329.5475	3488719.7025	12515188.6641	4.8233e+02
929	112462.5845	-43471.1703	790425.5845	3488691.8297	12515188.6641	4.7694e+02
930	112558.6216	-43499.0430	790521.6216	3488663.9570	12515188.6641	4.7161e+02
931	112654.6586	-43526.9157	790617.6586	3488636.0843	12515188.6641	4.6635e+02
932	112750.6956	-43554.7885	790713.6956	3488608.2115	12515188.6641	4.6114e+02
933	112846.7327	-43582.6612	790809.7327	3488580.3388	12515188.6641	4.5599e+02
934	112942.7697	-43610.5339	790905.7697	3488552.4661	12515188.6641	4.5090e+02
935	113038.8067	-43638.4067	791001.8067	3488524.5933	12515188.6641	4.4586e+02
936	113134.8437	-43666.2794	791097.8437	3488496.7206	12515188.6641	4.4089e+02
937	113230.8808	-43694.1521	791193.8808	3488468.8479	12515188.6641	4.3597e+02
938	113326.9178	-43722.0248	791289.9178	3488440.9752	12515188.6641	4.3110e+02
939	113422.9548	-43749.8976	791385.9548	3488413.1024	12515188.6641	4.2629e+02
940	113518.9919	-43777.7703	791481.9919	3488385.2297	12515188.6641	4.2153e+02
941	113615.0289	-43805.6430	791578.0289	3488357.3570	12515188.6641	4.1683e+02
942	113711.0659	-43833.5158	791674.0659	3488329.4842	12515188.6641	4.1218e+02
943	113807.1029	-43861.3885	791770.1029	3488301.6115	12515188.6641	4.0758e+02
944	113903.1400	-43889.2612	791866.1400	3488273.7388	12515188.6641	4.0303e+02
945	113999.1770	-43917.1339	791962.1770	3488245.8661	12515188.6641	3.9853e+02
946	114095.2140	-43945.0067	792058.2140	3488217.9933	12515188.6641	3.9409e+02
947	114191.2511	-43972.8794	792154.2511	3488190.1206	12515188.6641	3.8969e+02
948	114287.2881	-44000.7521	792250.2881	3488162.2479	12515188.6641	3.8535e+02
949	114383.3251	-44028.6249	792346.3251	3488134.3751	12515188.6641	3.8105e+02
950	114479.3621	-44056.4976	792442.3621	3488106.5024	12515188.6641	3.7680e+02
951	114575.3992	-44084.3703	792538.3992	3488078.6297	12515188.6641	3.7260e+02
952	114671.4362	-44112.2431	792634.4362	3488050.7569	12515188.6641	3.6845e+02
953	114767.4732	-44140.1158	792730.4732	3488022.8842	12515188.6641	3.6434e+02
954	114863.5103	-44167.9885	792826.5103	3487995.0115	12515188.6641	3.6028e+02
955	114959.5473	-44195.8612	792922.5473	3487967.1388	12515188.6641	3.5626e+02
956	115055.5843	-44223.7340	793018.5843	3487939.2660	12515188.6641	3.5229e+02
957	115151.6214	-44251.6067	793114.6214	3487911.3933	12515188.6641	3.4837e+02
958	115247.6584	-44279.4794	793210.6584	3487883.5206	12515188.6641	3.4449e+02
959	115343.6954	-44307.3522	793306.6954	3487855.6478	12515188.6641	3.4065e+02
960	115439.7324	-44335.2249	793402.7324	3487827.7751	12515188.6641	3.3685e+02
961	115535.7695	-44363.0976	793498.7695	3487799.9024	12515188.6641	3.3310e+02
962	115631.8065	-44390.9703	793594.8065	3487772.0297	12515188.6641	3.2939e+02
963	115727.8435	-44418.8431	793690.8435	3487744.1569	12515188.6641	3.2572e+02
964	115823.8806	-44446.7158	793786.8806	3487716.2842	12515188.6641	3.2210e+02
965	115919.9176	-44474.5885	793882.9176	3487688.4115	12515188.6641	3.1851e+02
966	116015.9546	-44502.4613	793978.9546	3487660.5387	12515188.6641	3.1496e+02
967	116111.9916	-44530.3340	794074.9916	3487632.6660	12515188.6641	3.1146e+02
968	116208.0287	-44558.2067	794171.0287	3487604.7933	12515188.6641	3.0799e+02
969	116304.0657	-44586.0795	794267.0657	3487576.9205	12515188.6641	3.0456e+02
970	116400.1027	-44613.9522	794363.1027	3487549.0478	12515188.6641	3.0117e+02
971	116496.1398	-44641.8249	794459.1398	3487521.1751	12515188.6641	2.9782e+02
972	116592.1768	-44669.6976	794555.1768	3487493.3024	12515188.6641	2.9450e+02
973	116688.2138	-44697.5704	794651.2138	3487465.4296	12515188.6641	2.9123e+02
974	116784.2508	-44725.4431	794747.2508	3487437.5569	12515188.6641	2.8798e+02
975	116880.2879	-44753.3158	794843.2879	3487409.6842	12515188.6641	2.8478e+02
976	116976.3249	-44781.1886	794939.3249	3487381.8114	12515188.6641	2.8161e+02
977	117072.3619	-44809.0613	795035.3619	3487353.9387	12515188.6641	2.7848e+02
978	117168.3990	-44836.9340	795131.3990	3487326.0660	12515188.6641	2.7538e+02
979	117264.4360	-44864.8067	795227.4360	3487298.1933	12515188.6641	2.7232e+02
980	117360.4730	-44892.6795	795323.4730	3487270.3205	12515188.6641	2.6929e+02
981	117456.5101	-44920.5522	795419.5101	3487242.4478	12515188.6641	2.6630e+02
982	117552.5471	-44948.4249	795515.5471	3487214.5751	12515188.6641	2.6333e+02
983	117648.5841	-44976.2977	795611.5841	3487186.7023	12515188.6641	2.6041e+02
984	117744.6211	-45004.1704	795707.6211	3487158.8296	12515188.6641	2.5751e+02
985	117840.6582	-45032.0431	795803.6582	3487130.9569	12515188.6641	2.5465e+02
986	117936.6952	-45059.9159	795899.6952	3487103.0841	12515188.6641	2.5182e+02
987	118032.7322	-45087.7886	795995.7322	3487075.2114	12515188.6641	2.4902e+02
988	118128.7693	-45115.6613	796091.7693	3487047.3387	12515188.6641	2.4625e+02
989	118224.8063	-45143.5340	796187.8063	3487019.4660	12515188.6641	2.4351e+02
990	118320.8433	-45171.4068	796283.8433	3486991.5932	12515188.6641	2.4081e+02
991	118416.8803	-45199.2795	796379.8803	3486963.7205	12515188.6641	2.3813e+02
992	118512.9174	-45227.1522	796475.9174	3486935.8478	12515188.6641	2.3549e+02
993	118608.9544	-45255.0250	796571.9544	3486907.9750	12515188.6641	2.3287e+02
994	118704.9914	-45282.8977	796667.9914	3486880.1023	12515188.6641	2.3028e+02
995	118801.0285	-45310.7704	796764.0285	3486852.2296	12515188.6641	2.2772e+02
996	118897.0655	-45338.6431	796860.0655	3486824.3569	12515188.6641	2.2520e+02
997	118993.1025	-45366.5159	796956.1025	3486796.4841	12515188.6641	2.2269e+02
998	119089.1395	-45394.3886	797052.1395	3486768.6114	12515188.6641	2.2022e+02
999	119185.1766	-45422.2613	797148.1766	3486740.7387	12515188.6641	2.1778e+02
