s	phi0.0	phi-0.1	phi-0.2	phi-0.3	phi-0.4	phi-0.5	phi-0.6	phi-0.7	phi-0.8	phi-0.9
0	4782401.9643	4588283.2167	4358008.5076	4097868.1773	3814680.4906	3629636.2797	3200320.9608	2793655.2700	2414352.3760	2065745.2599
1	4682910.2488	4486055.7508	4254026.3929	3993165.7505	3710314.6574	3519859.0176	3100168.7894	2703196.8521	2333465.5716	1994139.8480
2	4585488.3303	4386105.9244	4152525.2922	3891138.5190	3608804.1687	3413401.9360	3003150.8216	2615667.4732	2255288.6761	1925016.5112
3	4490093.1494	4288382.9914	4053446.0085	3791718.1306	3510070.9052	3310164.6168	2909168.9743	2530972.2912	2179730.9010	1858289.2128
4	4396682.5424	4192837.3362	3956730.7572	3694837.9790	3414038.8848	3210049.6795	2818128.2339	2449019.5349	2106704.4990	1793874.8984
5	4305215.2228	4099420.4491	3862323.1325	3600433.1601	3320634.2042	3112962.6884	2729936.5602	2369720.4048	2036124.6630	1731693.3925
6	4215650.7630	4008084.9006	3770168.0744	3508440.4279	3229784.9820	3018812.0644	2644504.7933	2292988.9766	1967909.4269	1671667.2987
7	4127949.5765	3918784.3185	3680211.8367	3418798.1526	3141421.3034	2927508.9977	2561746.5636	2218742.1082	1901979.5707	1613721.9034
8	4042072.9003	3831473.3634	3592401.9555	3331446.2789	3055475.1664	2838967.3649	2481578.2042	2146899.3496	1838258.5285	1557785.0830
9	3957982.7778	3746107.7061	3506687.2187	3246326.2860	2971880.4296	2753103.6473	2403918.6668	2077382.8560	1776672.2997	1503787.2136
10	3875642.0420	3662644.0053	3423017.6361	3163381.1482	2890572.7609	2669836.8522	2328689.4390	2010117.3030	1717149.3625	1451661.0851
11	3795014.2992	3581039.8852	3341344.4104	3082555.2971	2811489.5886	2589088.4363	2255814.4660	1945029.8052	1659620.5916	1401341.8168
12	3716063.9128	3501253.9140	3261619.9084	3003794.5838	2734570.0525	2510782.2320	2185220.0725	1882049.8374	1604019.1775	1352766.7770
13	3638755.9875	3423245.5832	3183797.6336	2927046.2432	2659754.9579	2434844.3755	2116834.8893	1821109.1577	1550280.5490	1305875.5053
14	3563056.3541	3346975.2868	3107832.1989	2852258.8582	2586986.7291	2361203.2366	2050589.7804	1762141.7343	1498342.2981	1260609.6367
15	3488931.5540	3272404.3012	3033679.3000	2779382.3254	2516209.3662	2289789.3520	1986417.7734	1705083.6730	1448144.1076	1216912.8295
16	3416348.8250	3199494.7655	2961295.6898	2708367.8218	2447368.4010	2220535.3589	1924253.9918	1649873.1489	1399627.6813	1174730.6949
17	3345276.0863	3128209.6624	2890639.1531	2639167.7716	2380410.8555	2153375.9321	1864035.5893	1596450.3388	1352736.6758	1134010.7296
18	3275681.9243	3058512.7995	2821668.4818	2571735.8146	2315285.2013	2088247.7220	1805701.6866	1544757.3567	1307416.6355	1094702.2500
19	3207535.5793	2990368.7905	2754343.4513	2506026.7753	2251941.3198	2025089.2952	1749193.3091	1494738.1907	1263614.9292	1056756.3294
20	3140806.9313	2923743.0377	2688624.7965	2441996.6324	2190330.4633	1963841.0760	1694453.3283	1446338.6428	1221280.6889	1020125.7371
21	3075466.4869	2858601.7142	2624474.1893	2379602.4892	2130405.2181	1904445.2909	1641426.4031	1399506.2699	1180364.7509	984764.8797
22	3011485.3663	2794911.7467	2561854.2160	2318802.5453	2072119.4674	1846845.9135	1590058.9245	1354190.3268	1140819.5984	950629.7439
23	2948835.2905	2732640.7988	2500728.3557	2259556.0680	2015428.3565	1790988.6121	1540298.9611	1310341.7118	1102599.3069	917677.8424
24	2887488.5689	2671757.2546	2441060.9590	2201823.3656	1960288.2576	1736820.6979	1492096.2066	1267912.9126	1065659.4901	885868.1603
25	2827418.0869	2612230.2026	2382817.2267	2145565.7604	1906656.7364	1684291.0762	1445401.9291	1226857.9559	1029957.2489	855161.1047
26	2768597.2939	2554029.4201	2325963.1903	2090745.5631	1854492.5199	1633350.1971	1400168.9217	1187132.3567	995451.1216	825518.4550
27	2711000.1917	2497125.3575	2270465.6917	2037326.0472	1803755.4641	1583950.0096	1356351.4548	1148693.0703	962101.0352	796903.3153
28	2654601.3231	2441489.1238	2216292.3637	1985271.4246	1754406.5232	1536043.9160	1313905.2298	1111498.4461	929868.2597	769280.0690
29	2599375.7604	2387092.4717	2163411.6118	1934546.8217	1706407.7199	1489586.7278	1272787.3347	1075508.1820	898715.3622	742614.3337
30	2545299.0944	2333907.7831	2111792.5950	1885118.2558	1659722.1157	1444534.6234	1232956.2000	1040683.2808	868606.1642	716872.9191
31	2492347.4238	2281908.0553	2061405.2083	1836952.6127	1614313.7828	1400845.1064	1194371.5573	1006986.0082	839505.6992	692023.7851
32	2440497.3445	2231066.8873	2012220.0650	1790017.6240	1570147.7764	1358476.9658	1156994.3985	974379.8516	811380.1720	668036.0025
33	2389725.9394	2181358.4663	1964208.4796	1744281.8460	1527190.1076	1317390.2369	1120786.9359	942829.4808	784196.9199	644879.7140
34	2340010.7680	2132757.5544	1917342.4510	1699714.6382	1485407.7176	1277546.1637	1085712.5647	912300.7093	757924.3743	622526.0974
35	2291329.8567	2085239.4764	1871594.6461	1656286.1432	1444768.4519	1238907.1627	1051735.8255	882760.4579	732532.0243	600947.3294
36	2243661.6892	2038780.1064	1826938.3842	1613967.2664	1405241.0357	1201436.7866	1018822.3684	854176.7185	707990.3811	580116.5513
37	2196985.1964	1993355.8565	1783347.6211	1572729.6564	1366795.0500	1165099.6909	986938.9187	826518.5190	684270.9439	560007.8354
38	2151279.7480	1948943.6639	1740796.9338	1532545.6864	1329400.9079	1129861.5997	956053.2428	799755.8907	661346.1668	540596.1526
39	2106525.1426	1905520.9800	1699261.5063	1493388.4355	1293029.8321	1095689.2741	926134.1162	773859.8349	639189.4268	521857.3415
40	2062701.5992	1863065.7584	1658717.1144	1455231.6704	1257653.8324	1062550.4802	897151.2910	748802.2922	617774.9925	503768.0782
41	2019789.7481	1821556.4439	1619140.1120	1418049.8283	1223245.6846	1030413.9592	869075.4665	724556.1114	597077.9951	486305.8472
42	1977770.6229	1780971.9615	1580507.4171	1381817.9994	1189778.9092	999249.3976	841878.2584	701095.0207	577074.3985	469448.9137
43	1936625.6515	1741291.7060	1542796.4986	1346511.9106	1157227.7512	969027.3989	815532.1710	678393.5990	557740.9721	453176.2960
44	1896336.6482	1702495.5311	1505985.3629	1312107.9086	1125567.1603	939719.4555	790010.5690	656427.2482	539055.2635	437467.7399
45	1856885.8058	1664563.7393	1470052.5412	1278582.9448	1094772.7714	911297.9220	765287.6507	635172.1667	520995.5726	422303.6931
46	1818255.6873	1627477.0720	1434977.0769	1245914.5593	1064820.8861	883735.9893	741338.4215	614605.3237	503540.9262	407665.2812
47	1780429.2187	1591216.6999	1400738.5134	1214080.8662	1035688.4544	857007.6590	718138.6695	594704.4341	486671.0538	393534.2841
48	1743389.6811	1555764.2130	1367316.8822	1183060.5387	1007353.0568	831087.7191	695664.9402	575447.9342	470366.3641	379893.1130
49	1707120.7034	1521101.6114	1334692.6915	1152832.7948	979792.8872	805951.7199	673894.5130	556814.9589	454607.9220	366724.7890
50	1671606.2551	1487211.2965	1302846.9141	1123377.3838	952986.7362	781575.9516	652805.3787	538785.3183	439377.4269	354012.9217
51	1636830.6391	1454076.0617	1271760.9773	1094674.5722	926913.9747	757937.4210	632376.2164	521339.4767	424657.1912	341741.6889
52	1602778.4851	1421679.0836	1241416.7511	1066705.1307	901554.5378	735013.8308	612586.3728	504458.5305	410430.1200	329895.8166
53	1569434.7423	1390003.9138	1211796.5384	1039450.3213	876888.9096	712783.5576	593415.8408	488124.1885	396679.6911	318460.5606
54	1536784.6731	1359034.4703	1182883.0641	1012891.8850	852898.1083	691225.6324	574845.2394	472318.7517	383389.9356	307421.6876
55	1504813.8466	1328755.0295	1154659.4656	987012.0289	829563.6713	670319.7202	556855.7941	457025.0941	370545.4200	296765.4576
56	1473508.1320	1299150.2181	1127109.2824	961793.4152	806867.6410	650046.1010	539429.3179	442226.6444	358131.2276	286478.6070
57	1442853.6924	1270205.0052	1100216.4467	937219.1487	784792.5514	630385.6514	522548.1931	427907.3678	346132.9415	276548.3319
58	1412836.9790	1241904.6949	1073965.2742	913272.7661	763321.4141	611319.8262	506195.3533	414051.7486	334536.6278	266962.2723
59	1383444.7247	1214234.9187	1048340.4550	889938.2246	742437.7056	592830.6412	490354.2660	400644.7737	323328.8195	257708.4965
60	1354663.9384	1187181.6282	1023327.0441	867199.8914	722125.3544	574900.6560	475008.9162	387671.9159	312496.5005	248775.4865
61	1326481.8993	1160731.0881	998910.4534	845042.5332	702368.7288	557512.9579	460143.7902	375119.1187	302027.0912	240152.1235
62	1298886.1512	1134869.8690	975076.4427	823451.3057	683152.6247	540651.1454	445743.8596	362972.7804	291908.4331	231827.6742
63	1271864.4971	1109584.8407	951811.1116	802411.7441	664462.2538	524299.3135	431794.5664	351219.7399	282128.7751	223791.7772
64	1245404.9938	1084863.1657	929100.8916	781909.7529	646283.2328	508442.0378	418281.8081	339847.2623	272676.7601	216034.4304
65	1219495.9464	1060692.2925	906932.5375	761931.5972	628601.5716	493064.3607	405191.9238	328843.0249	263541.4110	208545.9783
66	1194125.9033	1037059.9489	885293.1206	742463.8926	611403.6629	478151.7768	392511.6797	318195.1042	254712.1188	201317.1002
67	1169283.6513	1013954.1367	864170.0203	723493.5968	594676.2718	463690.2195	380228.2564	307891.9626	246178.6298	194338.7984
68	1144958.2104	991363.1246	843550.9173	705008.0008	578406.5252	449666.0477	368329.2356	297922.4363	237931.0340	187602.3871
69	1121138.8290	969275.4427	823423.7863	686994.7204	562581.9027	436066.0328	356802.5878	288275.7227	229959.7531	181099.4816
70	1097814.9791	947679.8769	803776.8887	669441.6876	547190.2259	422877.3462	345636.6596	278941.3692	222255.5299	174821.9878
71	1074976.3519	926565.4627	784598.7663	652337.1429	532219.6500	410087.5476	334820.1627	269909.2616	214809.4173	168762.0923
72	1052612.8529	905921.4800	765878.2340	635669.6273	517658.6540	397684.5725	324342.1616	261169.6132	207612.7680	162912.2524
73	1030714.5977	885737.4476	747604.3738	619427.9744	503496.0323	385656.7217	314192.0635	252712.9542	200657.2243	157265.1868
74	1009271.9076	866003.1177	729766.5280	603601.3032	489720.8857	373992.6497	304359.6068	244530.1214	193934.7087	151813.8668
75	988275.3050	846708.4709	712354.2933	588179.0108	476322.6134	362681.3540	294834.8510	236612.2483	187437.4140	146551.5071
76	967715.5097	827843.7110	695357.5147	573150.7651	463290.9043	351712.1651	285608.1669	228950.7555	181157.7948	141471.5579
77	947583.4344	809399.2601	678766.2793	558506.4980	450615.7297	341074.7360	276670.2265	221537.3415	175088.5585	136567.6962
78	927870.1811	791365.7536	662570.9110	544236.3987	438287.3351	330759.0328	268011.9937	214363.9734	169222.6567	131833.8181
79	908567.0366	773734.0356	646761.9642	530330.9070	426296.2331	320755.3249	259624.7152	207422.8787	163553.2772	127264.0316
80	889665.4692	756495.1543	631330.2190	516780.7071	414633.1956	311054.1762	251499.9117	200706.5363	158073.8360	122852.6486
81	871157.1245	739640.3572	616266.6754	503576.7211	403289.2471	301646.4358	243629.3691	194207.6687	152777.9696	118594.1785
82	853033.8222	723161.0869	601562.5480	490710.1030	392255.6577	292523.2297	236005.1306	187919.2341	147659.5280	114483.3207
83	835287.5518	707048.9766	587209.2613	478172.2330	381523.9362	283675.9522	228619.4882	181834.4186	142712.5668	110514.9585
84	817910.4697	691295.8460	573198.4440	465954.7113	371085.8239	275096.2580	221464.9751	175946.6293	137931.3412	106684.1526
85	800894.8954	675893.6968	559521.9250	454049.3530	360933.2878	266776.0541	214534.3583	170249.4862	133310.2985	102986.1348
86	784233.3083	660834.7093	546171.7278	442448.1820	351058.5150	258707.4923	207820.6312	164736.8164	128844.0722	99416.3023
87	767918.3440	646111.2376	533140.0664	431143.4264	341453.9060	250882.9617	201317.0061	159402.6465	124527.4756	95970.2117
88	751942.7915	631715.8066	520419.3405	420127.5125	332112.0695	243295.0816	195016.9083	154241.1968	120355.4957	92643.5738
89	736299.5899	617641.1075	508002.1312	409393.0603	323025.8163	235936.6948	188913.9683	149246.8745	116323.2875	89432.2479
90	720981.8249	603879.9942	495881.1967	398932.8783	314188.1539	228800.8601	183002.0162	144414.2682	112426.1683	86332.2369
91	705982.7263	590425.4800	484049.4677	388739.9588	305592.2810	221880.8466	177275.0752	139738.1414	108659.6123	83339.6824
92	691295.6646	577270.7339	472500.0439	378807.4730	297231.5827	215170.1269	171727.3555	135213.4274	105019.2453	80450.8594
93	676914.1484	564409.0771	461226.1894	369128.7669	289099.6246	208662.3708	166353.2484	130835.2233	101500.8396	77662.1724
94	662831.8210	551833.9794	450221.3292	359697.3563	281190.1487	202351.4399	161147.3208	126598.7854	98100.3092	74970.1504
95	649042.4584	539539.0563	439479.0450	350506.9225	273497.0682	196231.3812	156104.3098	122499.5230	94813.7051	72371.4425
96	635539.9657	527518.0655	428993.0718	341551.3085	266014.4627	190296.4219	151219.1167	118532.9946	91637.2103	69862.8142
97	622318.3750	515764.9037	418757.2939	332824.5147	258736.5737	184540.9636	146486.8030	114694.9021	88567.1361	67441.1431
98	609371.8424	504273.6037	408765.7419	324320.6944	251657.8005	178959.5774	141902.5842	110981.0869	85599.9169	65103.4150
99	596694.6458	493038.3311	399012.5883	316034.1507	244772.6954	173546.9986	137461.8259	107387.5249	82732.1070	62846.7200
100	584281.1819	482053.3816	389492.1450	307959.3320	238075.9599	168298.1216	133160.0385	103910.3222	79960.3758	60668.2495
101	572125.9642	471313.1781	380198.8596	300090.8287	231562.4403	163207.9954	128992.8731	100545.7112	77281.5045	58565.2917
102	560223.6201	460812.2675	371127.3120	292423.3692	225227.1242	158271.8184	124956.1166	97290.0461	74692.3820	56535.2293
103	548568.8890	450545.3184	362272.2117	284951.8169	219065.1359	153484.9347	121045.6881	94139.7992	72190.0016	54575.5354
104	537156.6195	440507.1181	353628.3941	277671.1662	213071.7334	148842.8288	117257.6341	91091.5573	69771.4572	52683.7708
105	525981.7676	430692.5700	345190.8180	270576.5395	207242.3044	144341.1220	113588.1251	88142.0172	67433.9400	50857.5809
106	515039.3942	421096.6911	336954.5626	263663.1838	201572.3628	139975.5680	110033.4512	85287.9831	65174.7354	49094.6927
107	504324.6627	411714.6095	328914.8243	256926.4676	196057.5451	135742.0489	106590.0187	82526.3624	62991.2198	47392.9118
108	493832.8374	402541.5617	321066.9142	250361.8775	190693.6072	131636.5713	103254.3465	79854.1630	60880.8574	45750.1202
109	483559.2810	393572.8904	313406.2552	243965.0158	185476.4213	127655.2626	100023.0621	77268.4892	58841.1974	44164.2731
110	473499.4528	384804.0422	305928.3797	237731.5968	180401.9724	123794.3674	96892.8989	74766.5393	56869.8711	42633.3965
111	463648.9063	376230.5649	298628.9263	231657.4446	175466.3553	120050.2439	93860.6924	72345.6025	54964.5891	41155.5851
112	454003.2877	367848.1056	291503.6380	225738.4897	170665.7718	116419.3602	90923.3769	70003.0555	53123.1387	39728.9994
113	444558.3339	359652.4085	284548.3591	219970.7669	165996.5274	112898.2915	88077.9831	67736.3601	51343.3816	38351.8638
114	435309.8701	351639.3124	277759.0331	214350.4121	161455.0289	109483.7165	85321.6341	65543.0601	49623.2507	37022.4642
115	426253.8087	343804.7490	271131.7006	208873.6600	157037.7812	106172.4143	82651.5435	63420.7791	47960.7485	35739.1458
116	417386.1470	336144.7405	264662.4962	203536.8414	152741.3849	102961.2614	80065.0119	61367.2175	46353.9442	34500.3114
117	408702.9656	328655.3979	258347.6472	198336.3810	148562.5338	99847.2289	77559.4242	59380.1500	44800.9719	33304.4191
118	400200.4266	321332.9187	252183.4704	193268.7947	144498.0118	96827.3794	75132.2474	57457.4238	43300.0280	32149.9802
119	391874.7720	314173.5851	246166.3710	188330.6876	140544.6911	93898.8643	72781.0277	55596.9552	41849.3695	31035.5579
120	383722.3219	307173.7624	240292.8396	183518.7515	136699.5293	91058.9213	70503.3880	53796.7286	40447.3116	29959.7651
121	375739.4730	300329.8964	234559.4507	178829.7625	132959.5673	88304.8715	68297.0257	52054.7932	39092.2261	28921.2627
122	367922.6971	293638.5125	228962.8605	174260.5794	129321.9268	85634.1171	66159.7103	50369.2616	37782.5394	27918.7582
123	360268.5390	287096.2135	223499.8049	169808.1410	125783.8086	83044.1389	64089.2809	48738.3075	36516.7304	26951.0038
124	352773.6159	280699.6776	218167.0980	165469.4645	122342.4897	80532.4938	62083.6444	47160.1635	35293.3292	26016.7948
125	345434.6151	274445.6572	212961.6294	161241.6432	118995.3218	78096.8126	60140.7730	45633.1198	34110.9150	25114.9685
126	338248.2926	268330.9771	207880.3634	157121.8446	115739.7292	75734.7979	58258.7027	44155.5216	32968.1146	24244.4025
127	331211.4724	262352.5328	202920.3364	153107.3088	112573.2062	73444.2216	56435.5307	42725.7680	31863.6008	23404.0131
128	324321.0441	256507.2888	198078.6557	149195.3463	109493.3162	71222.9231	54669.4138	41342.3098	30796.0910	22592.7543
129	317573.9624	250792.2776	193352.4975	145383.3362	106497.6888	69068.8072	52958.5665	40003.6479	29764.3454	21809.6164
130	310967.2450	245204.5975	188739.1055	141668.7247	103584.0188	66979.8418	51301.2592	38708.3318	28767.1659	21053.6245
131	304497.9718	239741.4115	184235.7891	138049.0233	100750.0640	64954.0565	49695.8163	37454.9579	27803.3943	20323.8378
132	298163.2835	234399.9459	179839.9218	134521.8069	97993.6432	62989.5405	48140.6148	36242.1683	26871.9115	19619.3479
133	291960.3803	229177.4887	175548.9400	131084.7126	95312.6354	61084.4408	46634.0825	35068.6487	25971.6357	18939.2778
134	285886.5205	224071.3885	171360.3410	127735.4375	92704.9773	59236.9601	45174.6961	33933.1276	25101.5214	18282.7812
135	279939.0195	219079.0528	167271.6820	124471.7380	90168.6621	57445.3560	43760.9805	32834.3746	24260.5580	17649.0409
136	274115.2486	214197.9469	163280.5785	121291.4276	87701.7379	55707.9384	42391.5062	31771.1992	23447.7691	17037.2680
137	268412.6338	209425.5926	159384.7027	118192.3755	85302.3063	54023.0685	41064.8888	30742.4493	22662.2105	16446.7012
138	262828.6546	204759.5668	155581.7825	115172.5057	82968.5207	52389.1570	39779.7872	29747.0104	21902.9702	15876.6053
139	257360.8428	200197.5006	151869.6000	112229.7949	80698.5852	50804.6626	38534.9020	28783.8037	21169.1662	15326.2709
140	252006.7818	195737.0778	148245.9903	109362.2717	78490.7528	49268.0908	37328.9748	27851.7855	20459.9465	14795.0127
141	246764.1052	191376.0337	144708.8399	106568.0151	76343.3245	47777.9922	36160.7864	26949.9461	19774.4875	14282.1697
142	241630.4957	187112.1542	141256.0859	103845.1530	74254.6477	46332.9611	35029.1557	26077.3082	19111.9930	13787.1035
143	236603.6843	182943.2744	137885.7147	101191.8614	72223.1150	44931.6346	33932.9388	25232.9263	18471.6938	13309.1979
144	231681.4493	178867.2776	134595.7605	98606.3625	70247.1630	43572.6908	32871.0273	24415.8854	17852.8461	12847.8581
145	226861.6150	174882.0946	131384.3047	96086.9244	68325.2710	42254.8478	31842.3478	23625.3002	17254.7314	12402.5098
146	222142.0512	170985.7019	128249.4742	93631.8590	66455.9601	40976.8626	30845.8601	22860.3142	16676.6550	11972.5987
147	217520.6718	167176.1212	125189.4408	91239.5217	64637.7917	39737.5296	29880.5570	22120.0984	16117.9456	11557.5897
148	212995.4343	163451.4184	122202.4199	88908.3097	62869.3665	38535.6800	28945.4625	21403.8507	15577.9544	11156.9662
149	208564.3385	159809.7024	119286.6692	86636.6613	61149.3237	37370.1799	28039.6312	20710.7951	15056.0542	10770.2297
150	204225.4260	156249.1243	116440.4884	84423.0546	59476.3395	36239.9300	27162.1473	20040.1806	14551.6390	10396.8987
151	199976.7789	152767.8763	113662.2175	82266.0065	57849.1265	35143.8641	26312.1238	19391.2805	14064.1229	10036.5086
152	195816.5195	149364.1908	110950.2362	80164.0720	56266.4324	34080.9485	25488.7013	18763.3918	13592.9399	9688.6107
153	191742.8090	146036.3398	108302.9627	78115.8429	54727.0392	33050.1804	24691.0473	18155.8341	13137.5426	9352.7721
154	187753.8467	142782.6338	105718.8533	76119.9470	53229.7623	32050.5876	23918.3554	17567.9491	12697.4023	9028.5748
155	183847.8696	139601.4206	103196.4007	74175.0471	51773.4494	31081.2272	23169.8445	16999.0998	12272.0077	8715.6152
156	180023.1514	136491.0853	100734.1338	72279.8404	50356.9797	30141.1848	22444.7578	16448.6698	11860.8650	8413.5038
157	176278.0015	133450.0486	98330.6166	70433.0570	48979.2633	29229.5737	21742.3622	15916.0627	11463.4965	8121.8645
158	172610.7647	130476.7665	95984.4474	68633.4598	47639.2397	28345.5340	21061.9477	15400.7014	11079.4409	7840.3345
159	169019.8199	127569.7295	93694.2578	66879.8432	46335.8779	27488.2318	20402.8264	14902.0275	10708.2521	7568.5631
160	165503.5802	124727.4616	91458.7121	65171.0323	45068.1747	26656.8584	19764.3319	14419.5005	10349.4990	7306.2122
161	162060.4913	121948.5197	89276.5066	63505.8823	43835.1547	25850.6297	19145.8187	13952.5978	10002.7651	7052.9553
162	158689.0314	119231.4930	87146.3685	61883.2776	42635.8688	25068.7852	18546.6615	13500.8134	9667.6476	6808.4770
163	155387.7104	116575.0019	85067.0555	60302.1313	41469.3942	24310.5873	17966.2546	13063.6578	9343.7574	6572.4732
164	152155.0692	113977.6978	83037.3549	58761.3839	40334.8331	23575.3209	17404.0111	12640.6572	9030.7183	6344.6500
165	148989.6789	111438.2618	81056.0830	57260.0034	39231.3125	22862.2923	16859.3628	12231.3533	8728.1668	6124.7239
166	145890.1404	108955.4048	79122.0843	55796.9838	38157.9832	22170.8292	16331.7589	11835.3027	8435.7515	5912.4212
167	142855.0839	106527.8662	77234.2308	54371.3451	37114.0190	21500.2791	15820.6661	11452.0762	8153.1329	5707.4776
168	139883.1678	104154.4133	75391.4215	52982.1321	36098.6167	20850.0096	15325.5676	11081.2586	7879.9827	5509.6379
169	136973.0786	101833.8413	73592.5816	51628.4141	35110.9947	20219.4073	14845.9629	10722.4480	7615.9837	5318.6561
170	134123.5300	99564.9719	71836.6621	50309.2842	34150.3931	19607.8774	14381.3672	10375.2556	7360.8293	5134.2942
171	131333.2627	97346.6531	70122.6388	49023.8588	33216.0726	19014.8430	13931.3107	10039.3054	7114.2232	4956.3230
172	128601.0432	95177.7587	68449.5121	47771.2765	32307.3141	18439.7448	13495.3385	9714.2332	6875.8791	4784.5208
173	125925.6641	93057.1876	66816.3063	46550.6983	31423.4184	17882.0402	13073.0098	9399.6868	6645.5200	4618.6738
174	123305.9428	90983.8630	65222.0687	45361.3064	30563.7052	17341.2032	12663.8976	9095.3254	6422.8786	4458.5757
175	120740.7214	88956.7323	63665.8697	44202.3041	29727.5129	16816.7238	12267.5883	8800.8192	6207.6962	4304.0270
176	118228.8662	86974.7663	62146.8016	43072.9148	28914.1979	16308.1070	11883.6813	8515.8491	5999.7229	4154.8355
177	115769.2668	85036.9587	60663.9784	41972.3819	28123.1345	15814.8732	11511.7885	8240.1064	5798.7173	4010.8155
178	113360.8363	83142.3257	59216.5355	40899.9681	27353.7137	15336.5571	11151.5338	7973.2921	5604.4459	3871.7876
179	111002.5100	81289.9053	57803.6285	39854.9550	26605.3435	14872.7075	10802.5531	7715.1173	5416.6830	3737.5790
180	108693.2457	79478.7571	56424.4335	38836.6425	25877.4480	14422.8869	10464.4935	7465.3022	5235.2107	3608.0224
181	106432.0227	77707.9615	55078.1461	37844.3483	25169.4670	13986.6710	10137.0133	7223.5761	5059.8181	3482.9567
182	104217.8415	75976.6194	53763.9811	36877.4077	24480.8556	13563.6483	9819.7814	6989.6771	4890.3016	3362.2261
183	102049.7235	74283.8517	52481.1722	35935.1729	23811.0839	13153.4199	9512.4771	6763.3517	4726.4644	3245.6805
184	99926.7104	72628.7992	51228.9710	35017.0126	23159.6366	12755.5986	9214.7897	6544.3547	4568.1161	3133.1747
185	97847.8638	71010.6214	50006.6474	34122.3117	22526.0121	12369.8094	8926.4182	6332.4488	4415.0728	3024.5687
186	95812.2650	69428.4967	48813.4884	33250.4709	21909.7230	11995.6882	8647.0712	6127.4044	4267.1569	2919.7274
187	93819.0142	67881.6220	47648.7982	32400.9060	21310.2950	11632.8822	8376.4662	5928.9994	4124.1966	2818.5202
188	91867.2304	66369.2118	46511.8976	31573.0479	20727.2667	11281.0491	8114.3296	5737.0187	3986.0257	2720.8212
189	89956.0509	64890.4983	45402.1233	30766.3419	20160.1894	10939.8572	7860.3964	5551.2543	3852.4840	2626.5087
190	88084.6311	63444.7308	44318.8283	29980.2476	19608.6269	10608.9845	7614.4099	5371.5050	3723.4162	2535.4654
191	86252.1438	62031.1750	43261.3808	29214.2384	19072.1545	10288.1189	7376.1214	5197.5759	3598.6725	2447.5780
192	84457.7790	60649.1135	42229.1639	28467.8011	18550.3595	9976.9579	7145.2900	5029.2786	3478.1080	2362.7370
193	82700.7436	59297.8444	41221.5758	27740.4357	18042.8402	9675.2078	6921.6823	4866.4309	3361.5827	2280.8369
194	80980.2611	57976.6818	40238.0287	27031.6547	17549.2062	9382.5840	6705.0723	4708.8561	3248.9614	2201.7757
195	79295.5710	56684.9548	39277.9490	26340.9834	17069.0775	9098.8105	6495.2410	4556.3835	3140.1131	2125.4551
196	77645.9288	55422.0076	38340.7769	25667.9591	16602.0847	8823.6197	6291.9762	4408.8481	3034.9115	2051.7799
197	76030.6052	54187.1990	37425.9656	25012.1309	16147.8683	8556.7520	6095.0725	4266.0898	2933.2344	1980.6586
198	74448.8863	52979.9022	36532.9818	24373.0594	15706.0788	8297.9556	5904.3308	4127.9540	2834.9638	1912.0026
199	72900.0731	51799.5040	35661.3046	23750.3164	15276.3762	8046.9864	5719.5582	3994.2911	2739.9854	1845.7264
200	71383.4810	50645.4052	34810.4256	23143.4849	14858.4299	7803.6077	5540.5680	3864.9561	2648.1891	1781.7475
201	69898.4395	49517.0199	33979.8486	22552.1581	14451.9182	7567.5900	5367.1792	3739.8090	2559.4682	1719.9864
202	68444.2925	48413.7751	33169.0892	21975.9401	14056.5282	7338.7105	5199.2164	3618.7142	2473.7197	1660.3661
203	67020.3971	47335.1108	32377.6745	21414.4446	13671.9557	7116.7534	5036.5100	3501.5404	2390.8439	1602.8124
204	65626.1240	46280.4792	31605.1429	20867.2957	13297.9047	6901.5093	4878.8954	3388.1607	2310.7447	1547.2538
205	64260.8570	45249.3449	30851.0440	20334.1266	12934.0873	6692.7752	4726.2132	3278.4523	2233.3290	1493.6210
206	62923.9926	44241.1844	30114.9378	19814.5803	12580.2237	6490.3542	4578.3091	3172.2961	2158.5069	1441.8472
207	61614.9400	43255.4859	29396.3952	19308.3086	12236.0414	6294.0554	4435.0336	3069.5773	2086.1916	1391.8681
208	60333.1205	42291.7488	28694.9970	18814.9724	11901.2755	6103.6936	4296.2418	2970.1846	2016.2990	1343.6215
209	59077.9676	41349.4838	28010.3342	18334.2411	11575.6686	5919.0892	4161.7934	2874.0102	1948.7480	1297.0472
210	57848.9265	40428.2127	27342.0074	17865.7928	11258.9699	5740.0681	4031.5526	2780.9498	1883.4601	1252.0874
211	56645.4541	39527.4676	26689.6269	17409.3135	10950.9358	5566.4615	3905.3875	2690.9028	1820.3595	1208.6860
212	55467.0184	38646.7912	26052.8122	16964.4975	10651.3291	5398.1055	3783.1707	2603.7715	1759.3729	1166.7890
213	54313.0985	37785.7363	25431.1919	16531.0468	10359.9194	5234.8414	3664.7786	2519.4615	1700.4295	1126.3443
214	53183.1844	36943.8659	24824.4035	16108.6709	10076.4824	5076.5152	3550.0915	2437.8815	1643.4609	1087.3016
215	52076.7767	36120.7524	24232.0930	15697.0869	9800.8000	4922.9775	3438.9934	2358.9430	1588.4009	1049.6122
216	50993.3864	35315.9779	23653.9151	15296.0191	9532.6599	4774.0836	3331.3721	2282.5606	1535.1855	1013.2292
217	49932.5347	34529.1340	23089.5325	14905.1987	9271.8559	4629.6928	3227.1188	2208.6514	1483.7530	978.1074
218	48893.7526	33759.8210	22538.6161	14524.3640	9018.1872	4489.6692	3126.1280	2137.1353	1434.0436	944.2031
219	47876.5810	33007.6484	22000.8446	14153.2598	8771.4587	4353.8805	3028.2977	2067.9350	1385.9996	911.4739
220	46880.5704	32272.2343	21475.9043	13791.6374	8531.4804	4222.1987	2933.5288	2000.9754	1339.5651	879.8793
221	45905.2804	31553.2053	20963.4890	13439.2547	8298.0676	4094.4995	2841.7258	1936.1839	1294.6864	849.3798
222	44950.2802	30850.1963	20463.3000	13095.8755	8071.0408	3970.6626	2752.7956	1873.4904	1251.3112	819.9376
223	44015.1475	30162.8505	19975.0455	12761.2699	7850.2252	3850.5711	2666.6485	1812.8268	1209.3891	791.5159
224	43099.4690	29490.8188	19498.4408	12435.2135	7635.4509	3734.1117	2583.1973	1754.1276	1168.8716	764.0794
225	42202.8401	28833.7600	19033.2079	12117.4881	7426.5526	3621.1746	2502.3577	1697.3290	1129.7115	737.5939
226	41324.8643	28191.3406	18579.0754	11807.8806	7223.3696	3511.6533	2424.0478	1642.3696	1091.8633	712.0265
227	40465.1537	27563.2344	18135.7785	11506.1838	7025.7455	3405.4444	2348.1887	1589.1898	1055.2832	687.3454
228	39623.3283	26949.1224	17703.0587	11212.1955	6833.5281	3302.4478	2274.7035	1537.7319	1019.9286	663.5198
229	38799.0159	26348.6929	17280.6636	10925.7187	6646.5696	3202.5662	2203.5180	1487.9402	985.7584	640.5200
230	37991.8524	25761.6411	16868.3468	10646.5616	6464.7261	3105.7056	2134.5602	1439.7608	952.7331	618.3175
231	37201.4808	25187.6688	16465.8680	10374.5370	6287.8577	3011.7744	2067.7604	1393.1414	920.8142	596.8847
232	36427.5519	24626.4847	16072.9922	10109.4628	6115.8282	2920.6842	2003.0510	1348.0315	889.9646	576.1947
233	35669.7236	24077.8039	15689.4905	9851.1613	5948.5053	2832.3490	1940.3667	1304.3823	860.1486	556.2219
234	34927.6609	23541.3477	15315.1392	9599.4596	5785.7602	2746.6854	1879.6441	1262.1465	831.3315	536.9415
235	34201.0359	23016.8438	14949.7198	9354.1890	5627.4676	2663.6128	1820.8217	1221.2783	803.4798	518.3294
236	33489.5274	22504.0260	14593.0194	9115.1851	5473.5057	2583.0526	1763.8401	1181.7333	776.5612	500.3624
237	32792.8209	22002.6337	14244.8299	8882.2879	5323.7561	2504.9289	1708.6418	1143.4689	750.5445	483.0182
238	32110.6084	21512.4126	13904.9481	8655.3414	5178.1034	2429.1681	1655.1709	1106.4434	725.3994	466.2752
239	31442.5886	21033.1136	13573.1760	8434.1934	5036.4357	2355.6987	1603.3733	1070.6168	701.0967	450.1126
240	30788.4660	20564.4935	13249.3199	8218.6958	4898.6439	2284.4513	1553.1966	1035.9503	677.6082	434.5103
241	30147.9516	20106.3143	12933.1910	8008.7044	4764.6219	2215.3587	1504.5902	1002.4063	654.9067	419.4487
242	29520.7623	19658.3433	12624.6050	7804.0783	4634.2666	2148.3558	1457.5050	969.9484	632.9657	404.9093
243	28906.6208	19220.3532	12323.3818	7604.6805	4507.4777	2083.3795	1411.8932	938.5415	611.7597	390.8738
244	28305.2558	18792.1216	12029.3458	7410.3774	4384.1577	2020.3683	1367.7088	908.1516	591.2643	377.3249
245	27716.4014	18373.4310	11742.3256	7221.0388	4264.2115	1959.2628	1324.9072	878.7457	571.4554	364.2456
246	27139.7974	17964.0689	11462.1536	7036.5379	4147.5470	1900.0055	1283.4450	850.2920	552.3103	351.6196
247	26575.1888	17563.8274	11188.6665	6856.7511	4034.0742	1842.5404	1243.2803	822.7595	533.8065	339.4314
248	26022.3262	17172.5034	10921.7048	6681.5579	3923.7060	1786.8133	1204.3726	796.1186	515.9227	327.6656
249	25480.9652	16789.8981	10661.1129	6510.8411	3816.3574	1732.7717	1166.6825	770.3404	498.6380	316.3076
250	24950.8666	16415.8172	10406.7387	6344.4861	3711.9456	1680.3646	1130.1718	745.3968	481.9324	305.3434
251	24431.7959	16050.0710	10158.4338	6182.3815	3610.3905	1629.5424	1094.8038	721.2609	465.7864	294.7592
252	23923.5239	15692.4736	9916.0535	6024.4188	3511.6139	1580.2574	1060.5425	697.9065	450.1814	284.5419
253	23425.8257	15342.8435	9679.4564	5870.4921	3415.5396	1532.4630	1027.3535	675.3083	435.0992	274.6787
254	22938.4816	15001.0033	9448.5045	5720.4983	3322.0939	1486.1141	995.2030	653.4418	420.5223	265.1575
255	22461.2760	14666.7792	9223.0631	5574.3369	3231.2047	1441.1670	964.0587	632.2834	406.4338	255.9663
256	21993.9981	14340.0017	9003.0007	5431.9101	3142.8022	1397.5794	933.8891	611.8101	392.8172	247.0937
257	21536.4413	14020.5049	8788.1891	5293.1222	3056.8183	1355.3100	904.6636	591.9997	379.6569	238.5286
258	21088.4033	13708.1264	8578.5028	5157.8805	2973.1868	1314.3191	876.3527	572.8308	366.9374	230.2604
259	20649.6863	13402.7078	8373.8197	5026.0943	2891.8434	1274.5679	848.9277	554.2826	354.6441	222.2788
260	20220.0961	13104.0940	8174.0203	4897.6753	2812.7255	1236.0189	822.3610	536.3349	342.7627	214.5739
261	19799.4431	12812.1333	7978.9881	4772.5374	2735.7721	1198.6359	796.6257	518.9684	331.2793	207.1361
262	19387.5411	12526.6776	7788.6094	4650.5968	2660.9241	1162.3835	771.6958	502.1643	320.1806	199.9561
263	18984.2083	12247.5818	7602.7731	4531.7719	2588.1239	1127.2276	747.5460	485.9042	309.4537	193.0250
264	18589.2663	11974.7043	7421.3709	4415.9831	2517.3154	1093.1349	724.1520	470.1707	299.0863	186.3341
265	18202.5405	11707.9065	7244.2969	4303.1527	2448.4442	1060.0734	701.4901	454.9466	289.0661	179.8752
266	17823.8601	11447.0530	7071.4480	4193.2051	2381.4572	1028.0118	679.5374	440.2154	279.3817	173.6401
267	17453.0577	11192.0114	6902.7232	4086.0668	2316.3030	996.9199	658.2716	425.9613	270.0217	167.6212
268	17089.9693	10942.6521	6738.0241	3981.6659	2252.9312	966.7683	637.6714	412.1687	260.9753	161.8109
269	16734.4345	10698.8486	6577.2548	3879.9325	2191.2933	937.5287	617.7159	398.8227	252.2320	156.2020
270	16386.2961	10460.4771	6420.3215	3780.7984	2131.3417	909.1734	598.3848	385.9088	243.7816	150.7875
271	16045.4003	10227.4165	6267.1326	3684.1973	2073.0303	881.6758	579.6587	373.4131	235.6143	145.5608
272	15711.5964	9999.5485	6117.5987	3590.0643	2016.3143	855.0097	561.5186	361.3220	227.7206	140.5151
273	15384.7369	9776.7574	5971.6328	3498.3365	1961.1500	829.1502	543.9462	349.6224	220.0914	135.6444
274	15064.6772	9558.9302	5829.1496	3408.9524	1907.4949	804.0728	526.9237	338.3017	212.7178	130.9426
275	14751.2760	9345.9561	5690.0660	3321.8521	1855.3077	779.7539	510.4340	327.3475	205.5912	126.4037
276	14444.3947	9137.7272	5554.3010	3236.9772	1804.5484	756.1705	494.4602	316.7480	198.7034	122.0221
277	14143.8977	8934.1376	5421.7753	3154.2710	1755.1777	733.3003	478.9864	306.4917	192.0464	117.7924
278	13849.6521	8735.0840	5292.4117	3073.6779	1707.1578	711.1219	463.9968	296.5675	185.6123	113.7094
279	13561.5279	8540.4653	5166.1348	2995.1440	1660.4517	689.6142	449.4763	286.9647	179.3939	109.7678
280	13279.3978	8350.1828	5042.8708	2918.6167	1615.0234	668.7570	435.4102	277.6728	173.3837	105.9629
281	13003.1370	8164.1398	4922.5478	2844.0447	1570.8380	648.5307	421.7843	268.6817	167.5749	102.2899
282	12732.6235	7982.2418	4805.0958	2771.3780	1527.8614	628.9161	408.5848	259.9818	161.9608	98.7442
283	12467.7377	7804.3966	4690.4462	2700.5680	1486.0607	609.8947	395.7984	251.5636	156.5347	95.3214
284	12208.3624	7630.5138	4578.5321	2631.5673	1445.4035	591.4486	383.4121	243.4180	151.2904	92.0173
285	11954.3832	7460.5051	4469.2883	2564.3295	1405.8588	573.5604	371.4134	235.5361	146.2218	88.8276
286	11705.6876	7294.2842	4362.6510	2498.8097	1367.3959	556.2132	359.7903	227.9095	141.3230	85.7486
287	11462.1659	7131.7667	4258.5581	2434.9640	1329.9853	539.3907	348.5308	220.5298	136.5883	82.7763
288	11223.7102	6972.8701	4156.9489	2372.7495	1293.5982	523.0770	337.6238	213.3891	132.0123	79.9070
289	10990.2154	6817.5138	4057.7641	2312.1247	1258.2067	507.2567	327.0580	206.4795	127.5895	77.1371
290	10761.5781	6665.6188	3960.9458	2253.0488	1223.7834	491.9149	316.8229	199.7937	123.3150	74.4633
291	10537.6973	6517.1081	3866.4376	2195.4824	1190.3019	477.0371	306.9082	193.3244	119.1836	71.8822
292	10318.4741	6371.9062	3774.1844	2139.3868	1157.7364	462.6092	297.3036	187.0646	115.1907	69.3905
293	10103.8116	6229.9394	3684.1323	2084.7245	1126.0619	448.6178	287.9997	181.0074	111.3315	66.9852
294	9893.6148	6091.1357	3596.2289	2031.4588	1095.2540	435.0494	278.9869	175.1464	107.6016	64.6633
295	9687.7908	5955.4245	3510.4228	1979.5541	1065.2890	421.8915	270.2562	169.4752	103.9967	62.4218
296	9486.2488	5822.7369	3426.6641	1928.9756	1036.1437	409.1315	261.7987	163.9876	100.5125	60.2581
297	9288.8996	5693.0057	3344.9039	1879.6893	1007.7959	396.7575	253.6058	158.6777	97.1451	58.1694
298	9095.6560	5566.1649	3265.0945	1831.6624	980.2236	384.7577	245.6694	153.5397	93.8905	56.1530
299	8906.4326	5442.1501	3187.1893	1784.8626	953.4057	373.1208	237.9813	148.5681	90.7449	54.2066
300	8721.1458	5320.8984	3111.1429	1739.2585	927.3214	361.8358	230.5338	143.7575	87.7048	52.3276
301	8539.7136	5202.3482	3036.9110	1694.8197	901.9508	350.8922	223.3194	139.1026	84.7664	50.5138
302	8362.0558	5086.4393	2964.4503	1651.5162	877.2744	340.2796	216.3308	134.5985	81.9265	48.7628
303	8188.0940	4973.1128	2893.7185	1609.3192	853.2730	329.9879	209.5608	130.2402	79.1818	47.0725
304	8017.7512	4862.3113	2824.6744	1568.2004	829.9283	320.0076	203.0027	126.0230	76.5290	45.4408
305	7850.9523	4753.9785	2757.2776	1528.1321	807.2223	310.3290	196.6499	121.9424	73.9651	43.8657
306	7687.6233	4648.0593	2691.4889	1489.0877	785.1375	300.9432	190.4958	117.9939	71.4871	42.3452
307	7527.6922	4544.5000	2627.2700	1451.0408	763.6570	291.8413	184.5344	114.1733	69.0921	40.8774
308	7371.0883	4443.2481	2564.5833	1413.9660	742.7641	283.0146	178.7595	110.4763	66.7773	39.4604
309	7217.7423	4344.2520	2503.3923	1377.8385	722.4428	274.4549	173.1653	106.8991	64.5401	38.0926
310	7067.5864	4247.4616	2443.6614	1342.6341	702.6775	266.1541	167.7462	103.4377	62.3779	36.7722
311	6920.5544	4152.8277	2385.3556	1308.3292	683.4529	258.1044	162.4967	100.0884	60.2881	35.4975
312	6776.5812	4060.3022	2328.4410	1274.9008	664.7543	250.2981	157.4114	96.8476	58.2683	34.2671
313	6635.6031	3969.8382	2272.8844	1242.3265	646.5673	242.7279	152.4853	93.7117	56.3161	33.0793
314	6497.5579	3881.3898	2218.6533	1210.5845	628.8779	235.3867	147.7134	90.6773	54.4294	31.9326
315	6362.3846	3794.9120	2165.7163	1179.6535	611.6724	228.2675	143.0908	87.7412	52.6059	30.8257
316	6230.0234	3710.3609	2114.0423	1149.5128	594.9377	221.3636	138.6129	84.9001	50.8435	29.7572
317	6100.4158	3627.6936	2063.6012	1120.1422	578.6608	214.6685	134.2751	82.1510	49.1401	28.7257
318	5973.5045	3546.8682	2014.3637	1091.5220	562.8292	208.1759	130.0730	79.4910	47.4938	27.7300
319	5849.2334	3467.8436	1966.3009	1063.6331	547.4308	201.8797	126.0024	76.9171	45.9026	26.7688
320	5727.5476	3390.5796	1919.3850	1036.4568	532.4536	195.7739	122.0593	74.4265	44.3647	25.8409
321	5608.3934	3315.0371	1873.5884	1009.9749	517.8862	189.8528	118.2395	72.0166	42.8784	24.9452
322	5491.7180	3241.1777	1828.8846	984.1696	503.7174	184.1108	114.5393	69.6847	41.4419	24.0805
323	5377.4699	3168.9639	1785.2474	959.0236	489.9362	178.5424	110.9548	67.4283	40.0535	23.2458
324	5265.5985	3098.3591	1742.6514	934.5201	476.5320	173.1424	107.4825	65.2450	38.7116	22.4400
325	5156.0545	3029.3273	1701.0717	910.6426	463.4946	167.9058	104.1189	63.1323	37.4147	21.6622
326	5048.7894	2961.8335	1660.4841	887.3753	450.8138	162.8275	100.8606	61.0881	36.1612	20.9113
327	4943.7559	2895.8435	1620.8650	864.7025	438.4800	157.9028	97.7042	59.1101	34.9497	20.1864
328	4840.9074	2831.3238	1582.1911	842.6089	426.4836	153.1271	94.6466	57.1961	33.7788	19.4867
329	4740.1986	2768.2416	1544.4400	821.0799	414.8155	148.4958	91.6847	55.3441	32.6471	18.8112
330	4641.5848	2706.5649	1507.5897	800.1009	403.4665	144.0046	88.8155	53.5521	31.5533	18.1592
331	4545.0226	2646.2623	1471.6186	779.6579	392.4281	139.6492	86.0361	51.8181	30.4962	17.5297
332	4450.4693	2587.3033	1436.5057	759.7373	381.6916	135.4256	83.3436	50.1402	29.4745	16.9221
333	4357.8830	2529.6579	1402.2307	740.3257	371.2489	131.3297	80.7354	48.5166	28.4871	16.3355
334	4267.2229	2473.2968	1368.7735	721.4100	361.0919	127.3577	78.2089	46.9457	27.5327	15.7693
335	4178.4488	2418.1915	1336.1145	702.9777	351.2128	123.5058	75.7614	45.4256	26.6103	15.2227
336	4091.5215	2364.3139	1304.2348	685.0163	341.6040	119.7704	73.3905	43.9547	25.7188	14.6950
337	4006.4027	2311.6367	1273.1158	667.5138	332.2581	116.1480	71.0937	42.5315	24.8571	14.1856
338	3923.0546	2260.1332	1242.7392	650.4585	323.1678	112.6351	68.8689	41.1543	24.0243	13.6939
339	3841.4405	2209.7772	1213.0874	633.8390	314.3263	109.2285	66.7137	39.8217	23.2195	13.2192
340	3761.5243	2160.5431	1184.1432	617.6441	305.7266	105.9249	64.6259	38.5323	22.4415	12.7610
341	3683.2707	2112.4060	1155.8895	601.8630	297.3622	102.7212	62.6035	37.2846	21.6897	12.3187
342	3606.6449	2065.3413	1128.3100	586.4851	289.2267	99.6145	60.6444	36.0773	20.9630	11.8917
343	3531.6133	2019.3253	1101.3885	571.5002	281.3138	96.6016	58.7465	34.9092	20.2607	11.4795
344	3458.1427	1974.3345	1075.1094	556.8981	273.6173	93.6800	56.9081	33.7788	19.5819	11.0815
345	3386.2005	1930.3461	1049.4572	542.6691	266.1314	90.8466	55.1272	32.6850	18.9259	10.6974
346	3315.7549	1887.3378	1024.4172	528.8036	258.8503	88.0990	53.4020	31.6267	18.2918	10.3266
347	3246.7749	1845.2877	999.9746	515.2924	251.7684	85.4345	51.7308	30.6026	17.6790	9.9687
348	3179.2299	1804.1744	976.1152	502.1265	244.8803	82.8505	50.1119	29.6117	17.0867	9.6231
349	3113.0902	1763.9772	952.8251	489.2969	238.1806	80.3448	48.5437	28.6529	16.5143	9.2895
350	3048.3263	1724.6756	930.0906	476.7952	231.6642	77.9147	47.0246	27.7251	15.9610	8.9675
351	2984.9098	1686.2497	907.8987	464.6128	225.3261	75.5582	45.5530	26.8274	15.4263	8.6567
352	2922.8126	1648.6798	886.2362	452.7417	219.1614	73.2730	44.1274	25.9587	14.9095	8.3566
353	2862.0073	1611.9471	865.0906	441.1740	213.1654	71.0569	42.7465	25.1182	14.4100	8.0670
354	2802.4669	1576.0327	844.4495	429.9018	207.3334	68.9078	41.4087	24.3048	13.9272	7.7873
355	2744.1652	1540.9185	824.3010	418.9176	201.6610	66.8237	40.1129	23.5179	13.4606	7.5174
356	2687.0763	1506.5867	804.6331	408.2141	196.1437	64.8026	38.8576	22.7563	13.0096	7.2568
357	2631.1752	1473.0197	785.4346	397.7840	190.7774	62.8427	37.6415	22.0195	12.5738	7.0053
358	2576.4370	1440.2007	766.6941	387.6204	185.5580	60.9420	36.4636	21.3065	12.1525	6.7624
359	2522.8375	1408.1129	748.4008	377.7166	180.4813	59.0989	35.3225	20.6166	11.7454	6.5280
360	2470.3531	1376.7400	730.5439	368.0657	175.5435	57.3114	34.2171	19.9490	11.3519	6.3018
361	2418.9606	1346.0660	713.1132	358.6615	170.7408	55.5781	33.1463	19.3031	10.9716	6.0833
362	2368.6373	1316.0755	696.0983	349.4975	166.0695	53.8971	32.1090	18.6781	10.6040	5.8725
363	2319.3608	1286.7532	679.4894	340.5677	161.5260	52.2670	31.1041	18.0733	10.2487	5.6689
364	2271.1095	1258.0842	663.2767	331.8660	157.1068	50.6862	30.1308	17.4881	9.9054	5.4724
365	2223.8620	1230.0540	647.4510	323.3867	152.8085	49.1532	29.1878	16.9218	9.5735	5.2827
366	2177.5974	1202.6482	632.0028	315.1240	148.6278	47.6666	28.2744	16.3739	9.2528	5.0996
367	2132.2953	1175.8531	616.9232	307.0724	144.5615	46.2249	27.3896	15.8437	8.9428	4.9228
368	2087.9356	1149.6549	602.2034	299.2266	140.6065	44.8269	26.5324	15.3307	8.6432	4.7522
369	2044.4988	1124.0405	587.8348	291.5812	136.7596	43.4711	25.7021	14.8343	8.3536	4.5874
370	2001.9656	1098.9968	573.8091	284.1312	133.0180	42.1563	24.8978	14.3539	8.0737	4.4284
371	1960.3173	1074.5110	560.1180	276.8715	129.3788	40.8813	24.1186	13.8891	7.8033	4.2749
372	1919.5355	1050.5708	546.7536	269.7973	125.8391	39.6449	23.3639	13.4394	7.5418	4.1267
373	1879.6020	1027.1639	533.7080	262.9039	122.3963	38.4458	22.6327	13.0042	7.2892	3.9837
374	1840.4993	1004.2786	520.9737	256.1865	119.0476	37.2831	21.9244	12.5832	7.0450	3.8456
375	1802.2101	981.9032	508.5433	249.6409	115.7906	36.1554	21.2383	12.1757	6.8089	3.7123
376	1764.7174	960.0262	496.4095	243.2624	112.6227	35.0619	20.5737	11.7815	6.5808	3.5836
377	1728.0047	938.6367	484.5651	237.0470	109.5414	34.0015	19.9298	11.4000	6.3603	3.4594
378	1692.0558	917.7238	473.0034	230.9903	106.5445	32.9731	19.3061	11.0309	6.1473	3.3395
379	1656.8548	897.2768	461.7175	225.0884	103.6296	31.9759	18.7020	10.6737	5.9413	3.2237
380	1622.3861	877.2854	450.7009	219.3373	100.7944	31.0088	18.1167	10.3281	5.7423	3.1120
381	1588.6344	857.7394	439.9472	213.7331	98.0367	30.0709	17.5497	9.9936	5.5499	3.0041
382	1555.5849	838.6288	429.4501	208.2721	95.3545	29.1614	17.0005	9.6701	5.3639	2.9000
383	1523.2230	819.9441	419.2034	202.9507	92.7457	28.2795	16.4685	9.3569	5.1842	2.7995
384	1491.5343	801.6757	409.2012	197.7652	90.2083	27.4241	15.9531	9.0540	5.0106	2.7024
385	1460.5048	783.8142	399.4377	192.7122	87.7403	26.5947	15.4539	8.7608	4.8427	2.6088
386	1430.1209	766.3508	389.9071	187.7883	85.3398	25.7904	14.9703	8.4771	4.6804	2.5183
387	1400.3691	749.2764	380.6039	182.9902	83.0050	25.0103	14.5018	8.2026	4.5236	2.4310
388	1371.2362	732.5824	371.5227	178.3148	80.7341	24.2539	14.0480	7.9370	4.3721	2.3468
389	1342.7094	716.2604	362.6581	173.7587	78.5253	23.5204	13.6083	7.6800	4.2256	2.2654
390	1314.7761	700.3020	354.0051	169.3191	76.3769	22.8090	13.1825	7.4314	4.0840	2.1869
391	1287.4238	684.6992	345.5585	164.9929	74.2873	22.1191	12.7699	7.1907	3.9472	2.1111
392	1260.6406	669.4441	337.3135	160.7773	72.2549	21.4502	12.3703	6.9579	3.8150	2.0379
393	1234.4146	654.5288	329.2652	156.6694	70.2780	20.8014	11.9832	6.7326	3.6872	1.9673
394	1208.7342	639.9458	321.4089	152.6664	68.3553	20.1723	11.6082	6.5146	3.5636	1.8991
395	1183.5881	625.6877	313.7401	148.7657	66.4852	19.5622	11.2449	6.3036	3.4442	1.8332
396	1158.9650	611.7473	306.2543	144.9646	64.6662	18.9705	10.8930	6.0995	3.3289	1.7697
397	1134.8543	598.1175	298.9471	141.2607	62.8970	18.3968	10.5521	5.9020	3.2173	1.7084
398	1111.2451	584.7914	291.8142	137.6515	61.1762	17.8404	10.2219	5.7109	3.1095	1.6491
399	1088.1271	571.7622	284.8515	134.1344	59.5025	17.3008	9.9020	5.5260	3.0054	1.5920
400	1065.4900	559.0233	278.0549	130.7072	57.8746	16.7775	9.5921	5.3471	2.9047	1.5368
401	1043.3238	546.5682	271.4205	127.3676	56.2912	16.2701	9.2919	5.1739	2.8074	1.4835
402	1021.6188	534.3906	264.9444	124.1133	54.7511	15.7780	9.0012	5.0064	2.7133	1.4321
403	1000.3654	522.4843	258.6229	120.9421	53.2532	15.3008	8.7195	4.8443	2.6224	1.3825
404	979.5540	510.8433	252.4521	117.8520	51.7962	14.8380	8.4466	4.6874	2.5345	1.3345
405	959.1757	499.4616	246.4286	114.8408	50.3791	14.3893	8.1823	4.5357	2.4496	1.2883
406	939.2213	488.3336	240.5488	111.9066	49.0008	13.9541	7.9262	4.3888	2.3676	1.2436
407	919.6820	477.4534	234.8093	109.0473	47.6602	13.5320	7.6782	4.2467	2.2882	1.2005
408	900.5492	466.8157	229.2068	106.2611	46.3562	13.1228	7.4379	4.1092	2.2116	1.1589
409	881.8144	456.4150	223.7379	103.5461	45.0880	12.7259	7.2051	3.9761	2.1375	1.1187
410	863.4694	446.2460	218.3995	100.9004	43.8544	12.3410	6.9796	3.8474	2.0659	1.0800
411	845.5060	436.3036	213.1885	98.3224	42.6546	11.9677	6.7612	3.7228	1.9967	1.0425
412	827.9164	426.5827	208.1018	95.8102	41.4876	11.6058	6.5496	3.6023	1.9298	1.0064
413	810.6926	417.0784	203.1365	93.3622	40.3526	11.2548	6.3447	3.4856	1.8651	0.9715
414	793.8272	407.7859	198.2897	90.9768	39.2486	10.9144	6.1461	3.3728	1.8026	0.9378
415	777.3127	398.7004	193.5585	88.6523	38.1748	10.5843	5.9538	3.2635	1.7422	0.9053
416	761.1417	389.8173	188.9402	86.3872	37.1303	10.2641	5.7675	3.1579	1.6839	0.8739
417	745.3071	381.1321	184.4321	84.1799	36.1145	9.9537	5.5870	3.0556	1.6275	0.8436
418	729.8019	372.6404	180.0315	82.0291	35.1264	9.6527	5.4121	2.9567	1.5729	0.8144
419	714.6194	364.3380	175.7359	79.9332	34.1654	9.3607	5.2428	2.8609	1.5202	0.7862
420	699.7526	356.2205	171.5429	77.8909	33.2307	9.0776	5.0787	2.7683	1.4693	0.7589
421	685.1952	348.2838	167.4499	75.9007	32.3215	8.8030	4.9197	2.6787	1.4201	0.7326
422	670.9406	340.5240	163.4545	73.9614	31.4372	8.5368	4.7658	2.5919	1.3725	0.7072
423	656.9825	332.9371	159.5545	72.0717	30.5771	8.2786	4.6166	2.5080	1.3265	0.6827
424	643.3148	325.5192	155.7475	70.2302	29.7406	8.0282	4.4722	2.4268	1.2821	0.6590
425	629.9315	318.2666	152.0314	68.4358	28.9269	7.7854	4.3322	2.3482	1.2391	0.6362
426	616.8266	311.1756	148.4039	66.6872	28.1355	7.5499	4.1966	2.2722	1.1976	0.6141
427	603.9943	304.2426	144.8630	64.9833	27.3657	7.3216	4.0653	2.1986	1.1575	0.5928
428	591.4290	297.4640	141.4066	63.3230	26.6170	7.1002	3.9381	2.1274	1.1187	0.5723
429	579.1251	290.8365	138.0326	61.7051	25.8888	6.8854	3.8148	2.0585	1.0812	0.5525
430	567.0771	284.3566	134.7391	60.1285	25.1805	6.6772	3.6955	1.9919	1.0450	0.5333
431	555.2798	278.0211	131.5243	58.5922	24.4916	6.4752	3.5798	1.9274	1.0100	0.5148
432	543.7279	271.8268	128.3861	57.0951	23.8216	6.2794	3.4678	1.8650	0.9762	0.4970
433	532.4164	265.7705	125.3228	55.6363	23.1698	6.0895	3.3593	1.8046	0.9435	0.4798
434	521.3401	259.8491	122.3326	54.2148	22.5359	5.9053	3.2541	1.7461	0.9118	0.4631
435	510.4943	254.0596	119.4137	52.8295	21.9194	5.7267	3.1523	1.6896	0.8813	0.4471
436	499.8741	248.3991	116.5645	51.4797	21.3197	5.5535	3.0537	1.6349	0.8518	0.4316
437	489.4749	242.8648	113.7833	50.1644	20.7364	5.3855	2.9581	1.5820	0.8232	0.4166
438	479.2920	237.4537	111.0684	48.8827	20.1691	5.2226	2.8655	1.5307	0.7957	0.4022
439	469.3209	232.1632	108.4183	47.6337	19.6172	5.0647	2.7758	1.4812	0.7690	0.3882
440	459.5573	226.9906	105.8315	46.4166	19.0805	4.9115	2.6890	1.4332	0.7432	0.3748
441	449.9968	221.9332	103.3063	45.2307	18.5585	4.7630	2.6048	1.3868	0.7183	0.3618
442	440.6352	216.9885	100.8414	44.0750	18.0508	4.6189	2.5233	1.3419	0.6943	0.3492
443	431.4684	212.1540	98.4354	42.9489	17.5569	4.4792	2.4443	1.2985	0.6710	0.3371
444	422.4922	207.4272	96.0867	41.8515	17.0766	4.3437	2.3679	1.2564	0.6485	0.3255
445	413.7028	202.8057	93.7941	40.7822	16.6094	4.2124	2.2938	1.2157	0.6268	0.3142
446	405.0963	198.2871	91.5561	39.7402	16.1550	4.0850	2.2220	1.1764	0.6058	0.3033
447	396.6688	193.8693	89.3716	38.7248	15.7130	3.9614	2.1524	1.1383	0.5855	0.2928
448	388.4166	189.5498	87.2392	37.7354	15.2831	3.8416	2.0851	1.1014	0.5659	0.2826
449	380.3361	185.3267	85.1577	36.7712	14.8650	3.7254	2.0198	1.0657	0.5469	0.2728
450	372.4237	181.1976	83.1258	35.8317	14.4583	3.6127	1.9566	1.0312	0.5286	0.2634
451	364.6759	177.1605	81.1424	34.9162	14.0627	3.5035	1.8954	0.9978	0.5109	0.2542
452	357.0893	173.2133	79.2064	34.0240	13.6780	3.3975	1.8361	0.9655	0.4938	0.2454
453	349.6605	169.3541	77.3165	33.1547	13.3038	3.2947	1.7786	0.9343	0.4772	0.2369
454	342.3862	165.5809	75.4717	32.3076	12.9398	3.1951	1.7229	0.9040	0.4613	0.2287
455	335.2633	161.8917	73.6710	31.4821	12.5858	3.0985	1.6690	0.8747	0.4458	0.2208
456	328.2886	158.2847	71.9132	30.6777	12.2414	3.0048	1.6168	0.8464	0.4309	0.2131
457	321.4590	154.7581	70.1973	29.8939	11.9065	2.9139	1.5662	0.8190	0.4164	0.2057
458	314.7715	151.3101	68.5224	29.1301	11.5808	2.8257	1.5172	0.7925	0.4025	0.1986
459	308.2230	147.9389	66.8875	28.3858	11.2639	2.7403	1.4697	0.7668	0.3890	0.1917
460	301.8109	144.6428	65.2915	27.6605	10.9557	2.6574	1.4237	0.7420	0.3760	0.1851
461	295.5321	141.4201	63.7337	26.9538	10.6560	2.5770	1.3792	0.7180	0.3634	0.1787
462	289.3839	138.2693	62.2130	26.2651	10.3645	2.4991	1.3360	0.6947	0.3512	0.1725
463	283.3636	135.1886	60.7286	25.5940	10.0809	2.4235	1.2942	0.6722	0.3394	0.1665
464	277.4686	132.1766	59.2796	24.9401	9.8051	2.3502	1.2537	0.6505	0.3281	0.1607
465	271.6963	129.2317	57.8652	24.3029	9.5369	2.2791	1.2145	0.6294	0.3171	0.1551
466	266.0440	126.3524	56.4845	23.6819	9.2759	2.2102	1.1765	0.6090	0.3064	0.1498
467	260.5093	123.5373	55.1368	23.0768	9.0222	2.1433	1.1396	0.5893	0.2962	0.1446
468	255.0897	120.7848	53.8213	22.4872	8.7753	2.0785	1.1040	0.5702	0.2863	0.1396
469	249.7829	118.0937	52.5371	21.9127	8.5352	2.0157	1.0694	0.5518	0.2767	0.1347
470	244.5865	115.4626	51.2835	21.3528	8.3017	1.9547	1.0360	0.5339	0.2674	0.1301
471	239.4982	112.8901	50.0599	20.8072	8.0746	1.8956	1.0035	0.5166	0.2584	0.1255
472	234.5157	110.3749	48.8655	20.2756	7.8537	1.8382	0.9721	0.4999	0.2498	0.1212
473	229.6369	107.9157	47.6996	19.7575	7.6388	1.7826	0.9417	0.4837	0.2414	0.1170
474	224.8596	105.5113	46.5614	19.2527	7.4298	1.7287	0.9122	0.4680	0.2333	0.1129
475	220.1817	103.1605	45.4505	18.7608	7.2265	1.6764	0.8837	0.4529	0.2255	0.1090
476	215.6011	100.8621	44.3660	18.2814	7.0288	1.6257	0.8560	0.4382	0.2179	0.1052
477	211.1158	98.6149	43.3075	17.8143	6.8365	1.5766	0.8292	0.4240	0.2106	0.1016
478	206.7238	96.4177	42.2742	17.3592	6.6495	1.5289	0.8033	0.4103	0.2036	0.0981
479	202.4232	94.2695	41.2655	16.9156	6.4676	1.4826	0.7782	0.3970	0.1968	0.0947
480	198.2120	92.1692	40.2809	16.4834	6.2906	1.4378	0.7538	0.3842	0.1902	0.0914
481	194.0885	90.1157	39.3198	16.0623	6.1185	1.3943	0.7302	0.3717	0.1838	0.0882
482	190.0507	88.1079	38.3816	15.6519	5.9511	1.3522	0.7074	0.3597	0.1776	0.0852
483	186.0970	86.1448	37.4658	15.2520	5.7883	1.3113	0.6852	0.3480	0.1717	0.0822
484	182.2255	84.2255	36.5719	14.8623	5.6299	1.2716	0.6638	0.3368	0.1659	0.0794
485	178.4345	82.3489	35.6993	14.4825	5.4759	1.2331	0.6430	0.3259	0.1604	0.0766
486	174.7224	80.5142	34.8475	14.1125	5.3261	1.1958	0.6229	0.3153	0.1550	0.0740
487	171.0875	78.7203	34.0160	13.7519	5.1804	1.1597	0.6034	0.3051	0.1498	0.0714
488	167.5283	76.9664	33.2044	13.4006	5.0386	1.1246	0.5845	0.2952	0.1448	0.0689
489	164.0431	75.2516	32.4122	13.0582	4.9008	1.0906	0.5662	0.2857	0.1399	0.0665
490	160.6304	73.5750	31.6388	12.7245	4.7667	1.0576	0.5485	0.2764	0.1353	0.0642
491	157.2886	71.9357	30.8839	12.3994	4.6363	1.0256	0.5313	0.2675	0.1307	0.0620
492	154.0165	70.3330	30.1470	12.0826	4.5095	0.9946	0.5147	0.2588	0.1263	0.0599
493	150.8123	68.7660	29.4277	11.7739	4.3861	0.9645	0.4986	0.2504	0.1221	0.0578
494	147.6749	67.2339	28.7256	11.4730	4.2661	0.9353	0.4830	0.2423	0.1180	0.0558
495	144.6027	65.7359	28.0402	11.1799	4.1494	0.9071	0.4679	0.2345	0.1141	0.0538
496	141.5944	64.2713	27.3711	10.8943	4.0358	0.8796	0.4532	0.2269	0.1102	0.0520
497	138.6487	62.8393	26.7181	10.6159	3.9254	0.8530	0.4391	0.2195	0.1066	0.0502
498	135.7643	61.4392	26.0806	10.3447	3.8180	0.8272	0.4253	0.2124	0.1030	0.0484
499	132.9399	60.0704	25.4583	10.0803	3.7136	0.8022	0.4120	0.2055	0.0995	0.0468
500	130.1743	58.7320	24.8508	9.8228	3.6120	0.7779	0.3991	0.1989	0.0962	0.0451
501	127.4662	57.4234	24.2579	9.5718	3.5132	0.7544	0.3866	0.1924	0.0930	0.0436
502	124.8144	56.1440	23.6791	9.3273	3.4170	0.7316	0.3745	0.1862	0.0899	0.0421
503	122.2178	54.8931	23.1141	9.0889	3.3236	0.7095	0.3628	0.1802	0.0869	0.0406
504	119.6752	53.6701	22.5626	8.8567	3.2326	0.6880	0.3514	0.1743	0.0839	0.0392
505	117.1855	52.4743	22.0243	8.6304	3.1442	0.6672	0.3405	0.1687	0.0811	0.0378
506	114.7476	51.3052	21.4988	8.4099	3.0582	0.6470	0.3298	0.1632	0.0784	0.0365
507	112.3605	50.1621	20.9858	8.1950	2.9745	0.6274	0.3195	0.1580	0.0758	0.0353
508	110.0229	49.0445	20.4851	7.9856	2.8931	0.6085	0.3095	0.1528	0.0732	0.0340
509	107.7341	47.9518	19.9963	7.7816	2.8140	0.5901	0.2998	0.1479	0.0708	0.0329
510	105.4928	46.8834	19.5192	7.5828	2.7370	0.5722	0.2904	0.1431	0.0684	0.0317
511	103.2981	45.8389	19.0535	7.3890	2.6621	0.5549	0.2813	0.1385	0.0661	0.0306
512	101.1492	44.8176	18.5989	7.2002	2.5893	0.5381	0.2725	0.1340	0.0639	0.0296
513	99.0449	43.8190	18.1551	7.0163	2.5184	0.5219	0.2640	0.1296	0.0618	0.0285
514	96.9844	42.8427	17.7219	6.8370	2.4495	0.5061	0.2557	0.1254	0.0597	0.0275
515	94.9667	41.8882	17.2991	6.6623	2.3825	0.4908	0.2477	0.1214	0.0577	0.0266
516	92.9911	40.9549	16.8863	6.4921	2.3173	0.4759	0.2400	0.1175	0.0558	0.0257
517	91.0565	40.0424	16.4834	6.3262	2.2539	0.4615	0.2325	0.1137	0.0539	0.0248
518	89.1622	39.1503	16.0901	6.1646	2.1923	0.4476	0.2252	0.1100	0.0521	0.0239
519	87.3073	38.2780	15.7062	6.0071	2.1323	0.4340	0.2181	0.1064	0.0503	0.0231
520	85.4910	37.4252	15.3315	5.8536	2.0739	0.4209	0.2113	0.1030	0.0487	0.0223
521	83.7125	36.5913	14.9656	5.7040	2.0172	0.4082	0.2047	0.0996	0.0470	0.0215
522	81.9709	35.7761	14.6086	5.5583	1.9620	0.3958	0.1983	0.0964	0.0455	0.0208
523	80.2656	34.9790	14.2600	5.4163	1.9083	0.3839	0.1921	0.0933	0.0439	0.0200
524	78.5958	34.1996	13.9198	5.2779	1.8561	0.3723	0.1861	0.0903	0.0425	0.0194
525	76.9607	33.4377	13.5876	5.1430	1.8053	0.3610	0.1803	0.0873	0.0410	0.0187
526	75.3597	32.6927	13.2634	5.0116	1.7559	0.3501	0.1746	0.0845	0.0397	0.0180
527	73.7919	31.9643	12.9470	4.8836	1.7079	0.3395	0.1692	0.0818	0.0383	0.0174
528	72.2567	31.2521	12.6381	4.7588	1.6612	0.3292	0.1639	0.0791	0.0371	0.0168
529	70.7535	30.5558	12.3365	4.6372	1.6157	0.3193	0.1587	0.0766	0.0358	0.0162
530	69.2816	29.8750	12.0422	4.5187	1.5715	0.3096	0.1538	0.0741	0.0346	0.0157
531	67.8403	29.2094	11.7548	4.4033	1.5285	0.3002	0.1490	0.0717	0.0334	0.0151
532	66.4290	28.5586	11.4744	4.2908	1.4867	0.2912	0.1443	0.0694	0.0323	0.0146
533	65.0470	27.9223	11.2006	4.1811	1.4460	0.2824	0.1398	0.0671	0.0312	0.0141
534	63.6938	27.3002	10.9333	4.0743	1.4065	0.2738	0.1354	0.0649	0.0302	0.0136
535	62.3687	26.6920	10.6725	3.9702	1.3680	0.2655	0.1312	0.0628	0.0292	0.0131
536	61.0712	26.0973	10.4178	3.8688	1.3306	0.2575	0.1271	0.0608	0.0282	0.0127
537	59.8007	25.5158	10.1693	3.7699	1.2942	0.2497	0.1231	0.0588	0.0273	0.0122
538	58.5566	24.9473	9.9266	3.6736	1.2588	0.2422	0.1192	0.0569	0.0264	0.0118
539	57.3384	24.3915	9.6898	3.5797	1.2243	0.2348	0.1155	0.0551	0.0255	0.0114
540	56.1456	23.8480	9.4586	3.4883	1.1908	0.2277	0.1119	0.0533	0.0246	0.0110
541	54.9775	23.3167	9.2329	3.3991	1.1582	0.2208	0.1084	0.0516	0.0238	0.0106
542	53.8338	22.7972	9.0126	3.3123	1.1266	0.2142	0.1050	0.0499	0.0230	0.0103
543	52.7139	22.2893	8.7976	3.2277	1.0957	0.2077	0.1017	0.0483	0.0222	0.0099
544	51.6172	21.7927	8.5876	3.1452	1.0658	0.2014	0.0985	0.0467	0.0215	0.0096
545	50.5434	21.3071	8.3827	3.0648	1.0366	0.1953	0.0954	0.0452	0.0208	0.0092
546	49.4919	20.8324	8.1827	2.9865	1.0082	0.1894	0.0925	0.0438	0.0201	0.0089
547	48.4623	20.3683	7.9875	2.9102	0.9807	0.1837	0.0896	0.0423	0.0194	0.0086
548	47.4541	19.9145	7.7969	2.8359	0.9538	0.1781	0.0868	0.0410	0.0187	0.0083
549	46.4669	19.4708	7.6109	2.7634	0.9277	0.1727	0.0840	0.0396	0.0181	0.0080
550	45.5002	19.0369	7.4293	2.6928	0.9023	0.1675	0.0814	0.0384	0.0175	0.0077
551	44.5536	18.6128	7.2520	2.6240	0.8777	0.1624	0.0789	0.0371	0.0169	0.0075
552	43.6267	18.1981	7.0790	2.5569	0.8536	0.1575	0.0764	0.0359	0.0164	0.0072
553	42.7191	17.7926	6.9101	2.4916	0.8303	0.1528	0.0740	0.0348	0.0158	0.0070
554	41.8304	17.3962	6.7452	2.4280	0.8076	0.1481	0.0717	0.0336	0.0153	0.0067
555	40.9602	17.0086	6.5843	2.3659	0.7855	0.1437	0.0694	0.0325	0.0148	0.0065
556	40.1081	16.6297	6.4272	2.3055	0.7640	0.1393	0.0673	0.0315	0.0143	0.0063
557	39.2737	16.2592	6.2738	2.2466	0.7431	0.1351	0.0652	0.0305	0.0138	0.0060
558	38.4566	15.8969	6.1241	2.1892	0.7228	0.1310	0.0631	0.0295	0.0133	0.0058
559	37.6566	15.5427	5.9780	2.1332	0.7030	0.1271	0.0612	0.0285	0.0129	0.0056
560	36.8732	15.1964	5.8354	2.0787	0.6838	0.1232	0.0592	0.0276	0.0125	0.0054
561	36.1061	14.8579	5.6961	2.0256	0.6650	0.1195	0.0574	0.0267	0.0120	0.0052
562	35.3549	14.5268	5.5602	1.9739	0.6469	0.1159	0.0556	0.0258	0.0116	0.0051
563	34.6194	14.2032	5.4276	1.9234	0.6292	0.1124	0.0538	0.0250	0.0112	0.0049
564	33.8992	13.8867	5.2980	1.8743	0.6119	0.1090	0.0522	0.0242	0.0109	0.0047
565	33.1940	13.5773	5.1716	1.8264	0.5952	0.1057	0.0505	0.0234	0.0105	0.0046
566	32.5034	13.2748	5.0482	1.7797	0.5789	0.1025	0.0490	0.0227	0.0101	0.0044
567	31.8272	12.9790	4.9278	1.7342	0.5631	0.0994	0.0474	0.0219	0.0098	0.0042
568	31.1651	12.6899	4.8102	1.6899	0.5477	0.0964	0.0459	0.0212	0.0095	0.0041
569	30.5168	12.4071	4.6954	1.6468	0.5327	0.0935	0.0445	0.0205	0.0092	0.0040
570	29.8819	12.1307	4.5834	1.6047	0.5181	0.0906	0.0431	0.0199	0.0089	0.0038
571	29.2602	11.8604	4.4740	1.5637	0.5039	0.0879	0.0418	0.0192	0.0086	0.0037
572	28.6515	11.5962	4.3673	1.5237	0.4902	0.0852	0.0404	0.0186	0.0083	0.0036
573	28.0555	11.3378	4.2631	1.4848	0.4767	0.0827	0.0392	0.0180	0.0080	0.0034
574	27.4718	11.0852	4.1614	1.4469	0.4637	0.0802	0.0380	0.0174	0.0077	0.0033
575	26.9003	10.8382	4.0621	1.4099	0.4510	0.0777	0.0368	0.0168	0.0075	0.0032
576	26.3407	10.5968	3.9652	1.3739	0.4387	0.0754	0.0356	0.0163	0.0072	0.0031
577	25.7927	10.3607	3.8706	1.3388	0.4267	0.0731	0.0345	0.0158	0.0070	0.0030
578	25.2561	10.1298	3.7782	1.3046	0.4150	0.0709	0.0334	0.0153	0.0067	0.0029
579	24.7307	9.9041	3.6881	1.2712	0.4036	0.0687	0.0324	0.0148	0.0065	0.0028
580	24.2162	9.6835	3.6001	1.2387	0.3926	0.0667	0.0314	0.0143	0.0063	0.0027
581	23.7124	9.4677	3.5142	1.2071	0.3819	0.0647	0.0304	0.0138	0.0061	0.0026
582	23.2191	9.2568	3.4303	1.1763	0.3714	0.0627	0.0294	0.0134	0.0059	0.0025
583	22.7361	9.0505	3.3485	1.1462	0.3613	0.0608	0.0285	0.0129	0.0057	0.0024
584	22.2631	8.8489	3.2686	1.1169	0.3514	0.0590	0.0276	0.0125	0.0055	0.0023
585	21.7999	8.6517	3.1906	1.0884	0.3418	0.0572	0.0268	0.0121	0.0053	0.0023
586	21.3464	8.4590	3.1145	1.0606	0.3324	0.0554	0.0259	0.0117	0.0051	0.0022
587	20.9023	8.2705	3.0401	1.0335	0.3233	0.0538	0.0251	0.0113	0.0050	0.0021
588	20.4675	8.0862	2.9676	1.0071	0.3145	0.0521	0.0243	0.0110	0.0048	0.0020
589	20.0417	7.9061	2.8968	0.9813	0.3059	0.0506	0.0236	0.0106	0.0046	0.0020
590	19.6247	7.7299	2.8277	0.9563	0.2975	0.0490	0.0228	0.0103	0.0045	0.0019
591	19.2165	7.5577	2.7602	0.9318	0.2894	0.0476	0.0221	0.0099	0.0043	0.0018
592	18.8167	7.3893	2.6944	0.9080	0.2814	0.0461	0.0214	0.0096	0.0042	0.0018
593	18.4252	7.2247	2.6301	0.8848	0.2737	0.0447	0.0207	0.0093	0.0040	0.0017
594	18.0419	7.0637	2.5673	0.8622	0.2662	0.0434	0.0201	0.0090	0.0039	0.0016
595	17.6666	6.9063	2.5061	0.8402	0.2590	0.0421	0.0195	0.0087	0.0038	0.0016
596	17.2990	6.7525	2.4463	0.8187	0.2519	0.0408	0.0189	0.0084	0.0037	0.0015
597	16.9392	6.6020	2.3879	0.7978	0.2450	0.0396	0.0183	0.0082	0.0035	0.0015
598	16.5868	6.4549	2.3309	0.7774	0.2383	0.0384	0.0177	0.0079	0.0034	0.0014
599	16.2417	6.3111	2.2753	0.7575	0.2318	0.0372	0.0171	0.0076	0.0033	0.0014
600	15.9038	6.1705	2.2210	0.7382	0.2254	0.0361	0.0166	0.0074	0.0032	0.0013
601	15.5729	6.0330	2.1680	0.7193	0.2193	0.0350	0.0161	0.0072	0.0031	0.0013
602	15.2490	5.8986	2.1163	0.7010	0.2133	0.0339	0.0156	0.0069	0.0030	0.0012
603	14.9317	5.7672	2.0658	0.6830	0.2074	0.0329	0.0151	0.0067	0.0029	0.0012
604	14.6211	5.6387	2.0165	0.6656	0.2017	0.0319	0.0146	0.0065	0.0028	0.0012
605	14.3169	5.5131	1.9684	0.6486	0.1962	0.0309	0.0142	0.0063	0.0027	0.0011
606	14.0191	5.3902	1.9214	0.6320	0.1909	0.0300	0.0137	0.0061	0.0026	0.0011
607	13.7274	5.2701	1.8756	0.6159	0.1856	0.0291	0.0133	0.0059	0.0025	0.0010
608	13.4419	5.1527	1.8308	0.6001	0.1806	0.0282	0.0129	0.0057	0.0024	0.0010
609	13.1622	5.0379	1.7871	0.5848	0.1756	0.0274	0.0125	0.0055	0.0023	0.0010
610	12.8884	4.9257	1.7445	0.5699	0.1708	0.0265	0.0121	0.0053	0.0023	0.0009
611	12.6203	4.8159	1.7029	0.5553	0.1661	0.0257	0.0117	0.0052	0.0022	0.0009
612	12.3577	4.7086	1.6623	0.5411	0.1616	0.0250	0.0113	0.0050	0.0021	0.0009
613	12.1006	4.6037	1.6226	0.5273	0.1572	0.0242	0.0110	0.0048	0.0020	0.0008
614	11.8489	4.5011	1.5839	0.5138	0.1529	0.0235	0.0106	0.0047	0.0020	0.0008
615	11.6024	4.4008	1.5461	0.5007	0.1487	0.0228	0.0103	0.0045	0.0019	0.0008
616	11.3610	4.3028	1.5092	0.4879	0.1446	0.0221	0.0100	0.0044	0.0018	0.0008
617	11.1247	4.2069	1.4732	0.4754	0.1407	0.0214	0.0097	0.0042	0.0018	0.0007
618	10.8932	4.1132	1.4380	0.4633	0.1368	0.0208	0.0094	0.0041	0.0017	0.0007
619	10.6666	4.0216	1.4037	0.4514	0.1331	0.0201	0.0091	0.0040	0.0017	0.0007
620	10.4447	3.9320	1.3702	0.4399	0.1294	0.0195	0.0088	0.0038	0.0016	0.0007
621	10.2274	3.8444	1.3375	0.4287	0.1259	0.0189	0.0085	0.0037	0.0016	0.0006
622	10.0146	3.7587	1.3056	0.4177	0.1225	0.0184	0.0083	0.0036	0.0015	0.0006
623	9.8063	3.6750	1.2745	0.4070	0.1191	0.0178	0.0080	0.0035	0.0015	0.0006
624	9.6023	3.5931	1.2441	0.3966	0.1158	0.0173	0.0077	0.0034	0.0014	0.0006
625	9.4025	3.5130	1.2144	0.3865	0.1127	0.0167	0.0075	0.0032	0.0014	0.0005
626	9.2069	3.4348	1.1854	0.3766	0.1096	0.0162	0.0073	0.0031	0.0013	0.0005
627	9.0154	3.3582	1.1571	0.3670	0.1066	0.0157	0.0070	0.0030	0.0013	0.0005
628	8.8278	3.2834	1.1295	0.3576	0.1037	0.0153	0.0068	0.0029	0.0012	0.0005
629	8.6442	3.2102	1.1026	0.3485	0.1008	0.0148	0.0066	0.0028	0.0012	0.0005
630	8.4644	3.1387	1.0763	0.3396	0.0981	0.0144	0.0064	0.0028	0.0011	0.0005
631	8.2883	3.0688	1.0506	0.3309	0.0954	0.0139	0.0062	0.0027	0.0011	0.0004
632	8.1158	3.0004	1.0255	0.3225	0.0928	0.0135	0.0060	0.0026	0.0011	0.0004
633	7.9470	2.9336	1.0010	0.3142	0.0902	0.0131	0.0058	0.0025	0.0010	0.0004
634	7.7817	2.8682	0.9772	0.3062	0.0878	0.0127	0.0056	0.0024	0.0010	0.0004
635	7.6198	2.8043	0.9538	0.2984	0.0854	0.0123	0.0055	0.0023	0.0010	0.0004
636	7.4613	2.7418	0.9311	0.2907	0.0830	0.0119	0.0053	0.0023	0.0009	0.0004
637	7.3060	2.6807	0.9089	0.2833	0.0808	0.0116	0.0051	0.0022	0.0009	0.0004
638	7.1540	2.6210	0.8872	0.2761	0.0786	0.0112	0.0050	0.0021	0.0009	0.0003
639	7.0052	2.5626	0.8660	0.2690	0.0764	0.0109	0.0048	0.0020	0.0008	0.0003
640	6.8595	2.5055	0.8453	0.2621	0.0743	0.0106	0.0047	0.0020	0.0008	0.0003
641	6.7168	2.4497	0.8252	0.2554	0.0723	0.0102	0.0045	0.0019	0.0008	0.0003
642	6.5770	2.3951	0.8055	0.2489	0.0703	0.0099	0.0044	0.0019	0.0008	0.0003
643	6.4402	2.3418	0.7863	0.2426	0.0684	0.0096	0.0042	0.0018	0.0007	0.0003
644	6.3062	2.2896	0.7675	0.2364	0.0665	0.0093	0.0041	0.0017	0.0007	0.0003
645	6.1750	2.2386	0.7492	0.2303	0.0647	0.0091	0.0040	0.0017	0.0007	0.0003
646	6.0466	2.1887	0.7313	0.2244	0.0629	0.0088	0.0038	0.0016	0.0007	0.0003
647	5.9208	2.1399	0.7139	0.2187	0.0612	0.0085	0.0037	0.0016	0.0006	0.0003
648	5.7976	2.0922	0.6968	0.2131	0.0595	0.0083	0.0036	0.0015	0.0006	0.0002
649	5.6770	2.0456	0.6802	0.2077	0.0579	0.0080	0.0035	0.0015	0.0006	0.0002
650	5.5589	2.0001	0.6640	0.2024	0.0563	0.0078	0.0034	0.0014	0.0006	0.0002
651	5.4433	1.9555	0.6481	0.1972	0.0548	0.0075	0.0033	0.0014	0.0006	0.0002
652	5.3300	1.9119	0.6327	0.1922	0.0533	0.0073	0.0032	0.0013	0.0005	0.0002
653	5.2191	1.8693	0.6176	0.1872	0.0518	0.0071	0.0031	0.0013	0.0005	0.0002
654	5.1106	1.8277	0.6028	0.1825	0.0504	0.0069	0.0030	0.0013	0.0005	0.0002
655	5.0042	1.7870	0.5885	0.1778	0.0490	0.0067	0.0029	0.0012	0.0005	0.0002
656	4.9001	1.7471	0.5744	0.1733	0.0477	0.0065	0.0028	0.0012	0.0005	0.0002
657	4.7982	1.7082	0.5607	0.1688	0.0464	0.0063	0.0027	0.0011	0.0005	0.0002
658	4.6984	1.6702	0.5473	0.1645	0.0451	0.0061	0.0026	0.0011	0.0004	0.0002
659	4.6006	1.6329	0.5343	0.1603	0.0439	0.0059	0.0025	0.0011	0.0004	0.0002
660	4.5049	1.5966	0.5215	0.1562	0.0427	0.0057	0.0025	0.0010	0.0004	0.0002
661	4.4112	1.5610	0.5091	0.1522	0.0415	0.0055	0.0024	0.0010	0.0004	0.0002
662	4.3194	1.5262	0.4969	0.1483	0.0404	0.0054	0.0023	0.0010	0.0004	0.0001
663	4.2296	1.4922	0.4851	0.1445	0.0393	0.0052	0.0022	0.0009	0.0004	0.0001
664	4.1416	1.4590	0.4735	0.1409	0.0382	0.0051	0.0022	0.0009	0.0004	0.0001
665	4.0554	1.4265	0.4622	0.1373	0.0371	0.0049	0.0021	0.0009	0.0003	0.0001
666	3.9710	1.3947	0.4512	0.1337	0.0361	0.0048	0.0020	0.0008	0.0003	0.0001
667	3.8884	1.3636	0.4404	0.1303	0.0351	0.0046	0.0020	0.0008	0.0003	0.0001
668	3.8075	1.3332	0.4299	0.1270	0.0342	0.0045	0.0019	0.0008	0.0003	0.0001
669	3.7283	1.3035	0.4196	0.1238	0.0332	0.0043	0.0019	0.0008	0.0003	0.0001
670	3.6508	1.2745	0.4096	0.1206	0.0323	0.0042	0.0018	0.0007	0.0003	0.0001
671	3.5748	1.2461	0.3999	0.1175	0.0315	0.0041	0.0017	0.0007	0.0003	0.0001
672	3.5004	1.2183	0.3903	0.1145	0.0306	0.0040	0.0017	0.0007	0.0003	0.0001
673	3.4276	1.1912	0.3810	0.1116	0.0298	0.0038	0.0016	0.0007	0.0003	0.0001
674	3.3563	1.1646	0.3719	0.1087	0.0289	0.0037	0.0016	0.0006	0.0003	0.0001
675	3.2865	1.1387	0.3630	0.1060	0.0281	0.0036	0.0015	0.0006	0.0002	0.0001
676	3.2181	1.1133	0.3544	0.1032	0.0274	0.0035	0.0015	0.0006	0.0002	0.0001
677	3.1512	1.0885	0.3459	0.1006	0.0266	0.0034	0.0014	0.0006	0.0002	0.0001
678	3.0856	1.0643	0.3377	0.0980	0.0259	0.0033	0.0014	0.0006	0.0002	0.0001
679	3.0214	1.0405	0.3296	0.0955	0.0252	0.0032	0.0013	0.0005	0.0002	0.0001
680	2.9586	1.0174	0.3218	0.0931	0.0245	0.0031	0.0013	0.0005	0.0002	0.0001
681	2.8970	0.9947	0.3141	0.0907	0.0238	0.0030	0.0013	0.0005	0.0002	0.0001
682	2.8368	0.9725	0.3066	0.0884	0.0232	0.0029	0.0012	0.0005	0.0002	0.0001
683	2.7777	0.9509	0.2993	0.0861	0.0225	0.0028	0.0012	0.0005	0.0002	0.0001
684	2.7199	0.9297	0.2921	0.0839	0.0219	0.0027	0.0011	0.0005	0.0002	0.0001
685	2.6634	0.9090	0.2852	0.0818	0.0213	0.0027	0.0011	0.0005	0.0002	0.0001
686	2.6080	0.8887	0.2784	0.0797	0.0207	0.0026	0.0011	0.0004	0.0002	0.0001
687	2.5537	0.8689	0.2717	0.0777	0.0202	0.0025	0.0010	0.0004	0.0002	0.0001
688	2.5006	0.8496	0.2652	0.0757	0.0196	0.0024	0.0010	0.0004	0.0002	0.0001
689	2.4486	0.8306	0.2589	0.0737	0.0191	0.0023	0.0010	0.0004	0.0002	0.0001
690	2.3976	0.8121	0.2527	0.0719	0.0186	0.0023	0.0009	0.0004	0.0001	0.0001
691	2.3477	0.7940	0.2467	0.0700	0.0181	0.0022	0.0009	0.0004	0.0001	0.0001
692	2.2989	0.7763	0.2408	0.0682	0.0176	0.0021	0.0009	0.0004	0.0001	0.0001
693	2.2511	0.7590	0.2351	0.0665	0.0171	0.0021	0.0009	0.0003	0.0001	0.0000
694	2.2042	0.7421	0.2295	0.0648	0.0166	0.0020	0.0008	0.0003	0.0001	0.0000
695	2.1584	0.7256	0.2240	0.0631	0.0162	0.0020	0.0008	0.0003	0.0001	0.0000
696	2.1135	0.7094	0.2186	0.0615	0.0157	0.0019	0.0008	0.0003	0.0001	0.0000
697	2.0695	0.6936	0.2134	0.0600	0.0153	0.0018	0.0008	0.0003	0.0001	0.0000
698	2.0265	0.6782	0.2083	0.0584	0.0149	0.0018	0.0007	0.0003	0.0001	0.0000
699	1.9843	0.6631	0.2034	0.0569	0.0145	0.0017	0.0007	0.0003	0.0001	0.0000
700	1.9430	0.6483	0.1985	0.0555	0.0141	0.0017	0.0007	0.0003	0.0001	0.0000
701	1.9026	0.6338	0.1938	0.0541	0.0137	0.0016	0.0007	0.0003	0.0001	0.0000
702	1.8630	0.6197	0.1891	0.0527	0.0133	0.0016	0.0006	0.0003	0.0001	0.0000
703	1.8243	0.6059	0.1846	0.0513	0.0129	0.0015	0.0006	0.0002	0.0001	0.0000
704	1.7863	0.5924	0.1802	0.0500	0.0126	0.0015	0.0006	0.0002	0.0001	0.0000
705	1.7491	0.5792	0.1759	0.0487	0.0122	0.0014	0.0006	0.0002	0.0001	0.0000
706	1.7128	0.5663	0.1717	0.0475	0.0119	0.0014	0.0006	0.0002	0.0001	0.0000
707	1.6771	0.5537	0.1676	0.0463	0.0116	0.0013	0.0006	0.0002	0.0001	0.0000
708	1.6422	0.5414	0.1636	0.0451	0.0113	0.0013	0.0005	0.0002	0.0001	0.0000
709	1.6081	0.5293	0.1597	0.0439	0.0110	0.0013	0.0005	0.0002	0.0001	0.0000
710	1.5746	0.5175	0.1559	0.0428	0.0107	0.0012	0.0005	0.0002	0.0001	0.0000
711	1.5419	0.5060	0.1522	0.0417	0.0104	0.0012	0.0005	0.0002	0.0001	0.0000
712	1.5098	0.4947	0.1486	0.0407	0.0101	0.0012	0.0005	0.0002	0.0001	0.0000
713	1.4784	0.4837	0.1450	0.0396	0.0098	0.0011	0.0005	0.0002	0.0001	0.0000
714	1.4476	0.4729	0.1416	0.0386	0.0095	0.0011	0.0004	0.0002	0.0001	0.0000
715	1.4175	0.4624	0.1382	0.0376	0.0093	0.0011	0.0004	0.0002	0.0001	0.0000
716	1.3880	0.4521	0.1349	0.0367	0.0090	0.0010	0.0004	0.0002	0.0001	0.0000
717	1.3591	0.4420	0.1317	0.0357	0.0088	0.0010	0.0004	0.0002	0.0001	0.0000
718	1.3309	0.4321	0.1285	0.0348	0.0085	0.0010	0.0004	0.0002	0.0001	0.0000
719	1.3032	0.4225	0.1255	0.0339	0.0083	0.0009	0.0004	0.0001	0.0001	0.0000
720	1.2761	0.4131	0.1225	0.0331	0.0081	0.0009	0.0004	0.0001	0.0001	0.0000
721	1.2495	0.4039	0.1195	0.0322	0.0079	0.0009	0.0004	0.0001	0.0001	0.0000
722	1.2235	0.3949	0.1167	0.0314	0.0076	0.0009	0.0003	0.0001	0.0000	0.0000
723	1.1981	0.3861	0.1139	0.0306	0.0074	0.0008	0.0003	0.0001	0.0000	0.0000
724	1.1731	0.3775	0.1112	0.0298	0.0072	0.0008	0.0003	0.0001	0.0000	0.0000
725	1.1487	0.3691	0.1085	0.0290	0.0070	0.0008	0.0003	0.0001	0.0000	0.0000
726	1.1248	0.3609	0.1059	0.0283	0.0068	0.0008	0.0003	0.0001	0.0000	0.0000
727	1.1014	0.3528	0.1034	0.0276	0.0067	0.0007	0.0003	0.0001	0.0000	0.0000
728	1.0785	0.3450	0.1009	0.0269	0.0065	0.0007	0.0003	0.0001	0.0000	0.0000
729	1.0561	0.3373	0.0985	0.0262	0.0063	0.0007	0.0003	0.0001	0.0000	0.0000
730	1.0341	0.3298	0.0962	0.0255	0.0061	0.0007	0.0003	0.0001	0.0000	0.0000
731	1.0126	0.3224	0.0939	0.0249	0.0060	0.0006	0.0003	0.0001	0.0000	0.0000
732	0.9915	0.3152	0.0917	0.0242	0.0058	0.0006	0.0002	0.0001	0.0000	0.0000
733	0.9709	0.3082	0.0895	0.0236	0.0056	0.0006	0.0002	0.0001	0.0000	0.0000
734	0.9507	0.3013	0.0873	0.0230	0.0055	0.0006	0.0002	0.0001	0.0000	0.0000
735	0.9309	0.2946	0.0852	0.0224	0.0053	0.0006	0.0002	0.0001	0.0000	0.0000
736	0.9116	0.2881	0.0832	0.0218	0.0052	0.0006	0.0002	0.0001	0.0000	0.0000
737	0.8926	0.2816	0.0812	0.0213	0.0050	0.0005	0.0002	0.0001	0.0000	0.0000
738	0.8740	0.2754	0.0793	0.0207	0.0049	0.0005	0.0002	0.0001	0.0000	0.0000
739	0.8558	0.2692	0.0774	0.0202	0.0048	0.0005	0.0002	0.0001	0.0000	0.0000
740	0.8380	0.2632	0.0756	0.0197	0.0046	0.0005	0.0002	0.0001	0.0000	0.0000
741	0.8206	0.2574	0.0737	0.0192	0.0045	0.0005	0.0002	0.0001	0.0000	0.0000
742	0.8035	0.2516	0.0720	0.0187	0.0044	0.0005	0.0002	0.0001	0.0000	0.0000
743	0.7868	0.2460	0.0703	0.0182	0.0043	0.0004	0.0002	0.0001	0.0000	0.0000
744	0.7705	0.2405	0.0686	0.0178	0.0042	0.0004	0.0002	0.0001	0.0000	0.0000
745	0.7544	0.2352	0.0670	0.0173	0.0040	0.0004	0.0002	0.0001	0.0000	0.0000
746	0.7387	0.2299	0.0654	0.0169	0.0039	0.0004	0.0002	0.0001	0.0000	0.0000
747	0.7234	0.2248	0.0638	0.0164	0.0038	0.0004	0.0002	0.0001	0.0000	0.0000
748	0.7083	0.2198	0.0623	0.0160	0.0037	0.0004	0.0002	0.0001	0.0000	0.0000
749	0.6936	0.2149	0.0608	0.0156	0.0036	0.0004	0.0001	0.0001	0.0000	0.0000
750	0.6791	0.2101	0.0593	0.0152	0.0035	0.0004	0.0001	0.0001	0.0000	0.0000
751	0.6650	0.2054	0.0579	0.0148	0.0034	0.0003	0.0001	0.0001	0.0000	0.0000
752	0.6512	0.2009	0.0565	0.0144	0.0033	0.0003	0.0001	0.0000	0.0000	0.0000
753	0.6376	0.1964	0.0552	0.0141	0.0032	0.0003	0.0001	0.0000	0.0000	0.0000
754	0.6244	0.1920	0.0539	0.0137	0.0031	0.0003	0.0001	0.0000	0.0000	0.0000
755	0.6114	0.1877	0.0526	0.0134	0.0031	0.0003	0.0001	0.0000	0.0000	0.0000
756	0.5987	0.1836	0.0513	0.0130	0.0030	0.0003	0.0001	0.0000	0.0000	0.0000
757	0.5862	0.1795	0.0501	0.0127	0.0029	0.0003	0.0001	0.0000	0.0000	0.0000
758	0.5740	0.1755	0.0489	0.0124	0.0028	0.0003	0.0001	0.0000	0.0000	0.0000
759	0.5621	0.1716	0.0478	0.0120	0.0027	0.0003	0.0001	0.0000	0.0000	0.0000
760	0.5504	0.1677	0.0466	0.0117	0.0027	0.0003	0.0001	0.0000	0.0000	0.0000
761	0.5389	0.1640	0.0455	0.0114	0.0026	0.0003	0.0001	0.0000	0.0000	0.0000
762	0.5277	0.1603	0.0444	0.0111	0.0025	0.0002	0.0001	0.0000	0.0000	0.0000
763	0.5167	0.1568	0.0434	0.0109	0.0025	0.0002	0.0001	0.0000	0.0000	0.0000
764	0.5060	0.1533	0.0423	0.0106	0.0024	0.0002	0.0001	0.0000	0.0000	0.0000
765	0.4955	0.1499	0.0413	0.0103	0.0023	0.0002	0.0001	0.0000	0.0000	0.0000
766	0.4852	0.1465	0.0403	0.0101	0.0023	0.0002	0.0001	0.0000	0.0000	0.0000
767	0.4751	0.1433	0.0394	0.0098	0.0022	0.0002	0.0001	0.0000	0.0000	0.0000
768	0.4652	0.1401	0.0384	0.0095	0.0021	0.0002	0.0001	0.0000	0.0000	0.0000
769	0.4555	0.1369	0.0375	0.0093	0.0021	0.0002	0.0001	0.0000	0.0000	0.0000
770	0.4460	0.1339	0.0366	0.0091	0.0020	0.0002	0.0001	0.0000	0.0000	0.0000
771	0.4367	0.1309	0.0357	0.0088	0.0020	0.0002	0.0001	0.0000	0.0000	0.0000
772	0.4277	0.1280	0.0349	0.0086	0.0019	0.0002	0.0001	0.0000	0.0000	0.0000
773	0.4188	0.1251	0.0341	0.0084	0.0019	0.0002	0.0001	0.0000	0.0000	0.0000
774	0.4101	0.1224	0.0332	0.0082	0.0018	0.0002	0.0001	0.0000	0.0000	0.0000
775	0.4015	0.1196	0.0324	0.0080	0.0018	0.0002	0.0001	0.0000	0.0000	0.0000
776	0.3932	0.1170	0.0317	0.0078	0.0017	0.0002	0.0001	0.0000	0.0000	0.0000
777	0.3850	0.1144	0.0309	0.0076	0.0017	0.0002	0.0001	0.0000	0.0000	0.0000
778	0.3770	0.1118	0.0302	0.0074	0.0016	0.0002	0.0001	0.0000	0.0000	0.0000
779	0.3691	0.1093	0.0295	0.0072	0.0016	0.0001	0.0001	0.0000	0.0000	0.0000
780	0.3615	0.1069	0.0288	0.0070	0.0015	0.0001	0.0001	0.0000	0.0000	0.0000
781	0.3539	0.1045	0.0281	0.0068	0.0015	0.0001	0.0001	0.0000	0.0000	0.0000
782	0.3466	0.1022	0.0274	0.0066	0.0014	0.0001	0.0001	0.0000	0.0000	0.0000
783	0.3394	0.0999	0.0267	0.0065	0.0014	0.0001	0.0000	0.0000	0.0000	0.0000
784	0.3323	0.0977	0.0261	0.0063	0.0014	0.0001	0.0000	0.0000	0.0000	0.0000
785	0.3254	0.0955	0.0255	0.0061	0.0013	0.0001	0.0000	0.0000	0.0000	0.0000
786	0.3186	0.0934	0.0249	0.0060	0.0013	0.0001	0.0000	0.0000	0.0000	0.0000
787	0.3120	0.0913	0.0243	0.0058	0.0013	0.0001	0.0000	0.0000	0.0000	0.0000
788	0.3055	0.0893	0.0237	0.0057	0.0012	0.0001	0.0000	0.0000	0.0000	0.0000
789	0.2991	0.0873	0.0231	0.0055	0.0012	0.0001	0.0000	0.0000	0.0000	0.0000
790	0.2929	0.0853	0.0226	0.0054	0.0012	0.0001	0.0000	0.0000	0.0000	0.0000
791	0.2868	0.0834	0.0220	0.0053	0.0011	0.0001	0.0000	0.0000	0.0000	0.0000
792	0.2809	0.0816	0.0215	0.0051	0.0011	0.0001	0.0000	0.0000	0.0000	0.0000
793	0.2750	0.0797	0.0210	0.0050	0.0011	0.0001	0.0000	0.0000	0.0000	0.0000
794	0.2693	0.0780	0.0205	0.0049	0.0010	0.0001	0.0000	0.0000	0.0000	0.0000
795	0.2637	0.0762	0.0200	0.0047	0.0010	0.0001	0.0000	0.0000	0.0000	0.0000
796	0.2582	0.0745	0.0195	0.0046	0.0010	0.0001	0.0000	0.0000	0.0000	0.0000
797	0.2528	0.0729	0.0191	0.0045	0.0010	0.0001	0.0000	0.0000	0.0000	0.0000
798	0.2476	0.0712	0.0186	0.0044	0.0009	0.0001	0.0000	0.0000	0.0000	0.0000
799	0.2424	0.0697	0.0182	0.0043	0.0009	0.0001	0.0000	0.0000	0.0000	0.0000
800	0.2374	0.0681	0.0177	0.0042	0.0009	0.0001	0.0000	0.0000	0.0000	0.0000
801	0.2324	0.0666	0.0173	0.0041	0.0009	0.0001	0.0000	0.0000	0.0000	0.0000
802	0.2276	0.0651	0.0169	0.0040	0.0008	0.0001	0.0000	0.0000	0.0000	0.0000
803	0.2229	0.0637	0.0165	0.0039	0.0008	0.0001	0.0000	0.0000	0.0000	0.0000
804	0.2182	0.0622	0.0161	0.0038	0.0008	0.0001	0.0000	0.0000	0.0000	0.0000
805	0.2137	0.0609	0.0157	0.0037	0.0008	0.0001	0.0000	0.0000	0.0000	0.0000
806	0.2093	0.0595	0.0153	0.0036	0.0007	0.0001	0.0000	0.0000	0.0000	0.0000
807	0.2049	0.0582	0.0150	0.0035	0.0007	0.0001	0.0000	0.0000	0.0000	0.0000
808	0.2006	0.0569	0.0146	0.0034	0.0007	0.0001	0.0000	0.0000	0.0000	0.0000
809	0.1965	0.0556	0.0143	0.0033	0.0007	0.0001	0.0000	0.0000	0.0000	0.0000
810	0.1924	0.0544	0.0139	0.0032	0.0007	0.0001	0.0000	0.0000	0.0000	0.0000
811	0.1884	0.0532	0.0136	0.0031	0.0006	0.0001	0.0000	0.0000	0.0000	0.0000
812	0.1845	0.0520	0.0133	0.0031	0.0006	0.0001	0.0000	0.0000	0.0000	0.0000
813	0.1806	0.0508	0.0130	0.0030	0.0006	0.0001	0.0000	0.0000	0.0000	0.0000
814	0.1769	0.0497	0.0127	0.0029	0.0006	0.0001	0.0000	0.0000	0.0000	0.0000
815	0.1732	0.0486	0.0123	0.0028	0.0006	0.0000	0.0000	0.0000	0.0000	0.0000
816	0.1696	0.0475	0.0121	0.0028	0.0006	0.0000	0.0000	0.0000	0.0000	0.0000
817	0.1660	0.0464	0.0118	0.0027	0.0005	0.0000	0.0000	0.0000	0.0000	0.0000
818	0.1626	0.0454	0.0115	0.0026	0.0005	0.0000	0.0000	0.0000	0.0000	0.0000
819	0.1592	0.0444	0.0112	0.0025	0.0005	0.0000	0.0000	0.0000	0.0000	0.0000
820	0.1559	0.0434	0.0109	0.0025	0.0005	0.0000	0.0000	0.0000	0.0000	0.0000
821	0.1527	0.0424	0.0107	0.0024	0.0005	0.0000	0.0000	0.0000	0.0000	0.0000
822	0.1495	0.0415	0.0104	0.0024	0.0005	0.0000	0.0000	0.0000	0.0000	0.0000
823	0.1464	0.0406	0.0102	0.0023	0.0005	0.0000	0.0000	0.0000	0.0000	0.0000
824	0.1433	0.0397	0.0099	0.0022	0.0005	0.0000	0.0000	0.0000	0.0000	0.0000
825	0.1403	0.0388	0.0097	0.0022	0.0004	0.0000	0.0000	0.0000	0.0000	0.0000
826	0.1374	0.0379	0.0095	0.0021	0.0004	0.0000	0.0000	0.0000	0.0000	0.0000
827	0.1346	0.0371	0.0092	0.0021	0.0004	0.0000	0.0000	0.0000	0.0000	0.0000
828	0.1318	0.0362	0.0090	0.0020	0.0004	0.0000	0.0000	0.0000	0.0000	0.0000
829	0.1290	0.0354	0.0088	0.0020	0.0004	0.0000	0.0000	0.0000	0.0000	0.0000
830	0.1263	0.0346	0.0086	0.0019	0.0004	0.0000	0.0000	0.0000	0.0000	0.0000
831	0.1237	0.0339	0.0084	0.0019	0.0004	0.0000	0.0000	0.0000	0.0000	0.0000
832	0.1211	0.0331	0.0082	0.0018	0.0004	0.0000	0.0000	0.0000	0.0000	0.0000
833	0.1186	0.0324	0.0080	0.0018	0.0004	0.0000	0.0000	0.0000	0.0000	0.0000
834	0.1162	0.0317	0.0078	0.0017	0.0003	0.0000	0.0000	0.0000	0.0000	0.0000
835	0.1137	0.0310	0.0076	0.0017	0.0003	0.0000	0.0000	0.0000	0.0000	0.0000
836	0.1114	0.0303	0.0074	0.0016	0.0003	0.0000	0.0000	0.0000	0.0000	0.0000
837	0.1091	0.0296	0.0073	0.0016	0.0003	0.0000	0.0000	0.0000	0.0000	0.0000
838	0.1068	0.0289	0.0071	0.0016	0.0003	0.0000	0.0000	0.0000	0.0000	0.0000
839	0.1046	0.0283	0.0069	0.0015	0.0003	0.0000	0.0000	0.0000	0.0000	0.0000
840	0.1024	0.0277	0.0068	0.0015	0.0003	0.0000	0.0000	0.0000	0.0000	0.0000
841	0.1003	0.0270	0.0066	0.0014	0.0003	0.0000	0.0000	0.0000	0.0000	0.0000
842	0.0982	0.0264	0.0064	0.0014	0.0003	0.0000	0.0000	0.0000	0.0000	0.0000
843	0.0961	0.0258	0.0063	0.0014	0.0003	0.0000	0.0000	0.0000	0.0000	0.0000
844	0.0941	0.0253	0.0061	0.0013	0.0003	0.0000	0.0000	0.0000	0.0000	0.0000
845	0.0922	0.0247	0.0060	0.0013	0.0003	0.0000	0.0000	0.0000	0.0000	0.0000
846	0.0903	0.0242	0.0058	0.0013	0.0002	0.0000	0.0000	0.0000	0.0000	0.0000
847	0.0884	0.0236	0.0057	0.0012	0.0002	0.0000	0.0000	0.0000	0.0000	0.0000
848	0.0865	0.0231	0.0056	0.0012	0.0002	0.0000	0.0000	0.0000	0.0000	0.0000
849	0.0847	0.0226	0.0054	0.0012	0.0002	0.0000	0.0000	0.0000	0.0000	0.0000
850	0.0830	0.0221	0.0053	0.0011	0.0002	0.0000	0.0000	0.0000	0.0000	0.0000
851	0.0812	0.0216	0.0052	0.0011	0.0002	0.0000	0.0000	0.0000	0.0000	0.0000
852	0.0796	0.0211	0.0051	0.0011	0.0002	0.0000	0.0000	0.0000	0.0000	0.0000
853	0.0779	0.0206	0.0049	0.0011	0.0002	0.0000	0.0000	0.0000	0.0000	0.0000
854	0.0763	0.0202	0.0048	0.0010	0.0002	0.0000	0.0000	0.0000	0.0000	0.0000
855	0.0747	0.0197	0.0047	0.0010	0.0002	0.0000	0.0000	0.0000	0.0000	0.0000
856	0.0731	0.0193	0.0046	0.0010	0.0002	0.0000	0.0000	0.0000	0.0000	0.0000
857	0.0716	0.0189	0.0045	0.0010	0.0002	0.0000	0.0000	0.0000	0.0000	0.0000
858	0.0701	0.0184	0.0044	0.0009	0.0002	0.0000	0.0000	0.0000	0.0000	0.0000
859	0.0687	0.0180	0.0043	0.0009	0.0002	0.0000	0.0000	0.0000	0.0000	0.0000
860	0.0672	0.0176	0.0042	0.0009	0.0002	0.0000	0.0000	0.0000	0.0000	0.0000
861	0.0658	0.0172	0.0041	0.0009	0.0002	0.0000	0.0000	0.0000	0.0000	0.0000
862	0.0645	0.0168	0.0040	0.0008	0.0002	0.0000	0.0000	0.0000	0.0000	0.0000
863	0.0631	0.0165	0.0039	0.0008	0.0002	0.0000	0.0000	0.0000	0.0000	0.0000
864	0.0618	0.0161	0.0038	0.0008	0.0001	0.0000	0.0000	0.0000	0.0000	0.0000
865	0.0605	0.0157	0.0037	0.0008	0.0001	0.0000	0.0000	0.0000	0.0000	0.0000
866	0.0593	0.0154	0.0036	0.0008	0.0001	0.0000	0.0000	0.0000	0.0000	0.0000
867	0.0580	0.0151	0.0035	0.0007	0.0001	0.0000	0.0000	0.0000	0.0000	0.0000
868	0.0568	0.0147	0.0034	0.0007	0.0001	0.0000	0.0000	0.0000	0.0000	0.0000
869	0.0557	0.0144	0.0034	0.0007	0.0001	0.0000	0.0000	0.0000	0.0000	0.0000
870	0.0545	0.0141	0.0033	0.0007	0.0001	0.0000	0.0000	0.0000	0.0000	0.0000
871	0.0534	0.0138	0.0032	0.0007	0.0001	0.0000	0.0000	0.0000	0.0000	0.0000
872	0.0522	0.0134	0.0031	0.0006	0.0001	0.0000	0.0000	0.0000	0.0000	0.0000
873	0.0512	0.0131	0.0030	0.0006	0.0001	0.0000	0.0000	0.0000	0.0000	0.0000
874	0.0501	0.0129	0.0030	0.0006	0.0001	0.0000	0.0000	0.0000	0.0000	0.0000
875	0.0491	0.0126	0.0029	0.0006	0.0001	0.0000	0.0000	0.0000	0.0000	0.0000
876	0.0480	0.0123	0.0028	0.0006	0.0001	0.0000	0.0000	0.0000	0.0000	0.0000
877	0.0470	0.0120	0.0028	0.0006	0.0001	0.0000	0.0000	0.0000	0.0000	0.0000
878	0.0461	0.0117	0.0027	0.0006	0.0001	0.0000	0.0000	0.0000	0.0000	0.0000
879	0.0451	0.0115	0.0026	0.0005	0.0001	0.0000	0.0000	0.0000	0.0000	0.0000
880	0.0442	0.0112	0.0026	0.0005	0.0001	0.0000	0.0000	0.0000	0.0000	0.0000
881	0.0432	0.0110	0.0025	0.0005	0.0001	0.0000	0.0000	0.0000	0.0000	0.0000
882	0.0423	0.0107	0.0024	0.0005	0.0001	0.0000	0.0000	0.0000	0.0000	0.0000
883	0.0415	0.0105	0.0024	0.0005	0.0001	0.0000	0.0000	0.0000	0.0000	0.0000
884	0.0406	0.0103	0.0023	0.0005	0.0001	0.0000	0.0000	0.0000	0.0000	0.0000
885	0.0398	0.0100	0.0023	0.0005	0.0001	0.0000	0.0000	0.0000	0.0000	0.0000
886	0.0389	0.0098	0.0022	0.0005	0.0001	0.0000	0.0000	0.0000	0.0000	0.0000
887	0.0381	0.0096	0.0022	0.0004	0.0001	0.0000	0.0000	0.0000	0.0000	0.0000
888	0.0373	0.0094	0.0021	0.0004	0.0001	0.0000	0.0000	0.0000	0.0000	0.0000
889	0.0365	0.0092	0.0021	0.0004	0.0001	0.0000	0.0000	0.0000	0.0000	0.0000
890	0.0358	0.0090	0.0020	0.0004	0.0001	0.0000	0.0000	0.0000	0.0000	0.0000
891	0.0350	0.0088	0.0020	0.0004	0.0001	0.0000	0.0000	0.0000	0.0000	0.0000
892	0.0343	0.0086	0.0019	0.0004	0.0001	0.0000	0.0000	0.0000	0.0000	0.0000
893	0.0336	0.0084	0.0019	0.0004	0.0001	0.0000	0.0000	0.0000	0.0000	0.0000
894	0.0329	0.0082	0.0018	0.0004	0.0001	0.0000	0.0000	0.0000	0.0000	0.0000
895	0.0322	0.0080	0.0018	0.0004	0.0001	0.0000	0.0000	0.0000	0.0000	0.0000
896	0.0315	0.0078	0.0017	0.0003	0.0001	0.0000	0.0000	0.0000	0.0000	0.0000
897	0.0309	0.0077	0.0017	0.0003	0.0001	0.0000	0.0000	0.0000	0.0000	0.0000
898	0.0302	0.0075	0.0017	0.0003	0.0001	0.0000	0.0000	0.0000	0.0000	0.0000
899	0.0296	0.0073	0.0016	0.0003	0.0001	0.0000	0.0000	0.0000	0.0000	0.0000
900	0.0290	0.0072	0.0016	0.0003	0.0001	0.0000	0.0000	0.0000	0.0000	0.0000
901	0.0284	0.0070	0.0015	0.0003	0.0001	0.0000	0.0000	0.0000	0.0000	0.0000
902	0.0278	0.0068	0.0015	0.0003	0.0001	0.0000	0.0000	0.0000	0.0000	0.0000
903	0.0272	0.0067	0.0015	0.0003	0.0001	0.0000	0.0000	0.0000	0.0000	0.0000
904	0.0267	0.0065	0.0014	0.0003	0.0000	0.0000	0.0000	0.0000	0.0000	0.0000
905	0.0261	0.0064	0.0014	0.0003	0.0000	0.0000	0.0000	0.0000	0.0000	0.0000
906	0.0256	0.0063	0.0014	0.0003	0.0000	0.0000	0.0000	0.0000	0.0000	0.0000
907	0.0250	0.0061	0.0013	0.0003	0.0000	0.0000	0.0000	0.0000	0.0000	0.0000
908	0.0245	0.0060	0.0013	0.0003	0.0000	0.0000	0.0000	0.0000	0.0000	0.0000
909	0.0240	0.0058	0.0013	0.0002	0.0000	0.0000	0.0000	0.0000	0.0000	0.0000
910	0.0235	0.0057	0.0012	0.0002	0.0000	0.0000	0.0000	0.0000	0.0000	0.0000
911	0.0230	0.0056	0.0012	0.0002	0.0000	0.0000	0.0000	0.0000	0.0000	0.0000
912	0.0225	0.0055	0.0012	0.0002	0.0000	0.0000	0.0000	0.0000	0.0000	0.0000
913	0.0221	0.0053	0.0012	0.0002	0.0000	0.0000	0.0000	0.0000	0.0000	0.0000
914	0.0216	0.0052	0.0011	0.0002	0.0000	0.0000	0.0000	0.0000	0.0000	0.0000
915	0.0212	0.0051	0.0011	0.0002	0.0000	0.0000	0.0000	0.0000	0.0000	0.0000
916	0.0207	0.0050	0.0011	0.0002	0.0000	0.0000	0.0000	0.0000	0.0000	0.0000
917	0.0203	0.0049	0.0011	0.0002	0.0000	0.0000	0.0000	0.0000	0.0000	0.0000
918	0.0199	0.0048	0.0010	0.0002	0.0000	0.0000	0.0000	0.0000	0.0000	0.0000
919	0.0195	0.0047	0.0010	0.0002	0.0000	0.0000	0.0000	0.0000	0.0000	0.0000
920	0.0190	0.0046	0.0010	0.0002	0.0000	0.0000	0.0000	0.0000	0.0000	0.0000
921	0.0187	0.0045	0.0010	0.0002	0.0000	0.0000	0.0000	0.0000	0.0000	0.0000
922	0.0183	0.0044	0.0009	0.0002	0.0000	0.0000	0.0000	0.0000	0.0000	0.0000
923	0.0179	0.0043	0.0009	0.0002	0.0000	0.0000	0.0000	0.0000	0.0000	0.0000
924	0.0175	0.0042	0.0009	0.0002	0.0000	0.0000	0.0000	0.0000	0.0000	0.0000
925	0.0171	0.0041	0.0009	0.0002	0.0000	0.0000	0.0000	0.0000	0.0000	0.0000
926	0.0168	0.0040	0.0008	0.0002	0.0000	0.0000	0.0000	0.0000	0.0000	0.0000
927	0.0164	0.0039	0.0008	0.0002	0.0000	0.0000	0.0000	0.0000	0.0000	0.0000
928	0.0161	0.0038	0.0008	0.0002	0.0000	0.0000	0.0000	0.0000	0.0000	0.0000
929	0.0158	0.0037	0.0008	0.0001	0.0000	0.0000	0.0000	0.0000	0.0000	0.0000
930	0.0154	0.0036	0.0008	0.0001	0.0000	0.0000	0.0000	0.0000	0.0000	0.0000
931	0.0151	0.0036	0.0007	0.0001	0.0000	0.0000	0.0000	0.0000	0.0000	0.0000
932	0.0148	0.0035	0.0007	0.0001	0.0000	0.0000	0.0000	0.0000	0.0000	0.0000
933	0.0145	0.0034	0.0007	0.0001	0.0000	0.0000	0.0000	0.0000	0.0000	0.0000
934	0.0142	0.0033	0.0007	0.0001	0.0000	0.0000	0.0000	0.0000	0.0000	0.0000
935	0.0139	0.0033	0.0007	0.0001	0.0000	0.0000	0.0000	0.0000	0.0000	0.0000
936	0.0136	0.0032	0.0007	0.0001	0.0000	0.0000	0.0000	0.0000	0.0000	0.0000
937	0.0133	0.0031	0.0006	0.0001	0.0000	0.0000	0.0000	0.0000	0.0000	0.0000
938	0.0130	0.0030	0.0006	0.0001	0.0000	0.0000	0.0000	0.0000	0.0000	0.0000
939	0.0128	0.0030	0.0006	0.0001	0.0000	0.0000	0.0000	0.0000	0.0000	0.0000
940	0.0125	0.0029	0.0006	0.0001	0.0000	0.0000	0.0000	0.0000	0.0000	0.0000
941	0.0122	0.0028	0.0006	0.0001	0.0000	0.0000	0.0000	0.0000	0.0000	0.0000
942	0.0120	0.0028	0.0006	0.0001	0.0000	0.0000	0.0000	0.0000	0.0000	0.0000
943	0.0117	0.0027	0.0006	0.0001	0.0000	0.0000	0.0000	0.0000	0.0000	0.0000
944	0.0115	0.0027	0.0005	0.0001	0.0000	0.0000	0.0000	0.0000	0.0000	0.0000
945	0.0113	0.0026	0.0005	0.0001	0.0000	0.0000	0.0000	0.0000	0.0000	0.0000
946	0.0110	0.0025	0.0005	0.0001	0.0000	0.0000	0.0000	0.0000	0.0000	0.0000
947	0.0108	0.0025	0.0005	0.0001	0.0000	0.0000	0.0000	0.0000	0.0000	0.0000
948	0.0106	0.0024	0.0005	0.0001	0.0000	0.0000	0.0000	0.0000	0.0000	0.0000
949	0.0104	0.0024	0.0005	0.0001	0.0000	0.0000	0.0000	0.0000	0.0000	0.0000
950	0.0101	0.0023	0.0005	0.0001	0.0000	0.0000	0.0000	0.0000	0.0000	0.0000
951	0.0099	0.0023	0.0005	0.0001	0.0000	0.0000	0.0000	0.0000	0.0000	0.0000
952	0.0097	0.0022	0.0005	0.0001	0.0000	0.0000	0.0000	0.0000	0.0000	0.0000
953	0.0095	0.0022	0.0004	0.0001	0.0000	0.0000	0.0000	0.0000	0.0000	0.0000
954	0.0093	0.0021	0.0004	0.0001	0.0000	0.0000	0.0000	0.0000	0.0000	0.0000
955	0.0091	0.0021	0.0004	0.0001	0.0000	0.0000	0.0000	0.0000	0.0000	0.0000
956	0.0089	0.0020	0.0004	0.0001	0.0000	0.0000	0.0000	0.0000	0.0000	0.0000
957	0.0087	0.0020	0.0004	0.0001	0.0000	0.0000	0.0000	0.0000	0.0000	0.0000
958	0.0086	0.0019	0.0004	0.0001	0.0000	0.0000	0.0000	0.0000	0.0000	0.0000
959	0.0084	0.0019	0.0004	0.0001	0.0000	0.0000	0.0000	0.0000	0.0000	0.0000
960	0.0082	0.0019	0.0004	0.0001	0.0000	0.0000	0.0000	0.0000	0.0000	0.0000
961	0.0080	0.0018	0.0004	0.0001	0.0000	0.0000	0.0000	0.0000	0.0000	0.0000
962	0.0079	0.0018	0.0004	0.0001	0.0000	0.0000	0.0000	0.0000	0.0000	0.0000
963	0.0077	0.0017	0.0003	0.0001	0.0000	0.0000	0.0000	0.0000	0.0000	0.0000
964	0.0076	0.0017	0.0003	0.0001	0.0000	0.0000	0.0000	0.0000	0.0000	0.0000
965	0.0074	0.0017	0.0003	0.0001	0.0000	0.0000	0.0000	0.0000	0.0000	0.0000
966	0.0072	0.0016	0.0003	0.0001	0.0000	0.0000	0.0000	0.0000	0.0000	0.0000
967	0.0071	0.0016	0.0003	0.0001	0.0000	0.0000	0.0000	0.0000	0.0000	0.0000
968	0.0069	0.0015	0.0003	0.0001	0.0000	0.0000	0.0000	0.0000	0.0000	0.0000
969	0.0068	0.0015	0.0003	0.0001	0.0000	0.0000	0.0000	0.0000	0.0000	0.0000
970	0.0067	0.0015	0.0003	0.0001	0.0000	0.0000	0.0000	0.0000	0.0000	0.0000
971	0.0065	0.0014	0.0003	0.0000	0.0000	0.0000	0.0000	0.0000	0.0000	0.0000
972	0.0064	0.0014	0.0003	0.0000	0.0000	0.0000	0.0000	0.0000	0.0000	0.0000
973	0.0063	0.0014	0.0003	0.0000	0.0000	0.0000	0.0000	0.0000	0.0000	0.0000
974	0.0061	0.0014	0.0003	0.0000	0.0000	0.0000	0.0000	0.0000	0.0000	0.0000
975	0.0060	0.0013	0.0003	0.0000	0.0000	0.0000	0.0000	0.0000	0.0000	0.0000
976	0.0059	0.0013	0.0003	0.0000	0.0000	0.0000	0.0000	0.0000	0.0000	0.0000
977	0.0057	0.0013	0.0002	0.0000	0.0000	0.0000	0.0000	0.0000	0.0000	0.0000
978	0.0056	0.0012	0.0002	0.0000	0.0000	0.0000	0.0000	0.0000	0.0000	0.0000
979	0.0055	0.0012	0.0002	0.0000	0.0000	0.0000	0.0000	0.0000	0.0000	0.0000
980	0.0054	0.0012	0.0002	0.0000	0.0000	0.0000	0.0000	0.0000	0.0000	0.0000
981	0.0053	0.0012	0.0002	0.0000	0.0000	0.0000	0.0000	0.0000	0.0000	0.0000
982	0.0052	0.0011	0.0002	0.0000	0.0000	0.0000	0.0000	0.0000	0.0000	0.0000
983	0.0051	0.0011	0.0002	0.0000	0.0000	0.0000	0.0000	0.0000	0.0000	0.0000
984	0.0050	0.0011	0.0002	0.0000	0.0000	0.0000	0.0000	0.0000	0.0000	0.0000
985	0.0049	0.0011	0.0002	0.0000	0.0000	0.0000	0.0000	0.0000	0.0000	0.0000
986	0.0048	0.0010	0.0002	0.0000	0.0000	0.0000	0.0000	0.0000	0.0000	0.0000
987	0.0047	0.0010	0.0002	0.0000	0.0000	0.0000	0.0000	0.0000	0.0000	0.0000
988	0.0046	0.0010	0.0002	0.0000	0.0000	0.0000	0.0000	0.0000	0.0000	0.0000
989	0.0045	0.0010	0.0002	0.0000	0.0000	0.0000	0.0000	0.0000	0.0000	0.0000
990	0.0044	0.0009	0.0002	0.0000	0.0000	0.0000	0.0000	0.0000	0.0000	0.0000
991	0.0043	0.0009	0.0002	0.0000	0.0000	0.0000	0.0000	0.0000	0.0000	0.0000
992	0.0042	0.0009	0.0002	0.0000	0.0000	0.0000	0.0000	0.0000	0.0000	0.0000
993	0.0041	0.0009	0.0002	0.0000	0.0000	0.0000	0.0000	0.0000	0.0000	0.0000
994	0.0040	0.0009	0.0002	0.0000	0.0000	0.0000	0.0000	0.0000	0.0000	0.0000
995	0.0039	0.0008	0.0002	0.0000	0.0000	0.0000	0.0000	0.0000	0.0000	0.0000
996	0.0039	0.0008	0.0002	0.0000	0.0000	0.0000	0.0000	0.0000	0.0000	0.0000
997	0.0038	0.0008	0.0002	0.0000	0.0000	0.0000	0.0000	0.0000	0.0000	0.0000
998	0.0037	0.0008	0.0001	0.0000	0.0000	0.0000	0.0000	0.0000	0.0000	0.0000
999	0.0036	0.0008	0.0001	0.0000	0.0000	0.0000	0.0000	0.0000	0.0000	0.0000
