i	x	y	z	R
0	0.0167	-0.0270	1309.9999	27.4280
1	2.5430	-4.1801	1409.8374	117.7278
2	11.4798	-19.1325	1508.2336	205.0877
3	26.1368	-43.4570	1604.0804	274.2456
4	45.4897	-73.2414	1697.5416	335.2857
5	68.8559	-106.5772	1788.8676	395.0360
6	95.9982	-142.5960	1878.1085	455.9085
7	126.8613	-180.8064	1965.2037	518.5155
8	161.4264	-220.8496	2050.0567	582.4936
9	199.4934	-262.3231	2132.6971	646.7927
10	240.8120	-304.7647	2213.2594	711.0843
11	285.1973	-347.8151	2291.8440	775.3650
12	332.4982	-391.1924	2368.5256	839.5737
13	382.5834	-434.6662	2443.3629	903.6250
14	435.3336	-478.0435	2516.4040	967.4254
15	490.6379	-521.1596	2587.6898	1030.8814
16	548.3907	-563.8725	2657.2562	1093.9037
17	608.4905	-606.0589	2725.1357	1156.4088
18	670.8394	-647.6114	2791.3576	1218.3200
19	735.3423	-688.4366	2855.9491	1279.5671
20	801.9068	-728.4529	2918.9352	1340.0862
21	870.4433	-767.5899	2980.3393	1399.8190
22	940.8645	-805.7868	3040.1832	1458.7126
23	1012.9958	-843.1685	3098.4868	1515.6793
24	1086.4211	-880.3741	3155.2684	1572.6080
25	1161.0505	-917.4426	3210.5502	1628.4336
26	1236.8301	-954.3493	3264.3561	1683.1194
27	1313.7072	-991.0724	3316.7112	1736.6378
28	1391.6311	-1027.5922	3367.6417	1788.9687
29	1470.5530	-1063.8916	3417.1739	1840.0982
30	1550.4261	-1099.9558	3465.3345	1890.0178
31	1631.2056	-1135.7717	3512.1498	1938.7229
32	1712.8488	-1171.3286	3557.6458	1986.2127
33	1795.3151	-1206.6173	3601.8478	2032.4890
34	1878.5657	-1241.6305	3644.7808	2077.5556
35	1962.5636	-1276.3622	3686.4686	2121.4185
36	2047.2739	-1310.8080	3726.9344	2164.0844
37	2132.6634	-1344.9647	3766.2003	2205.6016
38	2218.7022	-1378.8311	3804.2822	2246.1434
39	2305.3627	-1412.4073	3841.1933	2285.7154
40	2392.6180	-1445.6943	3876.9473	2324.3048
41	2480.4418	-1478.6935	3911.5581	2361.9018
42	2568.8084	-1511.4072	3945.0398	2398.4989
43	2657.6931	-1543.8383	3977.4065	2434.0903
44	2747.0719	-1575.9900	4008.6725	2468.6722
45	2836.9217	-1607.8665	4038.8519	2502.2422
46	2927.2199	-1639.4723	4067.9584	2534.7988
47	3017.9450	-1670.8122	4096.0058	2566.3418
48	3109.0760	-1701.8918	4123.0073	2596.8718
49	3200.5929	-1732.7169	4148.9760	2626.3900
50	3292.4762	-1763.2937	4173.9245	2654.8983
51	3384.7070	-1793.6288	4197.8652	2682.3990
52	3477.2674	-1823.7289	4220.8100	2708.8946
53	3570.1395	-1853.6027	4242.7697	2732.7440
54	3663.3054	-1883.2753	4263.7354	2757.3323
55	3756.7548	-1912.7616	4283.6770	2780.9732
56	3850.4779	-1942.0712	4302.5669	2803.6071
57	3944.4634	-1971.2140	4320.3806	2825.1801
58	4038.6987	-2000.1996	4337.0967	2845.6427
59	4133.1702	-2029.0381	4352.6967	2864.9505
60	4227.8634	-2057.7395	4367.1647	2883.0634
61	4322.7629	-2086.3138	4380.4869	2899.9457
62	4417.8527	-2114.7714	4392.6520	2915.5656
63	4513.1161	-2143.1225	4403.6507	2929.8956
64	4608.5363	-2171.3776	4413.4753	2942.9117
65	4704.0958	-2199.5473	4422.1203	2954.5936
66	4799.7769	-2227.6423	4429.5815	2964.9244
67	4895.5620	-2255.6732	4435.8566	2973.8906
68	4991.4330	-2283.6509	4440.9446	2981.4821
69	5087.3719	-2311.5862	4444.8460	2987.6917
70	5183.3608	-2339.4902	4447.5626	2992.5155
71	5279.3819	-2367.3736	4449.0976	2995.9525
72	5375.4173	-2395.2474	4449.4779	2997.8611
73	5471.4544	-2423.1202	4449.4779	2997.8611
74	5567.4914	-2450.9929	4449.4779	2997.8611
75	5663.5284	-2478.8656	4449.4779	2997.8611
76	5759.5655	-2506.7384	4449.4779	2997.8611
77	5855.6025	-2534.6111	4449.4779	2997.8611
78	5951.6395	-2562.4838	4449.4779	2997.8611
79	6047.6765	-2590.3566	4449.4779	2997.8611
80	6143.7136	-2618.2293	4449.4779	2997.8611
81	6239.7506	-2646.1020	4449.4779	2997.8611
82	6335.7876	-2673.9747	4449.4779	2997.8611
83	6431.8247	-2701.8475	4449.4779	2997.8611
84	6527.8617	-2729.7202	4449.4779	2997.8611
85	6623.8987	-2757.5929	4449.4779	2997.8611
86	6719.9357	-2785.4657	4449.4779	2997.8611
87	6815.9728	-2813.3384	4449.4779	2997.8611
88	6912.0098	-2841.2111	4449.4779	2997.8611
89	7008.0468	-2869.0838	4449.4779	2997.8611
90	7104.0839	-2896.9566	4449.4779	2997.8611
91	7200.1209	-2924.8293	4449.4779	2997.8611
92	7296.1579	-2952.7020	4449.4779	2997.8611
93	7392.1950	-2980.5748	4449.4779	2997.8611
94	7488.2320	-3008.4475	4449.4779	2997.8611
95	7584.2690	-3036.3202	4449.4779	2997.8611
96	7680.3060	-3064.1930	4449.4779	2997.8611
97	7776.3431	-3092.0657	4449.4779	2997.8611
98	7872.3801	-3119.9384	4449.4779	2997.8611
99	7968.4171	-3147.8111	4449.4779	2997.8611
100	8064.4542	-3175.6839	4449.4779	2997.8611
101	8160.4912	-3203.5566	4449.4779	2997.8611
102	8256.5282	-3231.4293	4449.4779	2997.8611
103	8352.5652	-3259.3021	4449.4779	2997.8611
104	8448.6023	-3287.1748	4449.4779	2997.8611
105	8544.6393	-3315.0475	4449.4779	2997.8611
106	8640.6763	-3342.9202	4449.4779	2997.8611
107	8736.7134	-3370.7930	4449.4779	2997.8611
108	8832.7504	-3398.6657	4449.4779	2997.8611
109	8928.7874	-3426.5384	4449.4779	2997.8611
110	9024.8244	-3454.4112	4449.4779	2997.8611
111	9120.8615	-3482.2839	4449.4779	2997.8611
112	9216.8985	-3510.1566	4449.4779	2997.8611
113	9312.9355	-3538.0294	4449.4779	2997.8611
114	9408.9726	-3565.9021	4449.4779	2997.8611
115	9505.0096	-3593.7748	4449.4779	2997.8611
116	9601.0466	-3621.6475	4449.4779	2997.8611
117	9697.0836	-3649.5203	4449.4779	2997.8611
118	9793.1207	-3677.3930	4449.4779	2997.8611
119	9889.1577	-3705.2657	4449.4779	2997.8611
120	9985.1947	-3733.1385	4449.4779	2997.8611
121	10081.2318	-3761.0112	4449.4779	2997.8611
122	10177.2688	-3788.8839	4449.4779	2997.8611
123	10273.3058	-3816.7566	4449.4779	2997.8611
124	10369.3429	-3844.6294	4449.4779	2997.8611
125	10465.3799	-3872.5021	4449.4779	2997.8611
126	10561.4169	-3900.3748	4449.4779	2997.8611
127	10657.4539	-3928.2476	4449.4779	2997.8611
128	10753.4910	-3956.1203	4449.4779	2997.8611
129	10849.5280	-3983.9930	4449.4779	2997.8611
130	10945.5650	-4011.8658	4449.4779	2997.8611
131	11041.6021	-4039.7385	4449.4779	2997.8611
132	11137.6391	-4067.6112	4449.4779	2997.8611
133	11233.6761	-4095.4839	4449.4779	2997.8611
134	11329.7131	-4123.3567	4449.4779	2997.8611
135	11425.7502	-4151.2294	4449.4779	2997.8611
136	11521.7872	-4179.1021	4449.4779	2997.8611
137	11617.8242	-4206.9749	4449.4779	2997.8611
138	11713.8613	-4234.8476	4449.4779	2997.8611
139	11809.8983	-4262.7203	4449.4779	2997.8611
140	11905.9353	-4290.5930	4449.4779	2997.8611
141	12001.9723	-4318.4658	4449.4779	2997.8611
142	12098.0094	-4346.3385	4449.4779	2997.8611
143	12194.0464	-4374.2112	4449.4779	2997.8611
144	12290.0834	-4402.0840	4449.4779	2997.8611
145	12386.1205	-4429.9567	4449.4779	2997.8611
146	12482.1575	-4457.8294	4449.4779	2997.8611
147	12578.1945	-4485.7022	4449.4779	2997.8611
148	12674.2316	-4513.5749	4449.4779	2997.8611
149	12770.2686	-4541.4476	4449.4779	2997.8611
150	12866.3056	-4569.3203	4449.4779	2997.8611
151	12962.3426	-4597.1931	4449.4779	2997.8611
152	13058.3797	-4625.0658	4449.4779	2997.8611
153	13154.4167	-4652.9385	4449.4779	2997.8611
154	13250.4537	-4680.8113	4449.4779	2997.8611
155	13346.4908	-4708.6840	4449.4779	2997.8611
156	13442.5278	-4736.5567	4449.4779	2997.8611
157	13538.5648	-4764.4294	4449.4779	2997.8611
158	13634.6018	-4792.3022	4449.4779	2997.8611
159	13730.6389	-4820.1749	4449.4779	2997.8611
160	13826.6759	-4848.0476	4449.4779	2997.8611
161	13922.7129	-4875.9204	4449.4779	2997.8611
162	14018.7500	-4903.7931	4449.4779	2997.8611
163	14114.7870	-4931.6658	4449.4779	2997.8611
164	14210.8240	-4959.5386	4449.4779	2997.8611
165	14306.8610	-4987.4113	4449.4779	2997.8611
166	14402.8981	-5015.2840	4449.4779	2997.8611
167	14498.9351	-5043.1567	4449.4779	2997.8611
168	14594.9721	-5071.0295	4449.4779	2997.8611
169	14691.0092	-5098.9022	4449.4779	2997.8611
170	14787.0462	-5126.7749	4449.4779	2997.8611
171	14883.0832	-5154.6477	4449.4779	2997.8611
172	14979.1202	-5182.5204	4449.4779	2997.8611
173	15075.1573	-5210.3931	4449.4779	2997.8611
174	15171.1943	-5238.2658	4449.4779	2997.8611
175	15267.2313	-5266.1386	4449.4779	2997.8611
176	15363.2684	-5294.0113	4449.4779	2997.8611
177	15459.3054	-5321.8840	4449.4779	2997.8611
178	15555.3424	-5349.7568	4449.4779	2997.8611
179	15651.3795	-5377.6295	4449.4779	2997.8611
180	15747.4165	-5405.5022	4449.4779	2997.8611
181	15843.4535	-5433.3750	4449.4779	2997.8611
182	15939.4905	-5461.2477	4449.4779	2997.8611
183	16035.5276	-5489.1204	4449.4779	2997.8611
184	16131.5646	-5516.9931	4449.4779	2997.8611
185	16227.6016	-5544.8659	4449.4779	2997.8611
186	16323.6387	-5572.7386	4449.4779	2997.8611
187	16419.6757	-5600.6113	4449.4779	2997.8611
188	16515.7127	-5628.4841	4449.4779	2997.8611
189	16611.7497	-5656.3568	4449.4779	2997.8611
190	16707.7868	-5684.2295	4449.4779	2997.8611
191	16803.8238	-5712.1022	4449.4779	2997.8611
192	16899.8608	-5739.9750	4449.4779	2997.8611
193	16995.8979	-5767.8477	4449.4779	2997.8611
194	17091.9349	-5795.7204	4449.4779	2997.8611
195	17187.9719	-5823.5932	4449.4779	2997.8611
196	17284.0089	-5851.4659	4449.4779	2997.8611
197	17380.0460	-5879.3386	4449.4779	2997.8611
198	17476.0830	-5907.2114	4449.4779	2997.8611
199	17572.1200	-5935.0841	4449.4779	2997.8611
200	17668.1571	-5962.9568	4449.4779	2997.8611
201	17764.1941	-5990.8295	4449.4779	2997.8611
202	17860.2311	-6018.7023	4449.4779	2997.8611
203	17956.2681	-6046.5750	4449.4779	2997.8611
204	18052.3052	-6074.4477	4449.4779	2997.8611
205	18148.3422	-6102.3205	4449.4779	2997.8611
206	18244.3792	-6130.1932	4449.4779	2997.8611
207	18340.4163	-6158.0659	4449.4779	2997.8611
208	18436.4533	-6185.9387	4449.4779	2997.8611
209	18532.4903	-6213.8114	4449.4779	2997.8611
210	18628.5274	-6241.6841	4449.4779	2997.8611
211	18724.5644	-6269.5568	4449.4779	2997.8611
212	18820.6014	-6297.4296	4449.4779	2997.8611
213	18916.6384	-6325.3023	4449.4779	2997.8611
214	19012.6755	-6353.1750	4449.4779	2997.8611
215	19108.7125	-6381.0478	4449.4779	2997.8611
216	19204.7495	-6408.9205	4449.4779	2997.8611
217	19300.7866	-6436.7932	4449.4779	2997.8611
218	19396.8236	-6464.6659	4449.4779	2997.8611
219	19492.8606	-6492.5387	4449.4779	2997.8611
220	19588.8976	-6520.4114	4449.4779	2997.8611
221	19684.9347	-6548.2841	4449.4779	2997.8611
222	19780.9717	-6576.1569	4449.4779	2997.8611
223	19877.0087	-6604.0296	4449.4779	2997.8611
224	19973.0458	-6631.9023	4449.4779	2997.8611
225	20069.0828	-6659.7751	4449.4779	2997.8611
226	20165.1198	-6687.6478	4449.4779	2997.8611
227	20261.1568	-6715.5205	4449.4779	2997.8611
228	20357.1939	-6743.3932	4449.4779	2997.8611
229	20453.2309	-6771.2660	4449.4779	2997.8611
230	20549.2679	-6799.1387	4449.4779	2997.8611
231	20645.3050	-6827.0114	4449.4779	2997.8611
232	20741.3420	-6854.8842	4449.4779	2997.8611
233	20837.3790	-6882.7569	4449.4779	2997.8611
234	20933.4161	-6910.6296	4449.4779	2997.8611
235	21029.4531	-6938.5023	4449.4779	2997.8611
236	21125.4901	-6966.3751	4449.4779	2997.8611
237	21221.5271	-6994.2478	4449.4779	2997.8611
238	21317.5642	-7022.1205	4449.4779	2997.8611
239	21413.6012	-7049.9933	4449.4779	2997.8611
240	21509.6382	-7077.8660	4449.4779	2997.8611
241	21605.6753	-7105.7387	4449.4779	2997.8611
242	21701.7123	-7133.6115	4449.4779	2997.8611
243	21797.7493	-7161.4842	4449.4779	2997.8611
244	21893.7863	-7189.3569	4449.4779	2997.8611
245	21989.8234	-7217.2296	4449.4779	2997.8611
246	22085.8604	-7245.1024	4449.4779	2997.8611
247	22181.8974	-7272.9751	4449.4779	2997.8611
248	22277.9345	-7300.8478	4449.4779	2997.8611
249	22373.9715	-7328.7206	4449.4779	2997.8611
250	22470.0085	-7356.5933	4449.4779	2997.8611
251	22566.0455	-7384.4660	4449.4779	2997.8611
252	22662.0826	-7412.3387	4449.4779	2997.8611
253	22758.1196	-7440.2115	4449.4779	2997.8611
254	22854.1566	-7468.0842	4449.4779	2997.8611
255	22950.1937	-7495.9569	4449.4779	2997.8611
256	23046.2307	-7523.8297	4449.4779	2997.8611
257	23142.2677	-7551.7024	4449.4779	2997.8611
258	23238.3047	-7579.5751	4449.4779	2997.8611
259	23334.3418	-7607.4479	4449.4779	2997.8611
260	23430.3788	-7635.3206	4449.4779	2997.8611
261	23526.4158	-7663.1933	4449.4779	2997.8611
262	23622.4529	-7691.0660	4449.4779	2997.8611
263	23718.4899	-7718.9388	4449.4779	2997.8611
264	23814.5269	-7746.8115	4449.4779	2997.8611
265	23910.5640	-7774.6842	4449.4779	2997.8611
266	24006.6010	-7802.5570	4449.4779	2997.8611
267	24102.6380	-7830.4297	4449.4779	2997.8611
268	24198.6750	-7858.3024	4449.4779	2997.8611
269	24294.7121	-7886.1751	4449.4779	2997.8611
270	24390.7491	-7914.0479	4449.4779	2997.8611
271	24486.7861	-7941.9206	4449.4779	2997.8611
272	24582.8232	-7969.7933	4449.4779	2997.8611
273	24678.8602	-7997.6661	4449.4779	2997.8611
274	24774.8972	-8025.5388	4449.4779	2997.8611
275	24870.9342	-8053.4115	4449.4779	2997.8611
276	24966.9713	-8081.2843	4449.4779	2997.8611
277	25063.0083	-8109.1570	4449.4779	2997.8611
278	25159.0453	-8137.0297	4449.4779	2997.8611
279	25255.0824	-8164.9024	4449.4779	2997.8611
280	25351.1194	-8192.7752	4449.4779	2997.8611
281	25447.1564	-8220.6479	4449.4779	2997.8611
282	25543.1934	-8248.5206	4449.4779	2997.8611
283	25639.2305	-8276.3934	4449.4779	2997.8611
284	25735.2675	-8304.2661	4449.4779	2997.8611
285	25831.3045	-8332.1388	4449.4779	2997.8611
286	25927.3416	-8360.0115	4449.4779	2997.8611
287	26023.3786	-8387.8843	4449.4779	2997.8611
288	26119.4156	-8415.7570	4449.4779	2997.8611
289	26215.4527	-8443.6297	4449.4779	2997.8611
290	26311.4897	-8471.5025	4449.4779	2997.8611
291	26407.5267	-8499.3752	4449.4779	2997.8611
292	26503.5637	-8527.2479	4449.4779	2997.8611
293	26599.6008	-8555.1207	4449.4779	2997.8611
294	26695.6378	-8582.9934	4449.4779	2997.8611
295	26791.6748	-8610.8661	4449.4779	2997.8611
296	26887.7119	-8638.7388	4449.4779	2997.8611
297	26983.7489	-8666.6116	4449.4779	2997.8611
298	27079.7859	-8694.4843	4449.4779	2997.8611
299	27175.8229	-8722.3570	4449.4779	2997.8611
300	27271.8600	-8750.2298	4449.4779	2997.8611
301	27367.8970	-8778.1025	4449.4779	2997.8611
302	27463.9340	-8805.9752	4449.4779	2997.8611
303	27559.9711	-8833.8479	4449.4779	2997.8611
304	27656.0081	-8861.7207	4449.4779	2997.8611
305	27752.0451	-8889.5934	4449.4779	2997.8611
306	27848.0821	-8917.4661	4449.4779	2997.8611
307	27944.1192	-8945.3389	4449.4779	2997.8611
308	28040.1562	-8973.2116	4449.4779	2997.8611
309	28136.1932	-9001.0843	4449.4779	2997.8611
310	28232.2303	-9028.9571	4449.4779	2997.8611
311	28328.2673	-9056.8298	4449.4779	2997.8611
312	28424.3043	-9084.7025	4449.4779	2997.8611
313	28520.3413	-9112.5752	4449.4779	2997.8611
314	28616.3784	-9140.4480	4449.4779	2997.8611
315	28712.4154	-9168.3207	4449.4779	2997.8611
316	28808.4524	-9196.1934	4449.4779	2997.8611
317	28904.4895	-9224.0662	4449.4779	2997.8611
318	29000.5265	-9251.9389	4449.4779	2997.8611
319	29096.5635	-9279.8116	4449.4779	2997.8611
320	29192.6006	-9307.6843	4449.4779	2997.8611
321	29288.6376	-9335.5571	4449.4779	2997.8611
322	29384.6746	-9363.4298	4449.4779	2997.8611
323	29480.7116	-9391.3025	4449.4779	2997.8611
324	29576.7487	-9419.1753	4449.4779	2997.8611
325	29672.7857	-9447.0480	4449.4779	2997.8611
326	29768.8227	-9474.9207	4449.4779	2997.8611
327	29864.8598	-9502.7935	4449.4779	2997.8611
328	29960.8968	-9530.6662	4449.4779	2997.8611
329	30056.9338	-9558.5389	4449.4779	2997.8611
330	30152.9708	-9586.4116	4449.4779	2997.8611
331	30249.0079	-9614.2844	4449.4779	2997.8611
332	30345.0449	-9642.1571	4449.4779	2997.8611
333	30441.0819	-9670.0298	4449.4779	2997.8611
334	30537.1190	-9697.9026	4449.4779	2997.8611
335	30633.1560	-9725.7753	4449.4779	2997.8611
336	30729.1930	-9753.6480	4449.4779	2997.8611
337	30825.2300	-9781.5207	4449.4779	2997.8611
338	30921.2671	-9809.3935	4449.4779	2997.8611
339	31017.3041	-9837.2662	4449.4779	2997.8611
340	31113.3411	-9865.1389	4449.4779	2997.8611
341	31209.3782	-9893.0117	4449.4779	2997.8611
342	31305.4152	-9920.8844	4449.4779	2997.8611
343	31401.4522	-9948.7571	4449.4779	2997.8611
344	31497.4892	-9976.6299	4449.4779	2997.8611
345	31593.5263	-10004.5026	4449.4779	2997.8611
346	31689.5633	-10032.3753	4449.4779	2997.8611
347	31785.6003	-10060.2480	4449.4779	2997.8611
348	31881.6374	-10088.1208	4449.4779	2997.8611
349	31977.6744	-10115.9935	4449.4779	2997.8611
350	32073.7114	-10143.8662	4449.4779	2997.8611
351	32169.7485	-10171.7390	4449.4779	2997.8611
352	32265.7855	-10199.6117	4449.4779	2997.8611
353	32361.8225	-10227.4844	4449.4779	2997.8611
354	32457.8595	-10255.3571	4449.4779	2997.8611
355	32553.8966	-10283.2299	4449.4779	2997.8611
356	32649.9336	-10311.1026	4449.4779	2997.8611
357	32745.9706	-10338.9753	4449.4779	2997.8611
358	32842.0077	-10366.8481	4449.4779	2997.8611
359	32938.0447	-10394.7208	4449.4779	2997.8611
360	33034.0817	-10422.5935	4449.4779	2997.8611
361	33130.1187	-10450.4663	4449.4779	2997.8611
362	33226.1558	-10478.3390	4449.4779	2997.8611
363	33322.1928	-10506.2117	4449.4779	2997.8611
364	33418.2298	-10534.0844	4449.4779	2997.8611
365	33514.2669	-10561.9572	4449.4779	2997.8611
366	33610.3039	-10589.8299	4449.4779	2997.8611
367	33706.3409	-10617.7026	4449.4779	2997.8611
368	33802.3779	-10645.5754	4449.4779	2997.8611
369	33898.4150	-10673.4481	4449.4779	2997.8611
370	33994.4520	-10701.3208	4449.4779	2997.8611
371	34090.4890	-10729.1935	4449.4779	2997.8611
372	34186.5261	-10757.0663	4449.4779	2997.8611
373	34282.5631	-10784.9390	4449.4779	2997.8611
374	34378.6001	-10812.8117	4449.4779	2997.8611
375	34474.6372	-10840.6845	4449.4779	2997.8611
376	34570.6742	-10868.5572	4449.4779	2997.8611
377	34666.7112	-10896.4299	4449.4779	2997.8611
378	34762.7482	-10924.3027	4449.4779	2997.8611
379	34858.7853	-10952.1754	4449.4779	2997.8611
380	34954.8223	-10980.0481	4449.4779	2997.8611
381	35050.8593	-11007.9208	4449.4779	2997.8611
382	35146.8964	-11035.7936	4449.4779	2997.8611
383	35242.9334	-11063.6663	4449.4779	2997.8611
384	35338.9704	-11091.5390	4449.4779	2997.8611
385	35435.0074	-11119.4118	4449.4779	2997.8611
386	35531.0445	-11147.2845	4449.4779	2997.8611
387	35627.0815	-11175.1572	4449.4779	2997.8611
388	35723.1185	-11203.0299	4449.4779	2997.8611
389	35819.1556	-11230.9027	4449.4779	2997.8611
390	35915.1926	-11258.7754	4449.4779	2997.8611
391	36011.2296	-11286.6481	4449.4779	2997.8611
392	36107.2666	-11314.5209	4449.4779	2997.8611
393	36203.3037	-11342.3936	4449.4779	2997.8611
394	36299.3407	-11370.2663	4449.4779	2997.8611
395	36395.3777	-11398.1391	4449.4779	2997.8611
396	36491.4148	-11426.0118	4449.4779	2997.8611
397	36587.4518	-11453.8845	4449.4779	2997.8611
398	36683.4888	-11481.7572	4449.4779	2997.8611
399	36779.5258	-11509.6300	4449.4779	2997.8611
400	36875.5629	-11537.5027	4449.4779	2997.8611
401	36971.5999	-11565.3754	4449.4779	2997.8611
402	37067.6369	-11593.2482	4449.4779	2997.8611
403	37163.6740	-11621.1209	4449.4779	2997.8611
404	37259.7110	-11648.9936	4449.4779	2997.8611
405	37355.7480	-11676.8663	4449.4779	2997.8611
406	37451.7851	-11704.7391	4449.4779	2997.8611
407	37547.8221	-11732.6118	4449.4779	2997.8611
408	37643.8591	-11760.4845	4449.4779	2997.8611
409	37739.8961	-11788.3573	4449.4779	2997.8611
410	37835.9332	-11816.2300	4449.4779	2997.8611
411	37931.9702	-11844.1027	4449.4779	2997.8611
412	38028.0072	-11871.9755	4449.4779	2997.8611
413	38124.0443	-11899.8482	4449.4779	2997.8611
414	38220.0813	-11927.7209	4449.4779	2997.8611
415	38316.1183	-11955.5936	4449.4779	2997.8611
416	38412.1553	-11983.4664	4449.4779	2997.8611
417	38508.1924	-12011.3391	4449.4779	2997.8611
418	38604.2294	-12039.2118	4449.4779	2997.8611
419	38700.2664	-12067.0846	4449.4779	2997.8611
420	38796.3035	-12094.9573	4449.4779	2997.8611
421	38892.3405	-12122.8300	4449.4779	2997.8611
422	38988.3775	-12150.7028	4449.4779	2997.8611
423	39084.4145	-12178.5755	4449.4779	2997.8611
424	39180.4516	-12206.4482	4449.4779	2997.8611
425	39276.4886	-12234.3209	4449.4779	2997.8611
426	39372.5256	-12262.1937	4449.4779	2997.8611
427	39468.5627	-12290.0664	4449.4779	2997.8611
428	39564.5997	-12317.9391	4449.4779	2997.8611
429	39660.6367	-12345.8119	4449.4779	2997.8611
430	39756.6737	-12373.6846	4449.4779	2997.8611
431	39852.7108	-12401.5573	4449.4779	2997.8611
432	39948.7478	-12429.4300	4449.4779	2997.8611
433	40044.7848	-12457.3028	4449.4779	2997.8611
434	40140.8219	-12485.1755	4449.4779	2997.8611
435	40236.8589	-12513.0482	4449.4779	2997.8611
436	40332.8959	-12540.9210	4449.4779	2997.8611
437	40428.9330	-12568.7937	4449.4779	2997.8611
438	40524.9700	-12596.6664	4449.4779	2997.8611
439	40621.0070	-12624.5392	4449.4779	2997.8611
440	40717.0440	-12652.4119	4449.4779	2997.8611
441	40813.0811	-12680.2846	4449.4779	2997.8611
442	40909.1181	-12708.1573	4449.4779	2997.8611
443	41005.1551	-12736.0301	4449.4779	2997.8611
444	41101.1922	-12763.9028	4449.4779	2997.8611
445	41197.2292	-12791.7755	4449.4779	2997.8611
446	41293.2662	-12819.6483	4449.4779	2997.8611
447	41389.3032	-12847.5210	4449.4779	2997.8611
448	41485.3403	-12875.3937	4449.4779	2997.8611
449	41581.3773	-12903.2664	4449.4779	2997.8611
450	41677.4143	-12931.1392	4449.4779	2997.8611
451	41773.4514	-12959.0119	4449.4779	2997.8611
452	41869.4884	-12986.8846	4449.4779	2997.8611
453	41965.5254	-13014.7574	4449.4779	2997.8611
454	42061.5624	-13042.6301	4449.4779	2997.8611
455	42157.5995	-13070.5028	4449.4779	2997.8611
456	42253.6365	-13098.3756	4449.4779	2997.8611
457	42349.6735	-13126.2483	4449.4779	2997.8611
458	42445.7106	-13154.1210	4449.4779	2997.8611
459	42541.7476	-13181.9937	4449.4779	2997.8611
460	42637.7846	-13209.8665	4449.4779	2997.8611
461	42733.8217	-13237.7392	4449.4779	2997.8611
462	42829.8587	-13265.6119	4449.4779	2997.8611
463	42925.8957	-13293.4847	4449.4779	2997.8611
464	43021.9327	-13321.3574	4449.4779	2997.8611
465	43117.9698	-13349.2301	4449.4779	2997.8611
466	43214.0068	-13377.1028	4449.4779	2997.8611
467	43310.0438	-13404.9756	4449.4779	2997.8611
468	43406.0809	-13432.8483	4449.4779	2997.8611
469	43502.1179	-13460.7210	4449.4779	2997.8611
470	43598.1549	-13488.5938	4449.4779	2997.8611
471	43694.1919	-13516.4665	4449.4779	2997.8611
472	43790.2290	-13544.3392	4449.4779	2997.8611
473	43886.2660	-13572.2120	4449.4779	2997.8611
474	43982.3030	-13600.0847	4449.4779	2997.8611
475	44078.3401	-13627.9574	4449.4779	2997.8611
476	44174.3771	-13655.8301	4449.4779	2997.8611
477	44270.4141	-13683.7029	4449.4779	2997.8611
478	44366.4511	-13711.5756	4449.4779	2997.8611
479	44462.4882	-13739.4483	4449.4779	2997.8611
480	44558.5252	-13767.3211	4449.4779	2997.8611
481	44654.5622	-13795.1938	4449.4779	2997.8611
482	44750.5993	-13823.0665	4449.4779	2997.8611
483	44846.6363	-13850.9392	4449.4779	2997.8611
484	44942.6733	-13878.8120	4449.4779	2997.8611
485	45038.7103	-13906.6847	4449.4779	2997.8611
486	45134.7474	-13934.5574	4449.4779	2997.8611
487	45230.7844	-13962.4302	4449.4779	2997.8611
488	45326.8214	-13990.3029	4449.4779	2997.8611
489	45422.8585	-14018.1756	4449.4779	2997.8611
490	45518.8955	-14046.0484	4449.4779	2997.8611
491	45614.9325	-14073.9211	4449.4779	2997.8611
492	45710.9696	-14101.7938	4449.4779	2997.8611
493	45807.0066	-14129.6665	4449.4779	2997.8611
494	45903.0436	-14157.5393	4449.4779	2997.8611
495	45999.0806	-14185.4120	4449.4779	2997.8611
496	46095.1177	-14213.2847	4449.4779	2997.8611
497	46191.1547	-14241.1575	4449.4779	2997.8611
498	46287.1917	-14269.0302	4449.4779	2997.8611
499	46383.2288	-14296.9029	4449.4779	2997.8611
500	46479.2658	-14324.7756	4449.4779	2997.8611
501	46575.3028	-14352.6484	4449.4779	2997.8611
502	46671.3398	-14380.5211	4449.4779	2997.8611
503	46767.3769	-14408.3938	4449.4779	2997.8611
504	46863.4139	-14436.2666	4449.4779	2997.8611
505	46959.4509	-14464.1393	4449.4779	2997.8611
506	47055.4880	-14492.0120	4449.4779	2997.8611
507	47151.5250	-14519.8848	4449.4779	2997.8611
508	47247.5620	-14547.7575	4449.4779	2997.8611
509	47343.5990	-14575.6302	4449.4779	2997.8611
510	47439.6361	-14603.5029	4449.4779	2997.8611
511	47535.6731	-14631.3757	4449.4779	2997.8611
512	47631.7101	-14659.2484	4449.4779	2997.8611
513	47727.7472	-14687.1211	4449.4779	2997.8611
514	47823.7842	-14714.9939	4449.4779	2997.8611
515	47919.8212	-14742.8666	4449.4779	2997.8611
516	48015.8583	-14770.7393	4449.4779	2997.8611
517	48111.8953	-14798.6120	4449.4779	2997.8611
518	48207.9323	-14826.4848	4449.4779	2997.8611
519	48303.9693	-14854.3575	4449.4779	2997.8611
520	48400.0064	-14882.2302	4449.4779	2997.8611
521	48496.0434	-14910.1030	4449.4779	2997.8611
522	48592.0804	-14937.9757	4449.4779	2997.8611
523	48688.1175	-14965.8484	4449.4779	2997.8611
524	48784.1545	-14993.7212	4449.4779	2997.8611
525	48880.1915	-15021.5939	4449.4779	2997.8611
526	48976.2285	-15049.4666	4449.4779	2997.8611
527	49072.2656	-15077.3393	4449.4779	2997.8611
528	49168.3026	-15105.2121	4449.4779	2997.8611
529	49264.3396	-15133.0848	4449.4779	2997.8611
530	49360.3767	-15160.9575	4449.4779	2997.8611
531	49456.4137	-15188.8303	4449.4779	2997.8611
532	49552.4507	-15216.7030	4449.4779	2997.8611
533	49648.4877	-15244.5757	4449.4779	2997.8611
534	49744.5248	-15272.4484	4449.4779	2997.8611
535	49840.5618	-15300.3212	4449.4779	2997.8611
536	49936.5988	-15328.1939	4449.4779	2997.8611
537	50032.6359	-15356.0666	4449.4779	2997.8611
538	50128.6729	-15383.9394	4449.4779	2997.8611
539	50224.7099	-15411.8121	4449.4779	2997.8611
540	50320.7469	-15439.6848	4449.4779	2997.8611
541	50416.7840	-15467.5576	4449.4779	2997.8611
542	50512.8210	-15495.4303	4449.4779	2997.8611
543	50608.8580	-15523.3030	4449.4779	2997.8611
544	50704.8951	-15551.1757	4449.4779	2997.8611
545	50800.9321	-15579.0485	4449.4779	2997.8611
546	50896.9691	-15606.9212	4449.4779	2997.8611
547	50993.0062	-15634.7939	4449.4779	2997.8611
548	51089.0432	-15662.6667	4449.4779	2997.8611
549	51185.0802	-15690.5394	4449.4779	2997.8611
550	51281.1172	-15718.4121	4449.4779	2997.8611
551	51377.1543	-15746.2848	4449.4779	2997.8611
552	51473.1913	-15774.1576	4449.4779	2997.8611
553	51569.2283	-15802.0303	4449.4779	2997.8611
554	51665.2654	-15829.9030	4449.4779	2997.8611
555	51761.3024	-15857.7758	4449.4779	2997.8611
556	51857.3394	-15885.6485	4449.4779	2997.8611
557	51953.3764	-15913.5212	4449.4779	2997.8611
558	52049.4135	-15941.3940	4449.4779	2997.8611
559	52145.4505	-15969.2667	4449.4779	2997.8611
560	52241.4875	-15997.1394	4449.4779	2997.8611
561	52337.5246	-16025.0121	4449.4779	2997.8611
562	52433.5616	-16052.8849	4449.4779	2997.8611
563	52529.5986	-16080.7576	4449.4779	2997.8611
564	52625.6356	-16108.6303	4449.4779	2997.8611
565	52721.6727	-16136.5031	4449.4779	2997.8611
566	52817.7097	-16164.3758	4449.4779	2997.8611
567	52913.7467	-16192.2485	4449.4779	2997.8611
568	53009.7838	-16220.1212	4449.4779	2997.8611
569	53105.8208	-16247.9940	4449.4779	2997.8611
570	53201.8578	-16275.8667	4449.4779	2997.8611
571	53297.8948	-16303.7394	4449.4779	2997.8611
572	53393.9319	-16331.6122	4449.4779	2997.8611
573	53489.9689	-16359.4849	4449.4779	2997.8611
574	53586.0059	-16387.3576	4449.4779	2997.8611
575	53682.0430	-16415.2304	4449.4779	2997.8611
576	53778.0800	-16443.1031	4449.4779	2997.8611
577	53874.1170	-16470.9758	4449.4779	2997.8611
578	53970.1541	-16498.8485	4449.4779	2997.8611
579	54066.1911	-16526.7213	4449.4779	2997.8611
580	54162.2281	-16554.5940	4449.4779	2997.8611
581	54258.2651	-16582.4667	4449.4779	2997.8611
582	54354.3022	-16610.3395	4449.4779	2997.8611
583	54450.3392	-16638.2122	4449.4779	2997.8611
584	54546.3762	-16666.0849	4449.4779	2997.8611
585	54642.4133	-16693.9576	4449.4779	2997.8611
586	54738.4503	-16721.8304	4449.4779	2997.8611
587	54834.4873	-16749.7031	4449.4779	2997.8611
588	54930.5243	-16777.5758	4449.4779	2997.8611
589	55026.5614	-16805.4486	4449.4779	2997.8611
590	55122.5984	-16833.3213	4449.4779	2997.8611
591	55218.6354	-16861.1940	4449.4779	2997.8611
592	55314.6725	-16889.0668	4449.4779	2997.8611
593	55410.7095	-16916.9395	4449.4779	2997.8611
594	55506.7465	-16944.8122	4449.4779	2997.8611
595	55602.7835	-16972.6849	4449.4779	2997.8611
596	55698.8206	-17000.5577	4449.4779	2997.8611
597	55794.8576	-17028.4304	4449.4779	2997.8611
598	55890.8946	-17056.3031	4449.4779	2997.8611
599	55986.9317	-17084.1759	4449.4779	2997.8611
600	56082.9687	-17112.0486	4449.4779	2997.8611
601	56179.0057	-17139.9213	4449.4779	2997.8611
602	56275.0428	-17167.7940	4449.4779	2997.8611
603	56371.0798	-17195.6668	4449.4779	2997.8611
604	56467.1168	-17223.5395	4449.4779	2997.8611
605	56563.1538	-17251.4122	4449.4779	2997.8611
606	56659.1909	-17279.2850	4449.4779	2997.8611
607	56755.2279	-17307.1577	4449.4779	2997.8611
608	56851.2649	-17335.0304	4449.4779	2997.8611
609	56947.3020	-17362.9032	4449.4779	2997.8611
610	57043.3390	-17390.7759	4449.4779	2997.8611
611	57139.3760	-17418.6486	4449.4779	2997.8611
612	57235.4130	-17446.5213	4449.4779	2997.8611
613	57331.4501	-17474.3941	4449.4779	2997.8611
614	57427.4871	-17502.2668	4449.4779	2997.8611
615	57523.5241	-17530.1395	4449.4779	2997.8611
616	57619.5612	-17558.0123	4449.4779	2997.8611
617	57715.5982	-17585.8850	4449.4779	2997.8611
618	57811.6352	-17613.7577	4449.4779	2997.8611
619	57907.6722	-17641.6304	4449.4779	2997.8611
620	58003.7093	-17669.5032	4449.4779	2997.8611
621	58099.7463	-17697.3759	4449.4779	2997.8611
622	58195.7833	-17725.2486	4449.4779	2997.8611
623	58291.8204	-17753.1214	4449.4779	2997.8611
624	58387.8574	-17780.9941	4449.4779	2997.8611
625	58483.8944	-17808.8668	4449.4779	2997.8611
626	58579.9314	-17836.7396	4449.4779	2997.8611
627	58675.9685	-17864.6123	4449.4779	2997.8611
628	58772.0055	-17892.4850	4449.4779	2997.8611
629	58868.0425	-17920.3577	4449.4779	2997.8611
630	58964.0796	-17948.2305	4449.4779	2997.8611
631	59060.1166	-17976.1032	4449.4779	2997.8611
632	59156.1536	-18003.9759	4449.4779	2997.8611
633	59252.1907	-18031.8487	4449.4779	2997.8611
634	59348.2277	-18059.7214	4449.4779	2997.8611
635	59444.2647	-18087.5941	4449.4779	2997.8611
636	59540.3017	-18115.4668	4449.4779	2997.8611
637	59636.3388	-18143.3396	4449.4779	2997.8611
638	59732.3758	-18171.2123	4449.4779	2997.8611
639	59828.4128	-18199.0850	4449.4779	2997.8611
640	59924.4499	-18226.9578	4449.4779	2997.8611
641	60020.4869	-18254.8305	4449.4779	2997.8611
642	60116.5239	-18282.7032	4449.4779	2997.8611
643	60212.5609	-18310.5760	4449.4779	2997.8611
644	60308.5980	-18338.4487	4449.4779	2997.8611
645	60404.6350	-18366.3214	4449.4779	2997.8611
646	60500.6720	-18394.1941	4449.4779	2997.8611
647	60596.7091	-18422.0669	4449.4779	2997.8611
648	60692.7461	-18449.9396	4449.4779	2997.8611
649	60788.7831	-18477.8123	4449.4779	2997.8611
650	60884.8201	-18505.6851	4449.4779	2997.8611
651	60980.8572	-18533.5578	4449.4779	2997.8611
652	61076.8942	-18561.4305	4449.4779	2997.8611
653	61172.9312	-18589.3033	4449.4779	2997.8611
654	61268.9683	-18617.1760	4449.4779	2997.8611
655	61365.0053	-18645.0487	4449.4779	2997.8611
656	61461.0423	-18672.9214	4449.4779	2997.8611
657	61557.0793	-18700.7942	4449.4779	2997.8611
658	61653.1164	-18728.6669	4449.4779	2997.8611
659	61749.1534	-18756.5396	4449.4779	2997.8611
660	61845.1904	-18784.4124	4449.4779	2997.8611
661	61941.2275	-18812.2851	4449.4779	2997.8611
662	62037.2645	-18840.1578	4449.4779	2997.8611
663	62133.3015	-18868.0305	4449.4779	2997.8611
664	62229.3386	-18895.9033	4449.4779	2997.8611
665	62325.3756	-18923.7760	4449.4779	2997.8611
666	62421.4126	-18951.6487	4449.4779	2997.8611
667	62517.4496	-18979.5215	4449.4779	2997.8611
668	62613.4867	-19007.3942	4449.4779	2997.8611
669	62709.5237	-19035.2669	4449.4779	2997.8611
670	62805.5607	-19063.1397	4449.4779	2997.8611
671	62901.5978	-19091.0124	4449.4779	2997.8611
672	62997.6348	-19118.8851	4449.4779	2997.8611
673	63093.6718	-19146.7578	4449.4779	2997.8611
674	63189.7088	-19174.6306	4449.4779	2997.8611
675	63285.7459	-19202.5033	4449.4779	2997.8611
676	63381.7829	-19230.3760	4449.4779	2997.8611
677	63477.8199	-19258.2488	4449.4779	2997.8611
678	63573.8570	-19286.1215	4449.4779	2997.8611
679	63669.8940	-19313.9942	4449.4779	2997.8611
680	63765.9310	-19341.8669	4449.4779	2997.8611
681	63861.9680	-19369.7397	4449.4779	2997.8611
682	63958.0051	-19397.6124	4449.4779	2997.8611
683	64054.0421	-19425.4851	4449.4779	2997.8611
684	64150.0791	-19453.3579	4449.4779	2997.8611
685	64246.1162	-19481.2306	4449.4779	2997.8611
686	64342.1532	-19509.1033	4449.4779	2997.8611
687	64438.1902	-19536.9761	4449.4779	2997.8611
688	64534.2273	-19564.8488	4449.4779	2997.8611
689	64630.2643	-19592.7215	4449.4779	2997.8611
690	64726.3013	-19620.5942	4449.4779	2997.8611
691	64822.3383	-19648.4670	4449.4779	2997.8611
692	64918.3754	-19676.3397	4449.4779	2997.8611
693	65014.4124	-19704.2124	4449.4779	2997.8611
694	65110.4494	-19732.0852	4449.4779	2997.8611
695	65206.4865	-19759.9579	4449.4779	2997.8611
696	65302.5235	-19787.8306	4449.4779	2997.8611
697	65398.5605	-19815.7033	4449.4779	2997.8611
698	65494.5975	-19843.5761	4449.4779	2997.8611
699	65590.6346	-19871.4488	4449.4779	2997.8611
700	65686.6716	-19899.3215	4449.4779	2997.8611
701	65782.7086	-19927.1943	4449.4779	2997.8611
702	65878.7457	-19955.0670	4449.4779	2997.8611
703	65974.7827	-19982.9397	4449.4779	2997.8611
704	66070.8197	-20010.8125	4449.4779	2997.8611
705	66166.8567	-20038.6852	4449.4779	2997.8611
706	66262.8938	-20066.5579	4449.4779	2997.8611
707	66358.9308	-20094.4306	4449.4779	2997.8611
708	66454.9678	-20122.3034	4449.4779	2997.8611
709	66551.0049	-20150.1761	4449.4779	2997.8611
710	66647.0419	-20178.0488	4449.4779	2997.8611
711	66743.0789	-20205.9216	4449.4779	2997.8611
712	66839.1159	-20233.7943	4449.4779	2997.8611
713	66935.1530	-20261.6670	4449.4779	2997.8611
714	67031.1900	-20289.5397	4449.4779	2997.8611
715	67127.2270	-20317.4125	4449.4779	2997.8611
716	67223.2641	-20345.2852	4449.4779	2997.8611
717	67319.3011	-20373.1579	4449.4779	2997.8611
718	67415.3381	-20401.0307	4449.4779	2997.8611
719	67511.3752	-20428.9034	4449.4779	2997.8611
720	67607.4122	-20456.7761	4449.4779	2997.8611
721	67703.4492	-20484.6489	4449.4779	2997.8611
722	67799.4862	-20512.5216	4449.4779	2997.8611
723	67895.5233	-20540.3943	4449.4779	2997.8611
724	67991.5603	-20568.2670	4449.4779	2997.8611
725	68087.5973	-20596.1398	4449.4779	2997.8611
726	68183.6344	-20624.0125	4449.4779	2997.8611
727	68279.6714	-20651.8852	4449.4779	2997.8611
728	68375.7084	-20679.7580	4449.4779	2997.8611
729	68471.7454	-20707.6307	4449.4779	2997.8611
730	68567.7825	-20735.5034	4449.4779	2997.8611
731	68663.8195	-20763.3761	4449.4779	2997.8611
732	68759.8565	-20791.2489	4449.4779	2997.8611
733	68855.8936	-20819.1216	4449.4779	2997.8611
734	68951.9306	-20846.9943	4449.4779	2997.8611
735	69047.9676	-20874.8671	4449.4779	2997.8611
736	69144.0046	-20902.7398	4449.4779	2997.8611
737	69240.0417	-20930.6125	4449.4779	2997.8611
738	69336.0787	-20958.4853	4449.4779	2997.8611
739	69432.1157	-20986.3580	4449.4779	2997.8611
740	69528.1528	-21014.2307	4449.4779	2997.8611
741	69624.1898	-21042.1034	4449.4779	2997.8611
742	69720.2268	-21069.9762	4449.4779	2997.8611
743	69816.2639	-21097.8489	4449.4779	2997.8611
744	69912.3009	-21125.7216	4449.4779	2997.8611
745	70008.3379	-21153.5944	4449.4779	2997.8611
746	70104.3749	-21181.4671	4449.4779	2997.8611
747	70200.4120	-21209.3398	4449.4779	2997.8611
748	70296.4490	-21237.2125	4449.4779	2997.8611
749	70392.4860	-21265.0853	4449.4779	2997.8611
750	70488.5231	-21292.9580	4449.4779	2997.8611
751	70584.5601	-21320.8307	4449.4779	2997.8611
752	70680.5971	-21348.7035	4449.4779	2997.8611
753	70776.6341	-21376.5762	4449.4779	2997.8611
754	70872.6712	-21404.4489	4449.4779	2997.8611
755	70968.7082	-21432.3217	4449.4779	2997.8611
756	71064.7452	-21460.1944	4449.4779	2997.8611
757	71160.7823	-21488.0671	4449.4779	2997.8611
758	71256.8193	-21515.9398	4449.4779	2997.8611
759	71352.8563	-21543.8126	4449.4779	2997.8611
760	71448.8933	-21571.6853	4449.4779	2997.8611
761	71544.9304	-21599.5580	4449.4779	2997.8611
762	71640.9674	-21627.4308	4449.4779	2997.8611
763	71737.0044	-21655.3035	4449.4779	2997.8611
764	71833.0415	-21683.1762	4449.4779	2997.8611
765	71929.0785	-21711.0489	4449.4779	2997.8611
766	72025.1155	-21738.9217	4449.4779	2997.8611
767	72121.1525	-21766.7944	4449.4779	2997.8611
768	72217.1896	-21794.6671	4449.4779	2997.8611
769	72313.2266	-21822.5399	4449.4779	2997.8611
770	72409.2636	-21850.4126	4449.4779	2997.8611
771	72505.3007	-21878.2853	4449.4779	2997.8611
772	72601.3377	-21906.1581	4449.4779	2997.8611
773	72697.3747	-21934.0308	4449.4779	2997.8611
774	72793.4118	-21961.9035	4449.4779	2997.8611
775	72889.4488	-21989.7762	4449.4779	2997.8611
776	72985.4858	-22017.6490	4449.4779	2997.8611
777	73081.5228	-22045.5217	4449.4779	2997.8611
778	73177.5599	-22073.3944	4449.4779	2997.8611
779	73273.5969	-22101.2672	4449.4779	2997.8611
780	73369.6339	-22129.1399	4449.4779	2997.8611
781	73465.6710	-22157.0126	4449.4779	2997.8611
782	73561.7080	-22184.8853	4449.4779	2997.8611
783	73657.7450	-22212.7581	4449.4779	2997.8611
784	73753.7820	-22240.6308	4449.4779	2997.8611
785	73849.8191	-22268.5035	4449.4779	2997.8611
786	73945.8561	-22296.3763	4449.4779	2997.8611
787	74041.8931	-22324.2490	4449.4779	2997.8611
788	74137.9302	-22352.1217	4449.4779	2997.8611
789	74233.9672	-22379.9945	4449.4779	2997.8611
790	74330.0042	-22407.8672	4449.4779	2997.8611
791	74426.0412	-22435.7399	4449.4779	2997.8611
792	74522.0783	-22463.6126	4449.4779	2997.8611
793	74618.1153	-22491.4854	4449.4779	2997.8611
794	74714.1523	-22519.3581	4449.4779	2997.8611
795	74810.1894	-22547.2308	4449.4779	2997.8611
796	74906.2264	-22575.1036	4449.4779	2997.8611
797	75002.2634	-22602.9763	4449.4779	2997.8611
798	75098.3004	-22630.8490	4449.4779	2997.8611
799	75194.3375	-22658.7217	4449.4779	2997.8611
800	75290.3745	-22686.5945	4449.4779	2997.8611
801	75386.4115	-22714.4672	4449.4779	2997.8611
802	75482.4486	-22742.3399	4449.4779	2997.8611
803	75578.4856	-22770.2127	4449.4779	2997.8611
804	75674.5226	-22798.0854	4449.4779	2997.8611
805	75770.5597	-22825.9581	4449.4779	2997.8611
806	75866.5967	-22853.8309	4449.4779	2997.8611
807	75962.6337	-22881.7036	4449.4779	2997.8611
808	76058.6707	-22909.5763	4449.4779	2997.8611
809	76154.7078	-22937.4490	4449.4779	2997.8611
810	76250.7448	-22965.3218	4449.4779	2997.8611
811	76346.7818	-22993.1945	4449.4779	2997.8611
812	76442.8189	-23021.0672	4449.4779	2997.8611
813	76538.8559	-23048.9400	4449.4779	2997.8611
814	76634.8929	-23076.8127	4449.4779	2997.8611
815	76730.9299	-23104.6854	4449.4779	2997.8611
816	76826.9670	-23132.5581	4449.4779	2997.8611
817	76923.0040	-23160.4309	4449.4779	2997.8611
818	77019.0410	-23188.3036	4449.4779	2997.8611
819	77115.0781	-23216.1763	4449.4779	2997.8611
820	77211.1151	-23244.0491	4449.4779	2997.8611
821	77307.1521	-23271.9218	4449.4779	2997.8611
822	77403.1891	-23299.7945	4449.4779	2997.8611
823	77499.2262	-23327.6673	4449.4779	2997.8611
824	77595.2632	-23355.5400	4449.4779	2997.8611
825	77691.3002	-23383.4127	4449.4779	2997.8611
826	77787.3373	-23411.2854	4449.4779	2997.8611
827	77883.3743	-23439.1582	4449.4779	2997.8611
828	77979.4113	-23467.0309	4449.4779	2997.8611
829	78075.4484	-23494.9036	4449.4779	2997.8611
830	78171.4854	-23522.7764	4449.4779	2997.8611
831	78267.5224	-23550.6491	4449.4779	2997.8611
832	78363.5594	-23578.5218	4449.4779	2997.8611
833	78459.5965	-23606.3945	4449.4779	2997.8611
834	78555.6335	-23634.2673	4449.4779	2997.8611
835	78651.6705	-23662.1400	4449.4779	2997.8611
836	78747.7076	-23690.0127	4449.4779	2997.8611
837	78843.7446	-23717.8855	4449.4779	2997.8611
838	78939.7816	-23745.7582	4449.4779	2997.8611
839	79035.8186	-23773.6309	4449.4779	2997.8611
840	79131.8557	-23801.5037	4449.4779	2997.8611
841	79227.8927	-23829.3764	4449.4779	2997.8611
842	79323.9297	-23857.2491	4449.4779	2997.8611
843	79419.9668	-23885.1218	4449.4779	2997.8611
844	79516.0038	-23912.9946	4449.4779	2997.8611
845	79612.0408	-23940.8673	4449.4779	2997.8611
846	79708.0778	-23968.7400	4449.4779	2997.8611
847	79804.1149	-23996.6128	4449.4779	2997.8611
848	79900.1519	-24024.4855	4449.4779	2997.8611
849	79996.1889	-24052.3582	4449.4779	2997.8611
850	80092.2260	-24080.2309	4449.4779	2997.8611
851	80188.2630	-24108.1037	4449.4779	2997.8611
852	80284.3000	-24135.9764	4449.4779	2997.8611
853	80380.3370	-24163.8491	4449.4779	2997.8611
854	80476.3741	-24191.7219	4449.4779	2997.8611
855	80572.4111	-24219.5946	4449.4779	2997.8611
856	80668.4481	-24247.4673	4449.4779	2997.8611
857	80764.4852	-24275.3401	4449.4779	2997.8611
858	80860.5222	-24303.2128	4449.4779	2997.8611
859	80956.5592	-24331.0855	4449.4779	2997.8611
860	81052.5963	-24358.9582	4449.4779	2997.8611
861	81148.6333	-24386.8310	4449.4779	2997.8611
862	81244.6703	-24414.7037	4449.4779	2997.8611
863	81340.7073	-24442.5764	4449.4779	2997.8611
864	81436.7444	-24470.4492	4449.4779	2997.8611
865	81532.7814	-24498.3219	4449.4779	2997.8611
866	81628.8184	-24526.1946	4449.4779	2997.8611
867	81724.8555	-24554.0674	4449.4779	2997.8611
868	81820.8925	-24581.9401	4449.4779	2997.8611
869	81916.9295	-24609.8128	4449.4779	2997.8611
870	82012.9665	-24637.6855	4449.4779	2997.8611
871	82109.0036	-24665.5583	4449.4779	2997.8611
872	82205.0406	-24693.4310	4449.4779	2997.8611
873	82301.0776	-24721.3037	4449.4779	2997.8611
874	82397.1147	-24749.1765	4449.4779	2997.8611
875	82493.1517	-24777.0492	4449.4779	2997.8611
876	82589.1887	-24804.9219	4449.4779	2997.8611
877	82685.2257	-24832.7946	4449.4779	2997.8611
878	82781.2628	-24860.6674	4449.4779	2997.8611
879	82877.2998	-24888.5401	4449.4779	2997.8611
880	82973.3368	-24916.4128	4449.4779	2997.8611
881	83069.3739	-24944.2856	4449.4779	2997.8611
882	83165.4109	-24972.1583	4449.4779	2997.8611
883	83261.4479	-25000.0310	4449.4779	2997.8611
884	83357.4850	-25027.9038	4449.4779	2997.8611
885	83453.5220	-25055.7765	4449.4779	2997.8611
886	83549.5590	-25083.6492	4449.4779	2997.8611
887	83645.5960	-25111.5219	4449.4779	2997.8611
888	83741.6331	-25139.3947	4449.4779	2997.8611
889	83837.6701	-25167.2674	4449.4779	2997.8611
890	83933.7071	-25195.1401	4449.4779	2997.8611
891	84029.7442	-25223.0129	4449.4779	2997.8611
892	84125.7812	-25250.8856	4449.4779	2997.8611
893	84221.8182	-25278.7583	4449.4779	2997.8611
894	84317.8552	-25306.6310	4449.4779	2997.8611
895	84413.8923	-25334.5038	4449.4779	2997.8611
896	84509.9293	-25362.3765	4449.4779	2997.8611
897	84605.9663	-25390.2492	4449.4779	2997.8611
898	84702.0034	-25418.1220	4449.4779	2997.8611
899	84798.0404	-25445.9947	4449.4779	2997.8611
900	84894.0774	-25473.8674	4449.4779	2997.8611
901	84990.1144	-25501.7402	4449.4779	2997.8611
902	85086.1515	-25529.6129	4449.4779	2997.8611
903	85182.1885	-25557.4856	4449.4779	2997.8611
904	85278.2255	-25585.3583	4449.4779	2997.8611
905	85374.2626	-25613.2311	4449.4779	2997.8611
906	85470.2996	-25641.1038	4449.4779	2997.8611
907	85566.3366	-25668.9765	4449.4779	2997.8611
908	85662.3736	-25696.8493	4449.4779	2997.8611
909	85758.4107	-25724.7220	4449.4779	2997.8611
910	85854.4477	-25752.5947	4449.4779	2997.8611
911	85950.4847	-25780.4674	4449.4779	2997.8611
912	86046.5218	-25808.3402	4449.4779	2997.8611
913	86142.5588	-25836.2129	4449.4779	2997.8611
914	86238.5958	-25864.0856	4449.4779	2997.8611
915	86334.6329	-25891.9584	4449.4779	2997.8611
916	86430.6699	-25919.8311	4449.4779	2997.8611
917	86526.7069	-25947.7038	4449.4779	2997.8611
918	86622.7439	-25975.5766	4449.4779	2997.8611
919	86718.7810	-26003.4493	4449.4779	2997.8611
920	86814.8180	-26031.3220	4449.4779	2997.8611
921	86910.8550	-26059.1947	4449.4779	2997.8611
922	87006.8921	-26087.0675	4449.4779	2997.8611
923	87102.9291	-26114.9402	4449.4779	2997.8611
924	87198.9661	-26142.8129	4449.4779	2997.8611
925	87295.0031	-26170.6857	4449.4779	2997.8611
926	87391.0402	-26198.5584	4449.4779	2997.8611
927	87487.0772	-26226.4311	4449.4779	2997.8611
928	87583.1142	-26254.3038	4449.4779	2997.8611
929	87679.1513	-26282.1766	4449.4779	2997.8611
930	87775.1883	-26310.0493	4449.4779	2997.8611
931	87871.2253	-26337.9220	4449.4779	2997.8611
932	87967.2623	-26365.7948	4449.4779	2997.8611
933	88063.2994	-26393.6675	4449.4779	2997.8611
934	88159.3364	-26421.5402	4449.4779	2997.8611
935	88255.3734	-26449.4130	4449.4779	2997.8611
936	88351.4105	-26477.2857	4449.4779	2997.8611
937	88447.4475	-26505.1584	4449.4779	2997.8611
938	88543.4845	-26533.0311	4449.4779	2997.8611
939	88639.5215	-26560.9039	4449.4779	2997.8611
940	88735.5586	-26588.7766	4449.4779	2997.8611
941	88831.5956	-26616.6493	4449.4779	2997.8611
942	88927.6326	-26644.5221	4449.4779	2997.8611
943	89023.6697	-26672.3948	4449.4779	2997.8611
944	89119.7067	-26700.2675	4449.4779	2997.8611
945	89215.7437	-26728.1402	4449.4779	2997.8611
946	89311.7808	-26756.0130	4449.4779	2997.8611
947	89407.8178	-26783.8857	4449.4779	2997.8611
948	89503.8548	-26811.7584	4449.4779	2997.8611
949	89599.8918	-26839.6312	4449.4779	2997.8611
950	89695.9289	-26867.5039	4449.4779	2997.8611
951	89791.9659	-26895.3766	4449.4779	2997.8611
952	89888.0029	-26923.2494	4449.4779	2997.8611
953	89984.0400	-26951.1221	4449.4779	2997.8611
954	90080.0770	-26978.9948	4449.4779	2997.8611
955	90176.1140	-27006.8675	4449.4779	2997.8611
956	90272.1510	-27034.7403	4449.4779	2997.8611
957	90368.1881	-27062.6130	4449.4779	2997.8611
958	90464.2251	-27090.4857	4449.4779	2997.8611
959	90560.2621	-27118.3585	4449.4779	2997.8611
960	90656.2992	-27146.2312	4449.4779	2997.8611
961	90752.3362	-27174.1039	4449.4779	2997.8611
962	90848.3732	-27201.9766	4449.4779	2997.8611
963	90944.4102	-27229.8494	4449.4779	2997.8611
964	91040.4473	-27257.7221	4449.4779	2997.8611
965	91136.4843	-27285.5948	4449.4779	2997.8611
966	91232.5213	-27313.4676	4449.4779	2997.8611
967	91328.5584	-27341.3403	4449.4779	2997.8611
968	91424.5954	-27369.2130	4449.4779	2997.8611
969	91520.6324	-27397.0858	4449.4779	2997.8611
970	91616.6695	-27424.9585	4449.4779	2997.8611
971	91712.7065	-27452.8312	4449.4779	2997.8611
972	91808.7435	-27480.7039	4449.4779	2997.8611
973	91904.7805	-27508.5767	4449.4779	2997.8611
974	92000.8176	-27536.4494	4449.4779	2997.8611
975	92096.8546	-27564.3221	4449.4779	2997.8611
976	92192.8916	-27592.1949	4449.4779	2997.8611
977	92288.9287	-27620.0676	4449.4779	2997.8611
978	92384.9657	-27647.9403	4449.4779	2997.8611
979	92481.0027	-27675.8130	4449.4779	2997.8611
980	92577.0397	-27703.6858	4449.4779	2997.8611
981	92673.0768	-27731.5585	4449.4779	2997.8611
982	92769.1138	-27759.4312	4449.4779	2997.8611
983	92865.1508	-27787.3040	4449.4779	2997.8611
984	92961.1879	-27815.1767	4449.4779	2997.8611
985	93057.2249	-27843.0494	4449.4779	2997.8611
986	93153.2619	-27870.9222	4449.4779	2997.8611
987	93249.2989	-27898.7949	4449.4779	2997.8611
988	93345.3360	-27926.6676	4449.4779	2997.8611
989	93441.3730	-27954.5403	4449.4779	2997.8611
990	93537.4100	-27982.4131	4449.4779	2997.8611
991	93633.4471	-28010.2858	4449.4779	2997.8611
992	93729.4841	-28038.1585	4449.4779	2997.8611
993	93825.5211	-28066.0313	4449.4779	2997.8611
994	93921.5581	-28093.9040	4449.4779	2997.8611
995	94017.5952	-28121.7767	4449.4779	2997.8611
996	94113.6322	-28149.6494	4449.4779	2997.8611
997	94209.6692	-28177.5222	4449.4779	2997.8611
998	94305.7063	-28205.3949	4449.4779	2997.8611
999	94401.7433	-28233.2676	4449.4779	2997.8611
